Time [s],Phi [rad],STIM [ ],Fsee [N],Gamma [ ],Lcerel [ ],q [ ],Lmtc [m],fisomrel [ ]
0.0,2.0,1.0,509.0569317199264,0.011873032982071284,1.4522592388204432,0.04582261736273232,0.297053,0.3477728982830146
0.0005,1.9975,1.0,423.22854549225343,0.017415643963842015,1.4530200265546558,0.08877915015042796,0.296948,0.3455767077181727
0.001,1.995,1.0,401.0701673753143,0.022927165280490987,1.4524093612097222,0.14132626008146773,0.29684299999999997,0.3473398274547549
0.0015,1.9925,1.0,414.68675601722515,0.028407771320732012,1.4509601406678365,0.19918002450821615,0.296738,0.35151451380371534
0.002,1.99,1.0,443.4704432223671,0.03385763549372696,1.4491711349415863,0.2588310986567783,0.296633,0.3566495265793599
0.0025,1.9875,1.0,476.33320679098557,0.03927693023781072,1.4473142755808543,0.31768755341721994,0.296528,0.36195771320655457
0.003,1.985,1.0,510.22920633535426,0.04466582701958215,1.4454603858014112,0.3739772815384913,0.296423,0.3672354741124295
0.0035,1.9825,1.0,544.3379832879201,0.05002449636376069,1.44362586785415,0.42663245439203834,0.29631799999999997,0.3724365094727431
0.004,1.98,1.0,578.3105241866897,0.05535310778309687,1.441815818156315,0.47512697060343095,0.296213,0.377547139116282
0.0045000000000000005,1.9775,1.0,611.8946249431103,0.06065182996099476,1.440032950508155,0.5193134964146788,0.296108,0.38256059460168235
0.005,1.975,1.0,644.8976158449036,0.06592083031278023,1.4382786572016246,0.5592879187422807,0.296003,0.3874739114845053
0.0055,1.9725,1.0,677.1460134940643,0.07116027601977247,1.4365539354629873,0.5952890263154685,0.295898,0.39228527242276146
0.006,1.97,1.0,708.5310133505038,0.0763703325350575,1.434858636074667,0.627628275456071,0.295793,0.396996067064032
0.006500000000000001,1.9675,1.0,738.972469537413,0.08155116456937037,1.4331922231914758,0.6566447254164746,0.295688,0.40160873012253395
0.007,1.965,1.0,768.4125819565268,0.08670293614140401,1.4315539181722687,0.6826770542059151,0.295583,0.4061263256063864
0.0075,1.9625,1.0,796.8250771025556,0.09182581083917117,1.4299425612217007,0.7060473568921803,0.295478,0.4105529147006509
0.008,1.96,1.0,824.2110357952622,0.09691994997565685,1.4283567043712877,0.7270528805655375,0.295373,0.4148932838653355
0.0085,1.9575,1.0,850.581459023358,0.10198551469762096,1.426794906811186,0.7459627728479481,0.295268,0.4191521285715276
0.009000000000000001,1.955,1.0,875.9592459772372,0.10702266514575455,1.4252556898675186,0.7630175798786739,0.295163,0.42333417804623996
0.0095,1.9525,1.0,900.3866883493491,0.11203156269787835,1.4237374091819985,0.7784304026533594,0.295058,0.4274445410067843
0.01,1.95,1.0,923.900247615653,0.1170123642660822,1.4222386481975695,0.7923891195725877,0.294953,0.43148764020500363
0.0105,1.9475,1.0,946.5436914995374,0.12196522676245591,1.4207579903571759,0.8050587258460853,0.294848,0.4354678365771387
0.011,1.945,1.0,968.3675031578762,0.12689030709908927,1.419294019103762,0.8165838380111826,0.294743,0.43938943094328475
0.0115,1.9425,1.0,989.4169056916217,0.13178775967324613,1.4178454904286844,0.827091159579947,0.294638,0.4432562057666207
0.012,1.94,1.0,1009.7610339509949,0.13665774299593844,1.416410880681811,0.836691559560215,0.294533,0.4470726353628781
0.0125,1.9375,1.0,1029.455493760806,0.1415004122305778,1.41498894810677,0.8454822705525459,0.294428,0.4508423882309842
0.013000000000000001,1.935,1.0,1048.5400977869974,0.14631591837844993,1.413578746614788,0.8535486599706337,0.294323,0.4545683046828476
0.0135,1.9325,1.0,1067.0579844032275,0.15110441244084055,1.4121793301170917,0.8609657016893199,0.294218,0.4582531882150048
0.014,1.93,1.0,1085.0553815395617,0.1558660454190355,1.4107897525249078,0.8677993457560805,0.294113,0.4618998061878987
0.0145,1.9275,1.0,1102.5813903768073,0.1606009683143205,1.4094090677494628,0.8741077064993736,0.294008,0.46551089044807326
0.015,1.925,1.0,1119.6877888863987,0.16530933212798127,1.4080363297019836,0.8799420898299763,0.293903,0.469089137893285
0.0155,1.9224999999999999,1.0,1136.4175691407577,0.1699912854416615,1.4066707512801928,0.8853479171783549,0.293798,0.47263679863904196
0.016,1.92,1.0,1152.8180039779186,0.1746469786118997,1.4053115137411556,0.890365441521161,0.293693,0.4761561761124141
0.0165,1.9175,1.0,1168.9222297740187,0.17927655759825672,1.4039580219654881,0.8950304612896172,0.293588,0.47964896839837434
0.017,1.915,1.0,1184.7624762768205,0.1838801677577542,1.4026097129361892,0.8993748414973218,0.293483,0.4831167699280591
0.0175,1.9125,1.0,1200.3722604270731,0.18845795444741387,1.4012660236362582,0.9034269978102087,0.293378,0.48656115521411325
0.018000000000000002,1.91,1.0,1215.7863251765182,0.19301006302425733,1.3999263910486943,0.9072123213485132,0.293273,0.48998367902667994
0.0185,1.9075,1.0,1231.0392541327492,0.19753663608329225,1.3985902701740216,0.9107535475295436,0.293168,0.4933858307480883
0.019,1.905,1.0,1246.1071387478155,0.2020378209317158,1.397257917572863,0.9140712346425242,0.293063,0.49676705014563904
0.0195,1.9025,1.0,1260.9795730604228,0.20651375958634283,1.3959294042543706,0.9171838179305518,0.292958,0.5001272539756989
0.02,1.9,1.0,1275.6538032771598,0.2109645918298488,1.3946046991016932,0.9201078764979933,0.292853,0.503466618134127
0.0205,1.8975,1.0,1290.1272265909108,0.21539045744490917,1.3932837709979804,0.9228583669999854,0.292748,0.5067853171862504
0.021,1.895,1.0,1304.3973885641483,0.21979149621419938,1.3919665888263817,0.925448806977924,0.292643,0.5100835243743949
0.021500000000000002,1.8925,1.0,1318.4619805342588,0.2241678479203949,1.390653121470046,0.9278914350487593,0.292538,0.5133614116253493
0.022,1.89,1.0,1332.3191095561258,0.22851965114053685,1.3893433342666313,0.9301973498657086,0.292433,0.516619158361423
0.0225,1.8875,1.0,1345.9711241654356,0.23284704295416922,1.38803713954455,0.9323766252974948,0.292328,0.5198570737693985
0.023,1.885,1.0,1359.4214981017699,0.2371501655374943,1.386734438037798,0.9344384296004774,0.292223,0.523075492460423
0.0235,1.8825,1.0,1372.6744603200138,0.24142915251845,1.3854351238203757,0.9363911140569463,0.292118,0.5262747618800117
0.024,1.88,1.0,1385.7344776736147,0.24568413752497442,1.3841390909662832,0.9382423028095712,0.29201299999999997,0.5294552257385129
0.0245,1.8775,1.0,1398.6062470835784,0.24991525418500543,1.3828462335495213,0.9399989667494647,0.291908,0.532617224033627
0.025,1.875,1.0,1411.2946879565118,0.2541226361264811,1.38155644564409,0.9416674889140351,0.291803,0.5357610930722212
0.025500000000000002,1.8725,1.0,1423.8049348514419,0.25830641697733936,1.38026962132399,0.9432537224721896,0.291698,0.5388871654914198
0.026000000000000002,1.8699999999999999,1.0,1436.142330395073,0.26246673036551826,1.3789856546632218,0.9447630422262369,0.291593,0.5419957702789835
0.0265,1.8675,1.0,1448.3023002094178,0.26660367448626926,1.377704565994644,0.9462003933170176,0.29148799999999997,0.54508692865688
0.027,1.865,1.0,1460.3048756259602,0.2707174268057906,1.3764260702158484,0.9475703200729321,0.291383,0.5481613956053992
0.0275,1.8625,1.0,1472.156356588415,0.2748081216026238,1.3751500574490818,0.9488770175876788,0.291278,0.5512194974360671
0.028,1.8599999999999999,1.0,1483.8600697156878,0.278875882893929,1.373876456758068,0.9501243595414942,0.291173,0.5542614639095427
0.0285,1.8575,1.0,1495.4194720440078,0.28292083469686624,1.3726051972065303,0.9513159262471703,0.291068,0.5572875223682483
0.029,1.855,1.0,1506.838147289517,0.28694310102859566,1.371336207858192,0.9524550307972124,0.29096299999999997,0.5602978977471224
0.029500000000000002,1.8525,1.0,1518.1198022218257,0.2909428059062774,1.3700694177767767,0.9535447425526813,0.290858,0.5632928125840482
0.03,1.85,1.0,1529.268263149153,0.2949200733470715,1.368804756026008,0.954587908275098,0.290753,0.5662724870299642
0.0305,1.8475,1.0,1540.2874725155239,0.2988750273681382,1.367542151669609,0.9555871711653513,0.290648,0.569237138858655
0.031,1.845,1.0,1551.1814856088226,0.3028077919866376,1.3662815337713032,0.9565449880411231,0.290543,0.572186983476217
0.0315,1.8425,1.0,1561.9544673810244,0.3067184912197297,1.365022831394814,0.9574636448562373,0.290438,0.5751222339302078
0.032,1.8399999999999999,1.0,1572.6106893797983,0.3106072490845748,1.363765973603865,0.958345270740925,0.290333,0.5780431009184701
0.0325,1.8375,1.0,1583.1545267911802,0.31447418959833284,1.3625108894621796,0.9591918507207501,0.290228,0.5809497927976385
0.033,1.835,1.0,1593.5904555949771,0.31831943677816404,1.361257508033481,0.9600052372534379,0.290123,0.5838425155913247
0.0335,1.8325,1.0,1603.9230498302718,0.32214311464122847,1.3600057583814928,0.960787160706697,0.290018,0.586721472997979
0.034,1.83,1.0,1614.1569789738126,0.3259453472046863,1.3587555695699383,0.9615392388860026,0.289913,0.5895868663984349
0.0345,1.8275,1.0,1624.295527029076,0.32972625110836756,1.3575068880824834,0.9622629857231666,0.289808,0.5924388551453401
0.035,1.825,1.0,1634.3388467174573,0.3334859351652212,1.356259698033905,0.96295982104435,0.289703,0.5952775113418075
0.035500000000000004,1.8225,1.0,1644.2943087267383,0.3372245452394999,1.3550138993780303,0.9636310759779451,0.289598,0.5981030970931307
0.036000000000000004,1.8199999999999998,1.0,1654.1636262976301,0.34094219492759364,1.3537694594931,0.9642779986489409,0.289493,0.6009157191644129
0.0365,1.8175,1.0,1663.948558538599,0.344638997825892,1.3525263457573549,0.964901761061548,0.289388,0.6037154832492535
0.037,1.815,1.0,1673.650909454978,0.348315067530785,1.3512845255490353,0.9655034646117536,0.289283,0.6065024939725419
0.0375,1.8125,1.0,1683.272527001288,0.3519705176386623,1.3500439662463821,0.9660841451405556,0.289178,0.6092768548931815
0.038,1.81,1.0,1692.8153021578698,0.3556054617459136,1.348804635227636,0.966644777570924,0.289073,0.6120386685067469
0.0385,1.8074999999999999,1.0,1702.2811680303435,0.3592200134489289,1.3475664998710373,0.9671862801670839,0.288968,0.6147880362480749
0.039,1.805,1.0,1711.672098973251,0.36281428634409785,1.3463295275548266,0.9677095184507515,0.288863,0.6175250584937839
0.0395,1.8025,1.0,1720.9901097370368,0.3663883940278102,1.3450936856572449,0.96821530880544,0.288758,0.620249834564728
0.04,1.8,1.0,1730.2372546384424,0.3699424500964559,1.3438589415565325,0.9687044217968286,0.288653,0.6229624627283838
0.0405,1.7974999999999999,1.0,1739.4156267549595,0.37347656814642455,1.3426252626309303,0.9691775852343985,0.28854799999999997,0.6256630402011673
0.041,1.795,1.0,1748.5273571425694,0.37699086177410607,1.3413926162586787,0.9696354869970718,0.288443,0.6283516631506842
0.0415,1.7925,1.0,1757.574614076891,0.3804854445758902,1.3401609698180186,0.9700787776433647,0.288338,0.6310284266979116
0.042,1.79,1.0,1766.558266925891,0.3839604155271098,1.3389303057752127,0.9705080717822231,0.288233,0.6336933923058701
0.0425,1.7874999999999999,1.0,1775.4788080647984,0.38741587701677566,1.33770061109661,0.9709239523132353,0.288128,0.636346611176582
0.043000000000000003,1.785,1.0,1784.3406577131884,0.39085197568321267,1.3364718287929211,0.9713269746681382,0.288023,0.6389882284079949
0.043500000000000004,1.7825,1.0,1793.1445697578908,0.39426881504618694,1.3352439436210446,0.9717176622755906,0.287918,0.6416182980402101
0.044,1.78,1.0,1801.8913168636604,0.39766649862546444,1.3340169403378794,0.9720965117192416,0.287813,0.6442368736202855
0.0445,1.7774999999999999,1.0,1810.5816901725568,0.4010451299408114,1.3327908037003249,0.9724639943813945,0.28770799999999996,0.646844008203099
0.045,1.775,1.0,1819.216499008795,0.4044048125119937,1.3315655184652797,0.9728205579703347,0.287603,0.649439754352201
0.0455,1.7725,1.0,1827.7965705877866,0.40774564985877754,1.330341069389643,0.9731666279406203,0.287498,0.6520241641406477
0.046,1.77,1.0,1836.3227497316423,0.4110677455009288,1.329117441230314,0.9735026088148218,0.287393,0.6545972891518204
0.0465,1.7675,1.0,1844.7958985886999,0.41437120295821367,1.3278946187441913,0.9738288854144405,0.287288,0.6571591804802341
0.047,1.765,1.0,1853.2168963588786,0.4176561257503981,1.3266725866881743,0.9741458240070642,0.28718299999999997,0.6597098887323254
0.0475,1.7625,1.0,1861.5866390239653,0.42092261739724823,1.325451329819162,0.9744537733762083,0.287078,0.6622494640272293
0.048,1.76,1.0,1869.9060390828672,0.42417078141853004,1.3242308328940533,0.9747530658197376,0.286973,0.6647779559975397
0.0485,1.7574999999999998,1.0,1878.1760252925544,0.4274007213340096,1.323011080669747,0.9750440180822687,0.286868,0.667295413790058
0.049,1.755,1.0,1886.3975424132332,0.43061254066345295,1.3217920579031428,0.9753269322264897,0.286763,0.6698018860665191
0.0495,1.7525,1.0,1894.5715509599752,0.4338063429266262,1.320573749351139,0.9756020964479309,0.28665799999999997,0.672297421004315
0.05,1.75,1.0,1902.6990269582473,0.43698223164329536,1.3193561397706348,0.9758697858373442,0.286553,0.67478206629719
0.0505,1.7475,1.0,1910.7809617050802,0.4401403103332264,1.3181392139185295,0.9761302630945041,0.286448,0.6772558691559315
0.051000000000000004,1.7449999999999999,1.0,1918.8165209794684,0.4432806378446117,1.3169229765052486,0.9763837757885266,0.286343,0.6797188359791252
0.051500000000000004,1.7425,1.0,1926.8076094311987,0.4464033552970062,1.3157074026051918,0.976630567247523,0.286238,0.6821710329728423
0.052000000000000005,1.74,1.0,1934.7553962165962,0.4495085787224218,1.3144924754723142,0.9768708680215246,0.28613299999999997,0.6846125091559179
0.0525,1.7375,1.0,1942.6601992765004,0.4525964010789725,1.3132781876997663,0.977104896907665,0.286028,0.6870432943608098
0.053,1.7349999999999999,1.0,1950.522344891831,0.45566691532477227,1.3120645318806987,0.9773328633201779,0.285923,0.6894634181826542
0.0535,1.7325,1.0,1958.3421675798636,0.45872021441793515,1.310851500608262,0.977554967773056,0.285818,0.6918729099795655
0.054,1.73,1.0,1966.1200099904768,0.4617563913165751,1.3096390864756065,0.9777714023339041,0.285713,0.6942717988729334
0.0545,1.7275,1.0,1973.856222804555,0.46477553897880614,1.3084272820758827,0.9779823510509358,0.285608,0.6966601137477166
0.055,1.7249999999999999,1.0,1981.5511646332525,0.4677777503627423,1.3072160800022408,0.9781879903549178,0.285503,0.6990378832527322
0.0555,1.7225,1.0,1989.2052019180787,0.47076311842649743,1.3060054728478316,0.9783884894377307,0.285398,0.7014051358009407
0.056,1.72,1.0,1996.8187088331222,0.4737317361281857,1.3047954532058057,0.978584010609088,0.285293,0.7037618995697306
0.0565,1.7174999999999998,1.0,2004.3920671875978,0.47668369642592107,1.3035860136693131,0.9787747096328445,0.285188,0.7061082025011978
0.057,1.7149999999999999,1.0,2011.9256663300562,0.47961909227781746,1.3023771468315046,0.9789607360442227,0.285083,0.7084440723024192
0.0575,1.7125,1.0,2019.419903053923,0.4825380166419889,1.3011688452855306,0.9791422334491824,0.284978,0.7107695364457276
0.058,1.71,1.0,2026.8751815036098,0.4854405624765495,1.2999611016245416,0.9793193398070774,0.284873,0.7130846221689777
0.0585,1.7075,1.0,2034.2919130828777,0.48832682273961303,1.298753908441688,0.9794921876976593,0.284768,0.7153893564758149
0.059000000000000004,1.7049999999999998,1.0,2041.6705163632676,0.4911968903892937,1.2975472583301202,0.9796609045734134,0.284663,0.7176837661359334
0.059500000000000004,1.7025,1.0,2049.0114169946737,0.4940508583837054,1.2963411438829888,0.9798256129981393,0.284558,0.7199678776853371
0.06,1.7,1.0,2056.3150476167707,0.4968888196809621,1.295135557693444,0.9799864308726334,0.284453,0.7222417174265937
0.0605,1.6975,1.0,2063.581847771226,0.4997108672391779,1.2939304923546369,0.9801434716482602,0.284348,0.724505311429084
0.061,1.6949999999999998,1.0,2070.811564336586,0.5025170567526681,1.2927259477592006,0.9802968420560424,0.284243,0.7267586719020338
0.0615,1.6925,1.0,2078.004621351627,0.5053074945914454,1.291521916764981,0.9804466483747303,0.284138,0.7290018241252281
0.062,1.69,1.0,2085.1618513929516,0.5080823041609845,1.290318388049007,0.9805929940075829,0.284033,0.7312348008948539
0.0625,1.6875,1.0,2092.2833950354907,0.510841568054764,1.2891153575679555,0.9807359759082619,0.283928,0.7334576212319938
0.063,1.685,1.0,2099.3693971675616,0.5135853688662618,1.2879128212785036,0.9808756875262927,0.283823,0.7356703040288662
0.0635,1.6824999999999999,1.0,2106.4200069469302,0.5163137891889564,1.2867107751373281,0.981012218959609,0.283718,0.7378728680489556
0.064,1.68,1.0,2113.4353777558854,0.519026911616326,1.2855092151011065,0.9811456570993752,0.283613,0.7400653319271369
0.0645,1.6775,1.0,2120.4156671583983,0.5217248187418486,1.2843081371265153,0.981276085767529,0.283508,0.7422477141698043
0.065,1.6749999999999998,1.0,2127.3610368559234,0.5244075931590028,1.283107537170232,0.9814035858474652,0.28340299999999996,0.7444200331549926
0.0655,1.6724999999999999,1.0,2134.271652644996,0.5270753174612665,1.2819074111889333,0.9815282354082466,0.283298,0.7465823071325055
0.066,1.67,1.0,2141.1476843740134,0.5297280742421182,1.2807077551392965,0.9816501098227074,0.28319300000000003,0.7487345542240331
0.0665,1.6675,1.0,2147.9893059012725,0.532365946095036,1.2795085649779985,0.9817692818797924,0.283088,0.7508767924232781
0.067,1.665,1.0,2154.796695052993,0.5349890156134982,1.278309836661716,0.9818858218914496,0.282983,0.7530090395960745
0.0675,1.6624999999999999,1.0,2161.5700335816787,0.5375973653909829,1.2771115661471268,0.9819997977943825,0.28287799999999996,0.7551313134805056
0.068,1.66,1.0,2168.309507124864,0.5401910780209687,1.2759137493909072,0.9821112752469348,0.282773,0.757243631687027
0.0685,1.6575,1.0,2175.015305164197,0.5427702360969334,1.2747163823497347,0.9822203177213815,0.282668,0.759346011698579
0.069,1.6549999999999998,1.0,2181.687620985207,0.5453349222123555,1.2735194609802862,0.9823269865918699,0.282563,0.7614384708707069
0.0695,1.6524999999999999,1.0,2188.3266516368167,0.5478852189607132,1.2723229812392387,0.9824313412182442,0.282458,0.763521026431675
0.07,1.65,1.0,2194.9325978918655,0.5504212089354846,1.2711269390832691,0.9825334390259742,0.28235299999999997,0.7655936954825806
0.07050000000000001,1.6475,1.0,2201.5056642076133,0.5529429747301482,1.269931330469055,0.9826333355823959,0.282248,0.7676564949974677
0.07100000000000001,1.645,1.0,2208.0460586864842,0.555450598938182,1.2687361513532727,0.9827310846694546,0.282143,0.7697094418234405
0.07150000000000001,1.6424999999999998,1.0,2214.5539930377395,0.5579441641530644,1.2675413976925995,0.9828267383531353,0.282038,0.7717525526807727
0.07200000000000001,1.64,1.0,2221.029012656309,0.5604236894002803,1.2663470721937924,0.982920343567209,0.281933,0.7737858326970496
0.0725,1.6375,1.0,2227.4718862832765,0.5628893264388881,1.2651531652508314,0.9830119530795901,0.28182799999999997,0.7758093079000806
0.073,1.635,1.0,2233.882740294495,0.5653411542469554,1.2639596737792678,0.9831016140139237,0.281723,0.7778229930431841
0.0735,1.6324999999999998,1.0,2240.261645987246,0.5677792457719973,1.2627665952765326,0.9831893717102442,0.281618,0.7798269018073308
0.074,1.63,1.0,2246.6086772193476,0.5702036739615292,1.261573927240057,0.9832752701155643,0.281513,0.7818210477940477
0.0745,1.6275,1.0,2252.923910386011,0.5726145117630659,1.2603816671672723,0.9833593518356143,0.281408,0.7838054445254842
0.075,1.625,1.0,2259.207424397497,0.5750118321241227,1.2591898125556096,0.9834416581843487,0.28130299999999997,0.785780105444477
0.0755,1.6225,1.0,2265.4593006563655,0.5773957079922145,1.2579983609025,0.9835222292313235,0.281198,0.7877450439146152
0.076,1.6199999999999999,1.0,2271.6796230348123,0.5797662123148568,1.256807309705375,0.983601103847055,0.281093,0.7897002732203051
0.0765,1.6175,1.0,2277.868477852975,0.5821234180395646,1.2556166564616653,0.9836783197464521,0.280988,0.7916458065668335
0.077,1.615,1.0,2284.025953856067,0.584467398113853,1.2544263986688022,0.9837539135304216,0.280883,0.7935816570804327
0.0775,1.6124999999999998,1.0,2290.1521421929647,0.5867982254852371,1.2532365338242173,0.983827920725728,0.28077799999999997,0.795507837808342
0.078,1.6099999999999999,1.0,2296.2471363940335,0.589115973101232,1.2520470594253414,0.9839003758231968,0.280673,0.7974243617188725
0.0785,1.6075,1.0,2302.3110323493966,0.591420713909353,1.2508579729696057,0.983971312314338,0.280568,0.7993312417014687
0.079,1.605,1.0,2308.34392828755,0.5937125208571151,1.2496692719544416,0.9840407627264627,0.280463,0.8012284905667701
0.0795,1.6025,1.0,2314.345924753514,0.5959914668920335,1.2484809538772799,0.9841087586563656,0.280358,0.8031161210466745
0.08,1.5999999999999999,1.0,2320.3171245879394,0.5982576249616234,1.2472930162355522,0.984175330802641,0.280253,0.804994145794397
0.0805,1.5975,1.0,2326.2576329058084,0.6005110680133997,1.2461054565266894,0.9842405089966925,0.280148,0.8068625773845339
0.081,1.595,1.0,2332.1675570750926,0.6027518689948778,1.244918272248123,0.9843043222325013,0.280043,0.8087214283131198
0.0815,1.5924999999999998,1.0,2338.0470066963694,0.6049801008535726,1.2437314608972836,0.9843667986952048,0.279938,0.8105707109976911
0.082,1.5899999999999999,1.0,2343.8960935815103,0.6071958365369995,1.2425450199716028,0.984427965788544,0.279833,0.8124104377773431
0.0825,1.5875,1.0,2349.7149317335475,0.6093991489926733,1.2413589469685118,0.9844878501612294,0.279728,0.8142406209127906
0.083,1.585,1.0,2355.5034285666534,0.6115900786963278,1.240173241428079,0.98454647620975,0.279623,0.8160612694576839
0.0835,1.5825,1.0,2361.2617048421375,0.6137687083797845,1.2389879008164348,0.9846038696617738,0.279518,0.8178723956101847
0.084,1.5799999999999998,1.0,2366.990012983914,0.6159351379761191,1.2378029213356043,0.9846600563349744,0.279413,0.8196740134064171
0.0845,1.5775,1.0,2372.6883935633105,0.6180894317918995,1.236618301279884,0.9847150597101764,0.279308,0.821466133607851
0.085,1.575,1.0,2378.3568888546047,0.6202316541336933,1.2354340389435698,0.9847689026418472,0.279203,0.8232487669219313
0.0855,1.5724999999999998,1.0,2383.995542821436,0.6223618693080684,1.2342501326209587,0.9848216073783483,0.27909799999999996,0.8250219240021149
0.08600000000000001,1.5699999999999998,1.0,2389.6044011033086,0.6244801416215926,1.2330665806063466,0.9848731955814232,0.278993,0.8267856154479125
0.08650000000000001,1.5675,1.0,2395.1835110019756,0.6265865353808338,1.23188338119403,0.9849236883449594,0.278888,0.8285398518049241
0.08700000000000001,1.565,1.0,2400.732921468287,0.6286811148923594,1.2307005326783051,0.984973106213055,0.278783,0.8302846435648796
0.08750000000000001,1.5625,1.0,2406.2526830888555,0.6307639444627378,1.2295180333534685,0.9850214691974152,0.278678,0.8320200011656764
0.088,1.56,1.0,2411.742848072915,0.6328350883985362,1.2283358815138166,0.9850687967941133,0.278573,0.8337459349914169
0.0885,1.5574999999999999,1.0,2417.203470238741,0.6348946110063227,1.2271540754536454,0.9851151079997381,0.278468,0.8354624553724476
0.089,1.555,1.0,2422.634605001101,0.6369425765926651,1.2259726134672515,0.9851604213269551,0.278363,0.8371695725853958
0.0895,1.5525,1.0,2428.036309357683,0.6389790494641311,1.2247914938489313,0.9852047548195066,0.278258,0.8388672968532076
0.09,1.5499999999999998,1.0,2433.4086418765182,0.6410040939272885,1.2236107148929811,0.9852481260666733,0.278153,0.8405556383451847
0.0905,1.5474999999999999,1.0,2438.75166268288,0.6430177742887052,1.2224302748936973,0.9852905522172181,0.27804799999999996,0.8422346071770226
0.091,1.545,1.0,2444.0654334465567,0.6450201548549488,1.221250172145376,0.985332049992836,0.277943,0.8439042134108468
0.0915,1.5425,1.0,2449.3500173687858,0.6470112999325872,1.220070404942314,0.9853726357011291,0.27783800000000003,0.8455644670552487
0.092,1.54,1.0,2454.6054791697807,0.6489912738281882,1.218890971578807,0.9854123252481244,0.277733,0.847215378065325
0.0925,1.5374999999999999,1.0,2459.8318850760734,0.6509601408483197,1.217711870349152,0.9854511341503561,0.277628,0.8488569563427104
0.093,1.535,1.0,2465.029302807828,0.6529179652995492,1.216533099547645,0.9854890775465257,0.27752299999999996,0.8504892117356174
0.0935,1.5325,1.0,2470.197801566407,0.6548648114884447,1.2153546574685827,0.9855261702087613,0.277418,0.8521121540388693
0.094,1.5299999999999998,1.0,2475.337426572774,0.6568007381270484,1.214176542649167,0.9855624263218474,0.277313,0.8537257926621478
0.0945,1.5274999999999999,1.0,2480.4480424261337,0.6587257682879363,1.2129987553617227,0.9855978582704514,0.277208,0.8553301346121077
0.095,1.525,1.0,2485.529940850726,0.6606400200483364,1.2118212918157556,0.9856324820341387,0.277103,0.8569251923900016
0.0955,1.5225,1.0,2490.583147815729,0.6625435500974266,1.210644150771774,0.9856663107136383,0.27699799999999997,0.8585109749542033
0.096,1.52,1.0,2495.6076905127698,0.6644364151243848,1.2094673309902866,0.9856993571005864,0.276893,0.8600874912238703
0.0965,1.5174999999999998,1.0,2500.6035973468565,0.6663186718183889,1.208290831231801,0.9857316336863647,0.276788,0.8616547500789713
0.097,1.515,1.0,2505.5708979279766,0.6681903768686167,1.2071146502568262,0.9857631526706501,0.276683,0.8632127603603079
0.0975,1.5125,1.0,2510.5096230619088,0.6700515869642462,1.20593878682587,0.985793925969681,0.276578,0.8647615308695437
0.098,1.5099999999999998,1.0,2515.419804741763,0.671902358794455,1.204763239699441,0.9858239652242542,0.27647299999999997,0.866301070369226
0.0985,1.5074999999999998,1.0,2520.301476139273,0.6737427490484214,1.2035880076380474,0.9858532818074611,0.276368,0.8678313875828136
0.099,1.505,1.0,2525.154671595801,0.6755728144153229,1.2024130894021974,0.9858818868321747,0.276263,0.8693524911947004
0.0995,1.5025,1.0,2529.979426614113,0.6773926115843376,1.2012384837523995,0.9859097911582944,0.276158,0.87086438985024
0.1,1.5,1.0,2534.7757778494174,0.6792021972446433,1.200064189449162,0.9859370053997589,0.276053,0.8723670921557711
0.1005,1.4974999999999998,1.0,2539.5437631011127,0.6810016280854179,1.198890205252993,0.9859635399313359,0.27594799999999997,0.8738606066786425
0.101,1.4949999999999999,1.0,2544.2834213040246,0.6827909607958391,1.197716529924401,0.9859894048951968,0.275843,0.8753449419472368
0.1015,1.4924999999999997,1.0,2548.994792519901,0.684570252065085,1.1965431622238942,0.9860146102072834,0.275738,0.8768201064509948
0.10200000000000001,1.4899999999999998,1.0,2553.67791792913,0.6863395585823335,1.1953701009119808,0.986039165563474,0.275633,0.8782861086404414
0.10250000000000001,1.4874999999999998,1.0,2558.3328398220224,0.6880989370367623,1.1941973447491694,0.9860630804455595,0.275528,0.8797429569272075
0.10300000000000001,1.4849999999999999,1.0,2562.959601590624,0.6898484441175493,1.1930248924959683,0.9860863641270301,0.275423,0.8811906596840557
0.10350000000000001,1.4825,1.0,2567.5582477205417,0.6915881365138725,1.1918527429128853,0.986109025678687,0.275318,0.8826292252449054
0.10400000000000001,1.48,1.0,2572.128823781813,0.6933180709149097,1.1906808947604293,0.9861310739740777,0.275213,0.8840586619048536
0.1045,1.4775,1.0,2576.6713764216547,0.6950383040098387,1.1895093467991085,0.9861525176947689,0.275108,0.8854789779202017
0.105,1.475,1.0,2581.1859533554007,0.6967488924878376,1.1883380977894307,0.9861733653354533,0.275003,0.8868901815084785
0.1055,1.4725,1.0,2585.6724792981254,0.6984498598965236,1.1871671476505066,0.9861936239673776,0.274898,0.8882922794654766
0.106,1.47,1.0,2590.1310739272258,0.7001412873959546,1.185996494488086,0.986213302661827,0.274793,0.8896852807338755
0.1065,1.4674999999999998,1.0,2594.5618180027213,0.7018232425304037,1.1848261367827542,0.9862324097928652,0.274688,0.8910691937562585
0.107,1.4649999999999999,1.0,2598.964730793067,0.7034957752739718,1.1836560735985129,0.9862509529085385,0.27458299999999997,0.8924440262448267
0.1075,1.4625,1.0,2603.3398324854093,0.7051589356007593,1.182486303999364,0.9862689393971317,0.274478,0.8938097858821802
0.108,1.46,1.0,2607.6871441794506,0.7068127734848668,1.1813168270493093,0.9862863764912504,0.274373,0.8951664803213357
0.1085,1.4575,1.0,2612.006687881783,0.708457338900395,1.1801476418123504,0.9863032712717849,0.274268,0.8965141171857433
0.109,1.455,1.0,2616.298486499216,0.7100926818214445,1.1789787473524895,0.9863196306717585,0.274163,0.897852704069304
0.1095,1.4525,1.0,2620.562563833245,0.7117188522221158,1.1778101427337284,0.9863354614800632,0.27405799999999997,0.8991822485363875
0.11,1.4499999999999997,1.0,2624.7989445738363,0.7133359000765097,1.1766418270200687,0.9863507703450922,0.273953,0.9005027581218499
0.1105,1.4474999999999998,1.0,2629.0076542932575,0.7149438753587267,1.1754737992755127,0.9863655637782628,0.273848,0.9018142403310494
0.111,1.4449999999999998,1.0,2633.18871944045,0.7165428280428673,1.1743060585640617,0.986379848157444,0.27374299999999996,0.9031167026398658
0.1115,1.4425,1.0,2637.342167334864,0.7181328081030321,1.1731386039497176,0.9863936297302832,0.273638,0.9044101524947157
0.112,1.44,1.0,2641.46802616026,0.719713865513322,1.1719714344964827,0.9864069146174426,0.27353299999999997,0.9056945973125701
0.1125,1.4375,1.0,2645.56632495942,0.7212860502478372,1.1708045492683583,0.9864197088157411,0.273428,0.9069700444809725
0.113,1.4349999999999998,1.0,2649.637093627471,0.7228494122806786,1.1696379473293466,0.9864320182012116,0.273323,0.9082365013580543
0.1135,1.4324999999999999,1.0,2653.680362906572,0.7244040015859466,1.1684716277434495,0.986443848532071,0.27321799999999996,0.9094939752725529
0.114,1.4299999999999997,1.0,2657.6961643799846,0.725949868137742,1.1673055895746685,0.9864552054516097,0.273113,0.9107424735238284
0.1145,1.4274999999999998,1.0,2661.684530465767,0.7274870619101652,1.1661398318870055,0.9864660944910011,0.273008,0.91198200338188
0.115,1.4249999999999998,1.0,2665.645494411626,0.729015632877317,1.1649743537444626,0.9864765210720327,0.272903,0.9132125720873627
0.1155,1.4224999999999999,1.0,2669.5790902884237,0.7305356310132979,1.1638091542110414,0.9864864905097658,0.272798,0.9144341868516048
0.116,1.42,1.0,2673.485352984907,0.7320471062922085,1.1626442323507438,0.9864960080151198,0.27269299999999996,0.915646854856624
0.1165,1.4175,1.0,2677.364314096019,0.7335501082787041,1.161479587265253,0.9865050786840538,0.272588,0.9168505832163378
0.117,1.4149999999999998,1.0,2681.2159774734787,0.7350446814199074,1.1603152183179715,0.9865137073391853,0.272483,0.9180453787489194
0.11750000000000001,1.4124999999999999,1.0,2685.0403660373845,0.7365308715025788,1.1591511247040338,0.9865218987500443,0.272378,0.9192312484229627
0.11800000000000001,1.4099999999999997,1.0,2688.837503392545,0.7380087251547999,1.1579873056192205,0.9865296576233733,0.272273,0.9204081991810555
0.11850000000000001,1.4074999999999998,1.0,2692.607413894382,0.7394782890046523,1.1568237602593126,0.9865369885748013,0.27216799999999997,0.9215762379404645
0.11900000000000001,1.4049999999999998,1.0,2696.3501226437484,0.7409396096802177,1.1556604878200905,0.9865438961309859,0.272063,0.9227353715931488
0.11950000000000001,1.4024999999999999,1.0,2700.0656538157045,0.7423927333619262,1.1544974875125633,0.9865503847163531,0.271958,0.9238856069907696
0.12,1.4,1.0,2703.7540333924335,0.7438377066004657,1.153334758537916,0.986556458683393,0.271853,0.9250269509697673
0.1205,1.3975,1.0,2707.4152838576492,0.7452745747567879,1.1521723001359165,0.9865621222610853,0.271748,0.9261594103040324
0.121,1.395,1.0,2711.0494278707906,0.7467033830402227,1.1510101115512377,0.986567379592699,0.27164299999999997,0.9272829917387844
0.1215,1.3925,1.0,2714.656488798508,0.7481241766600998,1.149848192028553,0.9865722347428671,0.271538,0.9283977019954525
0.122,1.39,1.0,2718.2364901167257,0.7495370006502158,1.1486865408179388,0.9865766916934254,0.271433,0.9295035477665671
0.1225,1.3875,1.0,2721.7894556045376,0.7509418999781549,1.1475251571730551,0.9865807543490108,0.271328,0.930600535717683
0.123,1.3849999999999998,1.0,2725.3154082582796,0.7523389192282242,1.1463640403609698,0.9865844265280707,0.271223,0.9316886724783559
0.1235,1.3824999999999998,1.0,2728.814369210628,0.7537281022282657,1.1452031896719017,0.9865877119520056,0.27111799999999997,0.932767964633628
0.124,1.38,1.0,2732.286360266517,0.7551094928061215,1.1440426043960694,0.9865906142725581,0.271013,0.9338384187461654
0.1245,1.3775,1.0,2735.7314038987297,0.7564831347896336,1.1428822838236923,0.9865931370733836,0.270908,0.9349000413562687
0.125,1.375,1.0,2739.149521884304,0.7578490716005992,1.141722227257327,0.9865952838579491,0.270803,0.9359528389707351
0.1255,1.3724999999999998,1.0,2742.540737470182,0.759207346983609,1.1405624339921512,0.9865970580756802,0.270698,0.9369968180810018
0.126,1.3699999999999999,1.0,2745.9050709801663,0.7605580035987369,1.1394029033557638,0.9865984630761298,0.270593,0.9380319851274986
0.1265,1.3674999999999997,1.0,2749.2425428237457,0.7619010839345518,1.1382436346807965,0.9865995021412339,0.270488,0.939058346525008
0.127,1.3649999999999998,1.0,2752.5531740465253,0.7632366304796231,1.1370846272998805,0.986600178492458,0.270383,0.9400759086672604
0.1275,1.3624999999999998,1.0,2755.836986275318,0.764564685708545,1.1359258805461112,0.9866004952916669,0.270278,0.9410846779265444
0.128,1.3599999999999999,1.0,2759.0940002292473,0.7658852916611143,1.1347673937664686,0.9866004556284926,0.270173,0.942084660642199
0.1285,1.3575,1.0,2762.3242362187557,0.7671984900699931,1.1336091663172372,0.9866000625259348,0.270068,0.943075863125041
0.129,1.355,1.0,2765.5277144976485,0.7685043224639115,1.132451197560764,0.9865993189450953,0.269963,0.9440582916604574
0.1295,1.3524999999999998,0.0,2768.6953534441177,0.7662934273100601,1.1312935690097428,0.9864773505894281,0.269858,0.9450318837266707
0.13,1.3499999999999999,0.0,2771.7945572538097,0.7619951831353702,1.130136574094008,0.9862805189301418,0.269753,0.9459964033261313
0.1305,1.3474999999999997,0.0,2774.8250158319884,0.7577210485766926,1.128980214546648,0.9860808567078257,0.269648,0.9469518630596321
0.131,1.3449999999999998,0.0,2777.789392626329,0.7534708887811419,1.127824465328697,0.9858783233477526,0.269543,0.9478982973961503
0.1315,1.3424999999999998,0.0,2780.687244422004,0.7492445914996293,1.1266693294548187,0.9856728796993189,0.269438,0.9488357173962583
0.132,1.3399999999999999,0.0,2783.523847036213,0.7450420037997296,1.1255147584789087,0.9854644823731902,0.269333,0.9497641753953483
0.1325,1.3375,0.0,2786.304203328174,0.7408629707834565,1.1243607065294796,0.985253087274315,0.269228,0.9506837202534715
0.133,1.335,0.0,2789.02929804364,0.7367073658205396,1.1232071639749106,0.9850386522754779,0.269123,0.9515943709989142
0.1335,1.3324999999999998,0.0,2791.7001197702075,0.7325750622807088,1.1220541211835808,0.9848211346629894,0.269018,0.9524961463715044
0.134,1.3299999999999998,0.0,2794.3176608291374,0.7284659335336938,1.1209015685238692,0.9846004911277552,0.268913,0.9533890648229214
0.1345,1.3274999999999997,0.0,2796.8829171697553,0.7243798529492242,1.119749496364155,0.9843766777561682,0.268808,0.9542731445170001
0.135,1.3249999999999997,0.0,2799.3968882658532,0.7203166938970299,1.1185978950728175,0.9841496500208103,0.26870299999999997,0.9551484033300286
0.1355,1.3224999999999998,0.0,2801.8605770143668,0.7162763297468407,1.1174467550182354,0.9839193627709656,0.268598,0.9560148588510414
0.136,1.3199999999999998,0.0,2804.2749896350592,0.7122586338683863,1.1162960665687884,0.9836857702229349,0.268493,0.9568725283821043
0.1365,1.3175,0.0,2806.64113557418,0.7082634796313964,1.115145820092855,0.9834488259501486,0.268388,0.9577214289385965
0.137,1.315,0.0,2808.9600274079608,0.7042907404056007,1.113996005958815,0.9832084828730706,0.268283,0.9585615772494829
0.1375,1.3124999999999998,0.0,2811.232680750054,0.700340289560729,1.1128466145350469,0.9829646932488895,0.26817799999999997,0.9593929897575847
0.138,1.3099999999999998,0.0,2813.460114159943,0.6964120004665112,1.11169763618993,0.9827174086609888,0.268073,0.9602156826198407
0.1385,1.3074999999999997,0.0,2815.6433490533955,0.6925057464926769,1.1105490612918436,0.9824665800081906,0.267968,0.9610296717075645
0.139,1.3049999999999997,0.0,2817.783409615952,0.688621401008956,1.1094008802091666,0.9822121574937674,0.26786299999999996,0.961834972606695
0.1395,1.3024999999999998,0.0,2819.8807204872496,0.6847588522234426,1.108253088695882,0.9819540916670507,0.267758,0.9626315968998773
0.14,1.2999999999999998,0.0,2821.934979275482,0.6809179896995473,1.1071056890206836,0.9816923328621255,0.267653,0.9634195515924892
0.1405,1.2974999999999999,0.0,2823.9479967385587,0.6770986497356506,1.1059586645742556,0.9814268268956841,0.267548,0.9641988565103329
0.14100000000000001,1.295,0.0,2825.919892267312,0.673300717245484,1.1048120138889066,0.9811575221713507,0.267443,0.964969520869106
0.14150000000000001,1.2924999999999998,0.0,2827.8507864135954,0.669524077142779,1.1036657354969457,0.9808843664161023,0.26733799999999996,0.9657315538388944
0.14200000000000002,1.2899999999999998,0.0,2829.74080087818,0.6657686143412671,1.1025198279306814,0.9806073066711712,0.267233,0.9664849645442075
0.14250000000000002,1.2874999999999996,0.0,2831.59005849833,0.66203421375468,1.1013742897224224,0.9803262892827849,0.267128,0.9672297620640127
0.14300000000000002,1.2849999999999997,0.0,2833.3986832362584,0.6583207602967491,1.1002291194044775,0.9800412598927359,0.267023,0.9679659554317697
0.14350000000000002,1.2824999999999998,0.0,2835.1668001665994,0.6546281388812061,1.0990843155091556,0.9797521634287809,0.266918,0.9686935536354658
0.14400000000000002,1.2799999999999998,0.0,2836.894535464893,0.6509562344217823,1.0979398765687656,0.9794589440948581,0.26681299999999997,0.9694125656176498
0.1445,1.2774999999999999,0.0,2838.5820163955887,0.6473049318322096,1.0967958011156158,0.9791615453611234,0.266708,0.970123000275466
0.145,1.275,0.0,2840.2293712998858,0.6436741160262192,1.095652087682015,0.978859909953798,0.266603,0.9708248664606891
0.1455,1.2725,0.0,2841.836729584371,0.6400636719175425,1.0945087348002724,0.9785539798448202,0.266498,0.971518172979757
0.146,1.27,0.0,2843.4042217089573,0.6364734844199115,1.0933657410026965,0.9782436962413005,0.266393,0.9722029285938055
0.1465,1.2675,0.0,2844.931979175308,0.6329034384470574,1.0922231048215958,0.9779289995747689,0.26628799999999997,0.9728791420187021
0.147,1.265,0.0,2846.420134515245,0.6293534189127119,1.0910808247892794,0.977609829490212,0.266183,0.9735468219250785
0.1475,1.2625,0.0,2847.8688212787,0.6258233107306065,1.089938899438056,0.9772861248348954,0.266078,0.9742059769383649
0.148,1.2599999999999998,0.0,2849.2781740229843,0.6223129988144727,1.0887973273002343,0.9769578236469569,0.265973,0.9748566156388235
0.1485,1.2574999999999998,0.0,2850.6474920438313,0.6188224372433258,1.0876561143461043,0.9766248687445883,0.265868,0.9754987424035162
0.149,1.255,0.0,2851.977417838486,0.6153514438090267,1.0865152546036116,0.9762871914890645,0.26576299999999997,0.9761323683701284
0.1495,1.2525,0.0,2853.2680879809204,0.6118998907107723,1.0853747466115384,0.9759447264736484,0.265658,0.9767575020440549
0.15,1.25,0.0,2854.5193683347334,0.608467675187903,1.084234591323489,0.9755974094857102,0.265553,0.9773741505885357
0.1505,1.2475,0.0,2855.7311254956057,0.6050546944797592,1.083094789693068,0.9752451755278632,0.265448,0.9779823211921709
0.151,1.2449999999999999,0.0,2856.9032267983694,0.6016608458256814,1.08195534267388,0.9748879588090611,0.265343,0.9785820210688996
0.1515,1.2425,0.0,2858.035540324894,0.59828602646501,1.0808162512195287,0.9745256927355698,0.265238,0.9791732574579783
0.152,1.2399999999999998,0.0,2859.1279349113956,0.5949301336370854,1.0796775162836192,0.9741583099018015,0.265133,0.9797560376239591
0.1525,1.2374999999999998,0.0,2860.180280155761,0.5915930645812482,1.0785391388197554,0.9737857420810161,0.265028,0.9803303688566684
0.153,1.2349999999999999,0.0,2861.1924464255003,0.5882747165368386,1.0774011197815418,0.9734079202158766,0.264923,0.9808962584711843
0.1535,1.2325,0.0,2862.164304864945,0.5849749867431973,1.0762634601225831,0.9730247744088627,0.264818,0.9814537138078162
0.154,1.23,0.0,2863.09572740317,0.5816937724396645,1.075126160796483,0.9726362339125322,0.264713,0.9820027422320822
0.1545,1.2275,0.0,2863.9865867614035,0.5784309708655808,1.0739892227568466,0.972242227119631,0.264608,0.9825433511346866
0.155,1.2249999999999999,0.0,2864.836756460488,0.5751864792602867,1.0728526469572779,0.9718426815530417,0.264503,0.9830755479314994
0.1555,1.2225,0.0,2865.646110829061,0.5719601948631226,1.0717164343513814,0.9714375238555706,0.264398,0.9835993400635331
0.156,1.2199999999999998,0.0,2866.414525010559,0.5687520149134286,1.0705805858927613,0.9710266797795667,0.264293,0.9841147349969214
0.1565,1.2174999999999998,0.0,2867.141874971473,0.5655618366505457,1.0694451025350222,0.9706100741763679,0.264188,0.9846217402228962
0.157,1.2149999999999999,0.0,2867.8280375087584,0.5623895573138139,1.0683099852317686,0.9701876309855664,0.264083,0.9851203632577664
0.1575,1.2125,0.0,2868.4728902575603,0.559235074142574,1.0671752349366044,0.9697592732240949,0.263978,0.9856106116428954
0.158,1.21,0.0,2869.0763116992025,0.5560982843761662,1.0660408526031344,0.9693249229751204,0.263873,0.9860924929446782
0.1585,1.2074999999999998,0.0,2869.6381811685183,0.5529790852539308,1.0649068391849628,0.968884501376744,0.263768,0.9865660147545197
0.159,1.2049999999999998,0.0,2870.1583788621097,0.5498773740152086,1.0637731956356942,0.9684379286105028,0.263663,0.9870311846888121
0.1595,1.2024999999999997,0.0,2870.636356049711,0.5467931148479013,1.0626399267183708,0.9679851318128019,0.26355799999999996,0.9874880088670827
0.16,1.1999999999999997,0.0,2871.072303947823,0.5437261409547334,1.061507030644737,0.9675260220391748,0.263453,0.9879364961137354
0.1605,1.1974999999999998,0.0,2871.4660952619406,0.5406763448841794,1.0603745084579679,0.9670605160215562,0.26334799999999997,0.9883766541086058
0.161,1.1949999999999998,0.0,2871.81750501445,0.537643635808028,1.0592423620748024,0.9665885315220942,0.263243,0.9888084902289478
0.1615,1.1925,0.0,2872.1263091105175,0.5346279228980686,1.05811059341198,0.966109985402688,0.263138,0.9892320119046797
0.162,1.19,0.0,2872.3922843550417,0.5316291153260899,1.0569792043862396,0.9656247936175877,0.263033,0.989647226618339
0.1625,1.1874999999999998,0.0,2872.6152084678397,0.5286471222638811,1.05584819691432,0.9651328712059412,0.262928,0.9900541419050362
0.163,1.1849999999999998,0.0,2872.7948601005946,0.5256818528832311,1.0547175729129608,0.964634132284276,0.262823,0.990452765352407
0.1635,1.1824999999999997,0.0,2872.9310188527083,0.5227332163559291,1.0535873342989008,0.9641284900389221,0.262718,0.9908431046005671
0.164,1.1799999999999997,0.0,2873.023465287467,0.5198011218537638,1.0524574829888793,0.9636158567183677,0.262613,0.9912251673420646
0.1645,1.1774999999999998,0.0,2873.071980948969,0.5168854785485245,1.0513280208996352,0.9630961436255497,0.26250799999999996,0.9915989613218323
0.165,1.1749999999999998,0.0,2873.076348378285,0.5139861956120001,1.0501989499479079,0.9625692611100709,0.262403,0.9919644943371411
0.1655,1.1724999999999999,0.0,2873.0363511300734,0.5111031822159797,1.049070272050436,0.9620351185603481,0.262298,0.9923217742375516
0.166,1.17,0.0,2872.9517737892793,0.5082363475322522,1.047941989123959,0.9614936243956796,0.262193,0.9926708089248667
0.1665,1.1674999999999998,0.0,2872.8224019878085,0.5053856007326067,1.046814103085216,0.9609446860582374,0.262088,0.9930116063530828
0.167,1.1649999999999998,0.0,2872.6480224215566,0.5025508509888321,1.045686615850946,0.960388210004975,0.26198299999999997,0.9933441745283421
0.1675,1.1624999999999996,0.0,2872.4284228671827,0.4997320074727176,1.044559529337888,0.9598241016994508,0.261878,0.9936685215088836
0.168,1.1599999999999997,0.0,2872.163392198861,0.4969289793560521,1.0434328454627815,0.9592522656035618,0.261773,0.993984655404994
0.1685,1.1574999999999998,0.0,2871.8527204060574,0.4941416758106247,1.042306566142365,0.9586726051691846,0.261668,0.9942925843789595
0.169,1.1549999999999998,0.0,2871.4961986096055,0.4913700060082242,1.041180693293378,0.9580850228297204,0.261563,0.9945923166450151
0.1695,1.1524999999999999,0.0,2871.093619079983,0.4886138791206399,1.0400552288325597,0.9574894199915399,0.26145799999999997,0.9948838604692961
0.17,1.15,0.0,2870.6447752541208,0.48587320431966063,1.038930174676649,0.9568856970253243,0.261353,0.9951672241697882
0.1705,1.1474999999999997,0.0,2870.149079009038,0.48314795365896257,1.0378055361350669,0.9562737645416349,0.261248,0.9954424152982786
0.171,1.1449999999999998,0.0,2869.6066899914954,0.48043797192551874,1.0366813119002292,0.9556535097171109,0.261143,0.9957094431035654
0.1715,1.1424999999999996,0.0,2869.017385198673,0.4777431688167044,1.0355575040667162,0.9550248298778474,0.261038,0.9959683160221475
0.17200000000000001,1.1399999999999997,0.0,2868.3808831087695,0.4750634640511751,1.0344341152590397,0.9543876231882683,0.26093299999999997,0.9962190424308902
0.17250000000000001,1.1374999999999997,0.0,2867.6969034946956,0.47239877734758634,1.0333111481017103,0.9537417868852263,0.260828,0.9964616307785266
0.17300000000000001,1.1349999999999998,0.0,2866.965167447791,0.4697490284245936,1.032188605219239,0.9530872172755153,0.260723,0.9966960895855866
0.17350000000000002,1.1324999999999998,0.0,2866.185397403076,0.46711413700085236,1.0310664892361374,0.9524238097334726,0.260618,0.996922427444327
0.17400000000000002,1.13,0.0,2865.3573171636117,0.46449402279501817,1.0299448027769165,0.9517514586986626,0.260513,0.9971406530186594
0.17450000000000002,1.1274999999999997,0.0,2864.4806519257886,0.46188860552574657,1.0288235484660868,0.9510700576736499,0.260408,0.9973507750440789
0.17500000000000002,1.1249999999999998,0.0,2863.5551283041277,0.459297804911693,1.0277027289281602,0.9503794992218612,0.260303,0.9975528023275921
0.17550000000000002,1.1224999999999996,0.0,2862.580474356401,0.456721540671513,1.0265823467876474,0.9496796749655243,0.260198,0.9977467437476443
0.176,1.1199999999999999,0.0,2861.556419609478,0.45415973252386216,1.0254624046690595,0.9489704755837012,0.260093,0.9979326082540467
0.1765,1.1175,0.0,2860.482695084285,0.4516123001873958,1.0243429051969075,0.9482517908104016,0.259988,0.9981104048679029
0.177,1.1149999999999998,0.0,2859.3590333218185,0.4490791633807695,1.0232238509957028,0.9475235094327775,0.259883,0.9982801426815351
0.1775,1.1124999999999998,0.0,2858.185168409082,0.4465602418226387,1.0221052446899563,0.946785519289406,0.259778,0.9984418308584093
0.178,1.1099999999999999,0.0,2856.9608360046345,0.444055455231659,1.0209870889041792,0.9460377072686501,0.259673,0.9985954786330614
0.1785,1.1075,0.0,2855.6857733652682,0.44156472332648594,1.0198693862628827,0.9452799593071013,0.259568,0.9987410953110216
0.179,1.105,0.0,2854.3597193717283,0.439087965825775,1.0187521393905776,0.9445121603881006,0.259463,0.9988786902687383
0.1795,1.1025,0.0,2852.9824145557627,0.4366251024481816,1.0176353509117753,0.9437341945403411,0.259358,0.999008272953503
0.18,1.0999999999999999,0.0,2851.5536011262825,0.4341760529123613,1.0165190234509867,0.9429459448365441,0.259253,0.999129852883373
0.1805,1.0975,0.0,2850.0730229961796,0.4317407369369696,1.015403159632723,0.9421472933922093,0.259148,0.9992434396470945
0.181,1.0949999999999998,0.0,2848.5404258093617,0.42931907424066207,1.0142877620814954,0.9413381213644434,0.25904299999999997,0.999349042904026
0.1815,1.0924999999999998,0.0,2846.9529569896454,0.4269110433666156,1.0131728565620008,0.9405183284229357,0.258938,0.9994466704400413
0.182,1.0899999999999999,0.0,2845.313846742333,0.4245165003392877,1.0120584147282434,0.9396877723138096,0.258833,0.9995363349306176
0.1825,1.0875,0.0,2843.622846495987,0.4221353694090753,1.0109444391945788,0.9388463324245644,0.258728,0.9996180460800899
0.183,1.085,0.0,2841.8794788182395,0.41976757961681066,1.0098309346300192,0.9379938889714725,0.258623,0.9996918135341208
0.1835,1.0825,0.0,2840.083268385594,0.41741306000332573,1.0087179057035773,0.9371303214193862,0.258518,0.9997576470667843
0.184,1.0799999999999998,0.0,2838.2337420319145,0.41507173960945276,1.0076053570842656,0.936255508489875,0.258413,0.9998155565804235
0.1845,1.0775,0.0,2836.330428798342,0.4127435474760237,1.0064932934410964,0.9353693281696742,0.258308,0.9998655521055096
0.185,1.0749999999999997,0.0,2834.3728599830883,0.41042841264387075,1.0053817194430825,0.9344716577194414,0.25820299999999996,0.9999076438004972
0.1855,1.0724999999999998,0.0,2832.3605691919483,0.40812626415382597,1.0042706397592362,0.9335623736828305,0.258098,0.9999418419516799
0.186,1.0699999999999998,0.0,2830.293092388866,0.4058370310467214,1.0031600590585699,0.9326413518958679,0.257993,0.9999681569730432
0.1865,1.0675,0.0,2828.1699679479757,0.4035606423633892,1.0020499820100963,0.9317084674966563,0.257888,0.999986599406117
0.187,1.065,0.0,2825.9907367049345,0.4012970271446614,1.000940413282828,0.9307635949353765,0.257783,0.9999971799198262
0.1875,1.0624999999999998,0.0,2823.7549420097007,0.39904611443137017,0.9998313575457771,0.9298066079846149,0.25767799999999996,0.99999990931034
0.188,1.0599999999999998,0.0,2821.462129779196,0.39680783326434754,0.9987228194679564,0.9288373797499954,0.257573,0.9999947985009202
0.1885,1.0574999999999997,0.0,2819.1118485505513,0.3945821126844256,0.9976148037183783,0.92785578268113,0.257468,0.999981858541767
0.189,1.0549999999999997,0.0,2816.7036495353054,0.3923688817324365,0.9965073149660554,0.9268616885828765,0.257363,0.999961100609865
0.1895,1.0524999999999998,0.0,2814.2370866731458,0.3901680694492123,0.99540035788,0.9258549686269149,0.257258,0.9999325360088263
0.19,1.0499999999999998,0.0,2811.7117166874086,0.3879796048755851,0.9942939371292248,0.9248354933636234,0.25715299999999996,0.9998961761687333
0.1905,1.0474999999999999,0.0,2809.1270991397905,0.38580341705238697,0.9931880573827421,0.9238031327342744,0.257048,0.9998520326459795
0.191,1.045,0.0,2806.4827964863093,0.38363943502045,0.9920827233095646,0.9227577560835327,0.256943,0.9998001171231093
0.1915,1.0424999999999998,0.0,2803.7783741336193,0.3814875878206063,0.9909779395787046,0.9216992321722584,0.256838,0.9997404414086559
0.192,1.0399999999999998,0.0,2801.013400495606,0.379347804493688,0.9898737108591747,0.9206274291906174,0.256733,0.9996730174369783
0.1925,1.0374999999999996,0.0,2798.1878702650765,0.37722007751896736,0.9887700380206365,0.919542238640166,0.25662799999999997,0.9995978569959887
0.193,1.0349999999999997,0.0,2795.300147070975,0.37510426278289666,0.9876669366031682,0.9184435024634198,0.256523,0.999514973046077
0.1935,1.0324999999999998,0.0,2792.3498461976806,0.3730002970013008,0.9865644109498208,0.9173310901257583,0.256418,0.9994243780193709
0.194,1.0299999999999998,0.0,2789.336595499757,0.37090811769403603,0.9854624653195281,0.9162048711033391,0.256313,0.9993260844560398
0.1945,1.0274999999999999,0.0,2786.2600260814665,0.3688276623809587,0.9843611039712232,0.9150647146188637,0.256208,0.9992201050095698
0.195,1.025,0.0,2783.1197723521705,0.36675886858192513,0.9832603311638399,0.9139104896664633,0.25610299999999997,0.9991064524466061
0.1955,1.0224999999999997,0.0,2779.9154720813704,0.3647016738167915,0.9821601511563115,0.9127420650371166,0.255998,0.9989851396467931
0.196,1.0199999999999998,0.0,2776.646766454483,0.3626560156054143,0.9810605682075716,0.9115593093445884,0.255893,0.9988561796026146
0.1965,1.0174999999999996,0.0,2773.313300129253,0.3606218314676496,0.9799615865765537,0.9103620910518981,0.25578799999999996,0.9987195854192317
0.197,1.0149999999999997,0.0,2769.9147212922276,0.35859905892335386,0.9788632105221913,0.9091502784983093,0.255683,0.9985753703143201
0.1975,1.0124999999999997,0.0,2766.4506817154784,0.3565876354923833,0.9777654443034177,0.9079237399268298,0.25557799999999997,0.9984235476179069
0.198,1.0099999999999998,0.0,2762.920836814544,0.35458749869459427,0.9766682921791666,0.9066823435122287,0.255473,0.9982641307722043
0.1985,1.0074999999999998,0.0,2759.3248457055583,0.35259858604984307,0.9755717584083715,0.9054259573895597,0.255368,0.9980971333314446
0.199,1.005,0.0,2755.662371264029,0.35062083507798597,0.9744758472499658,0.9041544496831844,0.255263,0.9979225689617122
0.1995,1.0024999999999997,0.0,2751.9330801830038,0.34865418329887926,0.973380562962883,0.9028676885362901,0.255158,0.9977404514407747
0.2,0.9999999999999998,0.0,2748.136643032256,0.3466985682323792,0.9722859098060567,0.9015655421409023,0.255053,0.9975507946579144
0.2005,0.9974999999999998,0.0,2744.272734317781,0.3447539273983422,0.9711918920384203,0.9002478787683713,0.254948,0.9973536126137563
0.201,0.9949999999999997,0.0,2740.3410325411983,0.3428201983166245,0.9700985139189072,0.8989145668003379,0.254843,0.9971489194200963
0.2015,0.9924999999999997,0.0,2736.341220260474,0.3408973185070824,0.9690057797064512,0.8975654747601677,0.25473799999999996,0.9969367292997289
0.202,0.9899999999999998,0.0,2732.2729841501964,0.3389852254895722,0.9679136936599855,0.8962004713448367,0.254633,0.9967170565862715
0.2025,0.9874999999999998,0.0,2728.136015062478,0.33708385678395014,0.9668222600384436,0.8948194254572729,0.254528,0.9964899157239903
0.203,0.9849999999999997,0.0,2723.93000808869,0.33519314991007265,0.9657314831007593,0.8934222062391352,0.25442299999999995,0.9962553212676226
0.20350000000000001,0.9824999999999997,0.0,2719.654662621175,0.3333130423877959,0.9646413671058657,0.8920086831040164,0.254318,0.9960132878821998
0.20400000000000001,0.9799999999999998,0.0,2715.309837390202,0.33144352320221354,0.9635519149003555,0.8905787554459011,0.25421299999999997,0.9957638300145698
0.20450000000000002,0.9774999999999998,0.0,2710.895149305889,0.3295844761220123,0.9624631315721748,0.8891322631290787,0.254108,0.9955069627188525
0.20500000000000002,0.9749999999999996,0.0,2706.4103279038495,0.32773583972475795,0.9613750212247931,0.887669077121869,0.254003,0.9952427009394605
0.20550000000000002,0.9724999999999997,0.0,2701.855123439588,0.32589755914072077,0.9602875878133993,0.8861890728293821,0.25389799999999996,0.9949710596885253
0.20600000000000002,0.9699999999999998,0.0,2697.229290664042,0.32406957950017085,0.9592008352931823,0.8846921264163591,0.253793,0.9946920540791644
0.20650000000000002,0.9674999999999998,0.0,2692.5325888826583,0.32225184593337847,0.9581147676193309,0.8831781148542067,0.25368799999999997,0.9944056993253104
0.20700000000000002,0.9649999999999996,0.0,2687.764782015998,0.3204443035706137,0.9570293887470341,0.8816469159685739,0.253583,0.9941120107415385
0.20750000000000002,0.9624999999999997,0.0,2682.9256386592447,0.31864689754214687,0.9559447026314807,0.8800984084874537,0.253478,0.9938110037428933
0.20800000000000002,0.9599999999999997,0.0,2678.014932143238,0.31685957297824807,0.9548607132278597,0.8785324720897985,0.25337299999999996,0.9935026938447146
0.2085,0.9574999999999998,0.0,2673.0324405953975,0.3150822750091876,0.9537774244913599,0.876948987454618,0.253268,0.993187096662462
0.209,0.9549999999999998,0.0,2667.977947000599,0.3133149487652355,0.9526948403771702,0.8753478363105478,0.25316299999999997,0.9928642279115389
0.2095,0.9524999999999999,0.0,2662.8512392633165,0.3115575393766621,0.9516129648404795,0.8737289014858608,0.253058,0.9925341034071152
0.21,0.95,0.0,2657.652110269061,0.3098099919737375,0.9505318018364767,0.8720920669589067,0.252953,0.9921967390639489
0.2105,0.9474999999999998,0.0,2652.3803579471482,0.30807225168673186,0.9494513553203506,0.8704372179089436,0.25284799999999996,0.9918521508962072
0.211,0.9449999999999998,0.0,2647.035785333127,0.3063442636459155,0.9483716292472902,0.8687642407673509,0.252743,0.9915003550172855
0.2115,0.9424999999999999,0.0,2641.618200631754,0.3046259729815585,0.9472926275724844,0.8670730232691869,0.252638,0.9911413676396275
0.212,0.94,0.0,2636.1274172804688,0.30291732482393113,0.9462143542511221,0.8653634545050704,0.252533,0.9907752050745415
0.2125,0.9374999999999998,0.0,2630.5632540129027,0.3012182643033035,0.9451368132383922,0.8636354249733637,0.252428,0.9904018837320183
0.213,0.9349999999999998,0.0,2624.9255349233085,0.2995287365499459,0.9440600084894833,0.861888826632615,0.25232299999999996,0.9900214201205463
0.2135,0.9324999999999999,0.0,2619.2140895304365,0.2978486866941284,0.9429839439595847,0.8601235529542467,0.252218,0.9896338308469267
0.214,0.9299999999999999,0.0,2613.428752842658,0.29617805986612133,0.9419086236038852,0.8583394989754473,0.252113,0.9892391326160871
0.2145,0.9274999999999998,0.0,2607.5693654229226,0.2945168011961948,0.9408340513775735,0.856536561352251,0.252008,0.988837342230894
0.215,0.9249999999999998,0.0,2601.635773454063,0.29286485581461896,0.9397602312358385,0.8547146384127563,0.251903,0.9884284765919654
0.2155,0.9224999999999999,0.0,2595.6283684532823,0.29122221969907547,0.9386871621037645,0.8528736717271411,0.25179799999999997,0.9880125507305801
0.216,0.9199999999999999,0.0,2589.5464016514893,0.2895887892645216,0.9376148535776688,0.8510135250857536,0.251693,0.9875895838834958
0.2165,0.9174999999999998,0.0,2583.389643039982,0.2879645029153642,0.9365433104877781,0.8491340966936229,0.251588,0.9871595936101705
0.217,0.9149999999999998,0.0,2577.158022292117,0.2863493127521752,0.9354725362299267,0.8472352979841486,0.251483,0.9867225970006437
0.2175,0.9124999999999999,0.0,2570.8514747555264,0.28474317087552625,0.9344025341999491,0.8453170427151717,0.251378,0.9862786112264387
0.218,0.9099999999999999,0.0,2564.4699415108294,0.2831460293859892,0.9333333077936801,0.8433792470344212,0.25127299999999997,0.9858276535403948
0.2185,0.9074999999999998,0.0,2558.013369429553,0.28155784038413595,0.9322648604069538,0.8414218295449715,0.251168,0.9853697412765005
0.219,0.9049999999999998,0.0,2551.481711232434,0.27997855597053817,0.9311971954356051,0.8394447113706306,0.251063,0.9849048918497247
0.2195,0.9024999999999999,0.0,2544.874925548804,0.27840812824576777,0.9301303162754683,0.8374478162212343,0.250958,0.9844331227558479
0.22,0.8999999999999997,0.0,2538.192976974928,0.2768465093103965,0.9290642263223781,0.8354310704577843,0.250853,0.9839544515712921
0.2205,0.8974999999999997,0.0,2531.4358361339296,0.27529365126499616,0.9279989289721688,0.8333944031573779,0.25074799999999997,0.9834688959529503
0.221,0.8949999999999998,0.0,2524.6034797349903,0.27374950621013855,0.9269344276206752,0.8313377461778859,0.250643,0.9829764736380154
0.2215,0.8924999999999998,0.0,2517.695890633059,0.2722140262463955,0.9258707256637317,0.8292610342223173,0.250538,0.9824772024438083
0.222,0.8899999999999997,0.0,2510.7130578891974,0.2706871634743388,0.9248078264971729,0.8271642049028216,0.25043299999999996,0.9819711002676044
0.2225,0.8874999999999997,0.0,2503.654976830889,0.26916886999454026,0.9237457335168332,0.825047198804264,0.250328,0.9814581850864611
0.223,0.8849999999999998,0.0,2496.521649112113,0.2676590979075717,0.9226844501185472,0.8229099595473397,0.250223,0.9809384749570427
0.2235,0.8824999999999998,0.0,2489.313082775014,0.2661577993140049,0.9216239796981495,0.8207524338511414,0.250118,0.9804119880154462
0.224,0.8799999999999997,0.0,2482.029292310139,0.26466492631441163,0.9205643256514744,0.8185745715951435,0.250013,0.9798787424770249
0.2245,0.8774999999999997,0.0,2474.670298718307,0.2631804310093637,0.9195054913743567,0.8163763258805431,0.249908,0.9793387566362125
0.225,0.8749999999999998,0.0,2467.236129572046,0.26170426549943304,0.9184474802626308,0.8141576530908857,0.249803,0.9787920488663456
0.2255,0.8724999999999998,0.0,2459.7268190774726,0.2602363818851913,0.9173902957121312,0.8119185129519373,0.24969799999999998,0.9782386376194862
0.226,0.8699999999999997,0.0,2452.142408136242,0.2587767322672104,0.9163339411186925,0.8096588685907189,0.24959299999999998,0.9776785414262423
0.2265,0.8674999999999997,0.0,2444.482944408186,0.257325268746062,0.9152784198781492,0.8073786865936706,0.249488,0.9771117788955893
0.227,0.8649999999999998,0.0,2436.7484823736527,0.255881943422318,0.9142237353863358,0.8050779370638584,0.249383,0.9765383687146896
0.2275,0.8624999999999998,0.0,2428.939083396561,0.25444670839655026,0.913169891039087,0.8027565936771859,0.249278,0.9759583296487117
0.228,0.8599999999999997,0.0,2421.056386558012,0.25301957136837205,0.9121168750722874,0.8004146954510706,0.24917299999999998,0.975371672043814
0.2285,0.8574999999999997,0.0,2413.0986262335387,0.2516004246852543,0.9110647086035916,0.7980521596264879,0.24906799999999998,0.9747784245670789
0.229,0.8549999999999998,0.0,2405.06591043959,0.25018922160457424,0.9100133947927185,0.7956689721285176,0.248963,0.9741786061328727
0.2295,0.8524999999999998,0.0,2396.958506809087,0.24878592060250332,0.9089629353190751,0.7932651287734869,0.248858,0.9735722348669678
0.23,0.8499999999999996,0.0,2388.7766889936074,0.24739048015521298,0.907913331862068,0.7908406296549791,0.24875299999999997,0.9729593289261939
0.2305,0.8474999999999997,0.0,2380.5207366953814,0.24600285873887456,0.9068645861011042,0.7883954792035055,0.24864799999999998,0.9723399064983462
0.231,0.8449999999999998,0.0,2372.1909356991973,0.2446230148296595,0.9058166997155901,0.7859296862446445,0.248543,0.971713985802094
0.2315,0.8424999999999998,0.0,2363.7875779041246,0.2432509069037392,0.9047696743849327,0.7834432640555646,0.248438,0.9710815850868886
0.232,0.8399999999999996,0.0,2355.3109613558186,0.24188649343728505,0.9037235117885387,0.7809362304198492,0.24833299999999997,0.970442722632871
0.2325,0.8374999999999997,0.0,2346.7613902787048,0.24052973290646845,0.9026782136058148,0.7784086076805645,0.24822799999999998,0.9697974167507799
0.233,0.8349999999999997,0.0,2338.1391751076153,0.23918058378746082,0.9016337815161677,0.7758604227914697,0.24812299999999998,0.969145685781859
0.2335,0.8324999999999998,0.0,2329.444632520617,0.2378390045564336,0.9005902171990041,0.7732917073663208,0.248018,0.9684875480977642
0.234,0.8299999999999996,0.0,2320.678085470863,0.23650495368955807,0.8995475223337309,0.7707024977261654,0.247913,0.967823022100471
0.23450000000000001,0.8274999999999997,0.0,2311.8398632190924,0.23517838966300575,0.8985056985997548,0.7680928349445755,0.24780799999999997,0.9671521262221817
0.23500000000000001,0.8249999999999997,0.0,2302.930301366211,0.23385927095294798,0.8974647476764824,0.765462764890738,0.24770299999999998,0.9664748789252314
0.23550000000000001,0.8224999999999998,0.0,2293.9497418853402,0.2325475560355562,0.8964246712433207,0.7628123382703205,0.24759799999999998,0.9657912987019955
0.23600000000000002,0.8199999999999996,0.0,2284.8985331546787,0.2312432033870018,0.8953854709796762,0.7601416106640556,0.24749299999999996,0.9651014040747954
0.23650000000000002,0.8174999999999997,0.0,2275.7770299901836,0.22994617148345617,0.8943471485649559,0.7574506425639743,0.247388,0.9644052135958052
0.23700000000000002,0.8149999999999997,0.0,2266.5855936776575,0.22865641880109072,0.8933097056785662,0.7547394994071939,0.24728299999999998,0.9637027458469574
0.23750000000000002,0.8124999999999998,0.0,2257.324592006245,0.22737390381607686,0.8922731439999141,0.7520082516072378,0.24717799999999998,0.9629940194398493
0.23800000000000002,0.8099999999999996,0.0,2247.994399300584,0.226098585004586,0.8912374652084063,0.7492569745827693,0.247073,0.9622790530156485
0.23850000000000002,0.8074999999999997,0.0,2238.595396454008,0.2248304208427895,0.8902026709834494,0.7464857487837226,0.24696799999999997,0.9615578652449979
0.23900000000000002,0.8049999999999997,0.0,2229.127970961273,0.22356936980685882,0.8891687630044504,0.7436946597147417,0.246863,0.9608304748279219
0.23950000000000002,0.8024999999999998,0.0,2219.5925169515854,0.22231539037296533,0.8881357429508158,0.7408837979558701,0.24675799999999998,0.960096900493731
0.24,0.7999999999999998,0.0,2209.989435221689,0.2210684410172805,0.8871036125019525,0.7380532591804473,0.24665299999999998,0.9593571610009269
0.2405,0.7974999999999999,0.0,2200.3197029734933,0.21982849122321982,0.8860723675696781,0.7352031597357555,0.246548,0.958611270946497
0.241,0.7949999999999999,0.0,2190.5853792632906,0.2185955326532896,0.8850419931061114,0.732333654187434,0.246443,0.9578592367697215
0.2415,0.7924999999999998,0.0,2180.7841929176084,0.2173694723173174,0.8840125180156962,0.7294447815642877,0.246338,0.9571010970119286
0.242,0.7899999999999998,0.0,2170.9168953187686,0.2161502743902397,0.882983940710316,0.7265366658414794,0.24623299999999998,0.9563368682025293
0.2425,0.7874999999999999,0.0,2160.9842418017683,0.21493790304699315,0.8819562596018546,0.7236094365752731,0.24612799999999999,0.9555665668138242
0.243,0.7849999999999999,0.0,2150.9869916226935,0.2137323224625142,0.8809294731021955,0.7206632289104435,0.246023,0.9547902092610945
0.2435,0.7824999999999998,0.0,2140.9259079271615,0.21253349681173947,0.8799035796232222,0.7176981835842543,0.24591799999999997,0.9540078119026922
0.244,0.7799999999999998,0.0,2130.801757718937,0.21134139026960547,0.8788785775768184,0.7147144469269255,0.24581299999999998,0.9532193910401314
0.2445,0.7774999999999999,0.0,2120.61531182843,0.21015596701104877,0.8778544653748676,0.7117121708585618,0.24570799999999998,0.9524249629181778
0.245,0.7749999999999999,0.0,2110.3673448813615,0.2089771912110059,0.8768312414292532,0.7086915128824733,0.245603,0.9516245437249397
0.2455,0.7724999999999997,0.0,2100.0586352674336,0.20780502704441345,0.8758089041518591,0.7056526360748588,0.245498,0.9508181495919575
0.246,0.7699999999999998,0.0,2089.6899651091367,0.20663943868620793,0.8747874519545688,0.7025957090708067,0.24539299999999997,0.950005796594294
0.2465,0.7674999999999998,0.0,2079.2621202305572,0.2054803903113259,0.8737668832492657,0.6995209060465784,0.24528799999999998,0.9491875007506233
0.247,0.7649999999999999,0.0,2068.7758901261855,0.2043278460947039,0.8727471964478335,0.6964284066981409,0.24518299999999998,0.9483632780233218
0.2475,0.7624999999999997,0.0,2058.232067929803,0.2031817702112785,0.8717283899621558,0.6933183962159131,0.245078,0.9475331443185563
0.248,0.7599999999999998,0.0,2047.631450383634,0.20204212683598624,0.8707104622041163,0.6901910652557169,0.244973,0.9466971154863736
0.2485,0.7574999999999998,0.0,2036.9748378071718,0.20090888014376365,0.8696934115855983,0.6870466099059028,0.24486799999999997,0.9458552073207899
0.249,0.7549999999999999,0.0,2026.2630340664118,0.19978199430954732,0.8686772365184856,0.6838852316506323,0.24476299999999998,0.9450074355598795
0.2495,0.7524999999999997,0.0,2015.4968465428235,0.19866143350827375,0.8676619354146617,0.6807071373293131,0.244658,0.9441538158858637
0.25,0.7499999999999998,0.0,2004.6770861028886,0.19754716191487956,0.8666475066860102,0.6775125390921853,0.244553,0.9432943639251987
0.2505,0.7474999999999998,0.0,1993.8045670668469,0.1964391437043012,0.8656339487444146,0.6743016543520336,0.244448,0.9424290952486651
0.251,0.7449999999999997,0.0,1982.8801071784887,0.19533734305147532,0.8646212600017585,0.6710747057320647,0.24434299999999998,0.9415580253714558
0.2515,0.7424999999999997,0.0,1971.9045275742662,0.19424172413133842,0.8636094388699257,0.6678319210099222,0.24423799999999998,0.9406811697532637
0.252,0.7399999999999998,0.0,1960.878652752772,0.19315225111882703,0.8625984837607994,0.6645735330578777,0.244133,0.9397985437983696
0.2525,0.7374999999999998,0.0,1949.8033105442198,0.19206888818887774,0.8615883930862636,0.661299779779206,0.244028,0.9389101628557313
0.253,0.7349999999999997,0.0,1938.679332079949,0.19099159951642708,0.8605791652582014,0.6580109040407625,0.24392299999999997,0.9380160422190692
0.2535,0.7324999999999997,0.0,1927.5075517621276,0.1899203492764116,0.8595707986884968,0.6547071536017957,0.24381799999999998,0.9371161971269557
0.254,0.7299999999999998,0.0,1916.2909539385557,0.18885513436711515,0.8585632685011929,0.651388840990201,0.24371299999999999,0.936210621756806
0.2545,0.7274999999999998,0.0,1905.0293047895182,0.18779590196451268,0.8575565845945968,0.6480561936209627,0.243608,0.9352993412233538
0.255,0.7249999999999996,0.0,1893.7221972107443,0.18674259592745285,0.85655075892679,0.644709435662774,0.24350299999999997,0.9343823827663268
0.2555,0.7224999999999997,0.0,1882.3708880404338,0.18569518548493946,0.8555457854393507,0.6413488422420999,0.24339799999999998,0.9334597573203631
0.256,0.7199999999999998,0.0,1870.9766323043132,0.18465363986597633,0.854541658073857,0.6379746933841763,0.24329299999999998,0.9325314756508203
0.2565,0.7174999999999998,0.0,1859.540683101846,0.1836179282995673,0.853538370771887,0.6345872739222729,0.243188,0.9315975483541031
0.257,0.7149999999999996,0.0,1848.0642914927682,0.1825880200147162,0.8525359174750189,0.6311868734030484,0.243083,0.9306579858579896
0.2575,0.7124999999999997,0.0,1836.5487063849241,0.1815638842404268,0.8515342921248307,0.6277737859880516,0.24297799999999997,0.9297127984219543
0.258,0.7099999999999997,0.0,1824.9951744223492,0.18054549020570296,0.8505334886629006,0.6243483103514489,0.24287299999999998,0.9287619961374896
0.2585,0.7074999999999998,0.0,1813.404939874652,0.17953280713954847,0.8495335010308067,0.6209107495740163,0.24276799999999998,0.927805588928424
0.259,0.7049999999999996,0.0,1801.7792445269681,0.17852580427096718,0.8485343231701272,0.6174614110334821,0.242663,0.926843586551239
0.2595,0.7024999999999997,0.0,1790.1193275707276,0.1775244508289629,0.8475359490224402,0.6140006062913052,0.242558,0.9258759985953828
0.26,0.6999999999999997,0.0,1778.4264254953969,0.17652871604253942,0.8465383725293238,0.6105286509759594,0.24245299999999997,0.9249028344835823
0.2605,0.6974999999999998,0.0,1766.7017719809269,0.1755385691407006,0.8455415876323561,0.607045864662815,0.24234799999999998,0.923924103472152
0.261,0.6949999999999996,0.0,1754.9465977908558,0.17455397935245023,0.8445455882731153,0.6035525707507007,0.24224299999999999,0.9229398146513017
0.2615,0.6924999999999997,0.0,1743.1621306665454,0.17357491590679214,0.8435503683931794,0.6000490963352793,0.242138,0.9219499769454405
0.262,0.6899999999999997,0.0,1731.349595221991,0.17260134803273014,0.8425559219341267,0.5965357720792864,0.242033,0.9209545991134795
0.2625,0.6874999999999998,0.0,1719.5102128395527,0.17163324495926807,0.8415622428375351,0.5930129320797807,0.24192799999999998,0.919953689749132
0.263,0.6849999999999996,0.0,1707.6452015665236,0.17067057591540974,0.8405693250449828,0.5894809137324984,0.24182299999999998,0.9189472572812106
0.2635,0.6824999999999997,0.0,1695.7557760123848,0.16971331013015895,0.8395771624980481,0.5859400575934413,0.241718,0.9179353099739234
0.264,0.6799999999999997,0.0,1683.8431472468974,0.16876141683251952,0.838585749138309,0.5823907072377906,0.24161299999999997,0.9169178559271655
0.2645,0.6774999999999998,0.0,1671.9085226992954,0.1678148652514953,0.8375950789073436,0.5788332091163245,0.24150799999999997,0.9158949030768114
0.265,0.6749999999999996,0.0,1659.9531060577985,0.1668736246160901,0.8366051457467301,0.5752679124093935,0.24140299999999998,0.9148664591950022
0.2655,0.6724999999999997,0.0,1647.9780971702792,0.1659376641553077,0.8356159435980465,0.5716951688786532,0.24129799999999998,0.9138325318904317
0.266,0.6699999999999997,0.0,1635.9846919457377,0.16500695309815197,0.834627466402871,0.5681153327166585,0.241193,0.9127931286086303
0.2665,0.6674999999999998,0.0,1623.9740822564406,0.16408146067362672,0.8336397081027818,0.5645287603944518,0.24108799999999997,0.911748256632246
0.267,0.6649999999999996,0.0,1611.947455841049,0.16316115611073573,0.8326526626393568,0.5609358105073088,0.24098299999999998,0.9106979230813236
0.2675,0.6624999999999996,0.0,1599.9065477744955,0.1622460195054021,0.8316663174057358,0.5573368707703774,0.24087799999999998,0.9096421278834614
0.268,0.6599999999999997,0.0,1587.853669131314,0.16133603841442537,0.8306806527798477,0.5537323482325434,0.240773,0.9085808630642267
0.2685,0.6574999999999998,0.0,1575.7885169473097,0.1604311488783426,0.8296956801503481,0.5501225222075345,0.240668,0.9075141538282764
0.269,0.6549999999999996,0.0,1563.7125884349873,0.15953132443001455,0.8287113895000302,0.546507767767101,0.24056299999999997,0.9064420022735639
0.2695,0.6524999999999996,0.0,1551.6273710722805,0.1586365386023021,0.8277277708116869,0.5428884616599586,0.24045799999999998,0.9053644102375298
0.27,0.6499999999999997,0.0,1539.5343424522011,0.1577467649280661,0.8267448140681114,0.5392649821453315,0.24035299999999998,0.9042813792975342
0.2705,0.6474999999999997,0.0,1527.4349701347576,0.1568619769401674,0.8257625092520967,0.5356377088252128,0.240248,0.9031929107712829
0.271,0.6449999999999996,0.0,1515.330711500858,0.1559821481714668,0.8247808463464359,0.5320070224755117,0.24014299999999997,0.9020990057172471
0.2715,0.6424999999999996,0.0,1503.2230136089722,0.15510725215482515,0.823799815333922,0.5283733048762392,0.24003799999999997,0.9009996649350765
0.272,0.6399999999999997,0.0,1491.1133130533387,0.15423726242310332,0.8228194061973482,0.5247369386408925,0.23993299999999998,0.8998948889660067
0.2725,0.6374999999999997,0.0,1479.0030358249758,0.1533721525091621,0.8218396089195074,0.5210983070452241,0.23982799999999999,0.8987846780932587
0.273,0.6349999999999996,0.0,1466.8935971744384,0.1525118959458624,0.8208604134831928,0.5174577938555196,0.23972299999999996,0.8976690323424342
0.2735,0.6324999999999996,0.0,1454.786401477423,0.15165646626606497,0.8198818098711974,0.5138157831566015,0.23961799999999997,0.8965479514819021
0.274,0.6299999999999997,0.0,1442.6828421017315,0.15080583700263073,0.8189037880663144,0.510172659179681,0.23951299999999998,0.8954214350231812
0.2745,0.6274999999999997,0.0,1430.5843012773275,0.14995998168842048,0.8179263380513367,0.5065288061302653,0.23940799999999998,0.8942894822213134
0.275,0.6249999999999996,0.0,1418.4921499680374,0.14911887385629505,0.8169494498090575,0.5028846080162307,0.239303,0.8931520920752335
0.2755,0.6224999999999996,0.0,1406.407747745625,0.1482824870391153,0.8159731133222698,0.49924044847629867,0.23919799999999997,0.8920092633281309
0.276,0.6199999999999997,0.0,1394.3324426664906,0.14745079476974207,0.8149973185737667,0.495596710609026,0.23909299999999997,0.890860994467805
0.2765,0.6174999999999997,0.0,1382.2675711496959,0.1466237705810362,0.8140220555463412,0.4919537768024834,0.23898799999999998,0.8897072837270147
0.277,0.6149999999999995,0.0,1370.2144578582313,0.1458013880058585,0.8130473142227865,0.48831202856481454,0.23888299999999998,0.8885481290838217
0.2775,0.6124999999999996,0.0,1358.1744155817278,0.14498362057706987,0.8120730845858957,0.484671846355799,0.238778,0.8873835282619262
0.278,0.6099999999999997,0.0,1346.14874512189,0.14417044182753108,0.8110993566184616,0.4810336094195995,0.23867299999999997,0.8862134787309975
0.2785,0.6074999999999997,0.0,1334.1387351798687,0.14336182529010302,0.8101261203032775,0.477397695618863,0.23856799999999997,0.8850379777069979
0.279,0.6049999999999995,0.0,1322.1456622459805,0.1425577444976465,0.8091533656231364,0.4737644812702905,0.23846299999999998,0.8838570221524993
0.2795,0.6024999999999996,0.0,1310.1707904916457,0.14175817298302237,0.8081810825608314,0.47013434098188284,0.238358,0.8826706087769944
0.28,0.5999999999999996,0.0,1298.215371663487,0.1409630842790915,0.8072092610991556,0.4665076474919648,0.238253,0.8814787340372017
0.2805,0.5974999999999997,0.0,1286.2806449796758,0.14017245191871466,0.806237891220902,0.4628847715101605,0.23814799999999997,0.8802813941373628
0.281,0.5949999999999995,0.0,1274.3673042052098,0.13938628407780626,0.805266969996858,0.45926620999995715,0.23804299999999998,0.8790785938322557
0.28150000000000003,0.5924999999999996,0.0,1262.4776728789693,0.1386045201743412,0.8042964726786221,0.4556521969300757,0.23793799999999998,0.8778703105675086
0.28200000000000003,0.5899999999999996,0.0,1250.613127762884,0.1378271304920007,0.8033263867809765,0.45204308227997503,0.237833,0.876656536554126
0.28250000000000003,0.5874999999999997,0.0,1238.7748798491748,0.13705409230346183,0.8023567018333856,0.44843923994012097,0.237728,0.8754372662303022
0.28300000000000003,0.5849999999999995,0.0,1226.9641264214674,0.13628538288140155,0.8013874073653138,0.4448410412365474,0.23762299999999997,0.8742124937720924
0.28350000000000003,0.5824999999999996,0.0,1215.1820509627519,0.13552097949849695,0.8004184929062257,0.4412488547747711,0.23751799999999998,0.872982213093679
0.28400000000000003,0.5799999999999996,0.0,1203.429823066058,0.134760859427425,0.7994499479855857,0.43766304628629443,0.23741299999999999,0.8717464178476266
0.28450000000000003,0.5774999999999997,0.0,1191.7085983474544,0.13400499994086273,0.7984817621328583,0.43408397847785085,0.237308,0.8705051014251342
0.28500000000000003,0.5749999999999995,0.0,1180.0195183614312,0.1332533783114872,0.7975139248775078,0.43051201088348706,0.23720299999999997,0.869258256956277
0.28550000000000003,0.5724999999999996,0.0,1168.3637105187804,0.13250597181197538,0.796546425748999,0.42694749971964563,0.23709799999999998,0.8680058773102437
0.28600000000000003,0.5699999999999996,0.0,1156.742288006908,0.13176275771500431,0.7955792542767961,0.423390797743325,0.23699299999999998,0.8667479550955651
0.28650000000000003,0.5674999999999997,0.0,1145.1563497125103,0.13102371329325102,0.7946123999903637,0.4198422541134743,0.236888,0.865484482660337
0.28700000000000003,0.5649999999999995,0.0,1133.6069801467456,0.1302888158193925,0.7936458524191662,0.41630221425570846,0.23678299999999997,0.8642154520924346
0.28750000000000003,0.5624999999999996,0.0,1122.0952493728585,0.12955804256610579,0.7926796010926681,0.4127710197304377,0.23667799999999997,0.8629408552197219
0.28800000000000003,0.5599999999999996,0.0,1110.6222129360654,0.12883137080606794,0.7917136355403339,0.4092490081045552,0.23657299999999998,0.8616606836102524
0.2885,0.5574999999999999,0.0,1099.1889117961657,0.12810877781195598,0.7907479452916281,0.4057365128267171,0.23646799999999998,0.8603749285724633
0.289,0.5549999999999999,0.0,1087.7963722622897,0.12739024085644682,0.789782519876015,0.40223386310636167,0.236363,0.8590835811553634
0.2895,0.5524999999999998,0.0,1076.4456059302433,0.12667573721221756,0.7888173488229592,0.3987413837965102,0.236258,0.8577866321487126
0.29,0.5499999999999998,0.0,1065.1376096222466,0.1259652441519452,0.7878524216619252,0.3952593952804416,0.236153,0.8564840720831964
0.2905,0.5474999999999999,0.0,1053.873365329095,0.1252587389483068,0.7868877279223773,0.39178821336232,0.23604799999999998,0.8551758912305909
0.291,0.5449999999999999,0.0,1042.6538401547998,0.12455619887397934,0.7859232571337801,0.38832814916183206,0.23594299999999999,0.8538620796039234
0.2915,0.5424999999999998,0.0,1031.4799862635323,0.12385760120163986,0.784958998825598,0.3848795090128943,0.235838,0.852542626957624
0.292,0.5399999999999998,0.0,1020.3527408291019,0.12316292320396535,0.7839949425272957,0.3814425943664917,0.235733,0.8512175227876714
0.2925,0.5374999999999999,0.0,1009.273025986887,0.12247214215363288,0.7830310777683375,0.3780177016976904,0.23562799999999998,0.8498867563317308
0.293,0.5349999999999999,0.0,998.2417487881916,0.12178523532331942,0.7820673940781877,0.3746051224168695,0.23552299999999998,0.8485503165692859
0.2935,0.5324999999999998,0.0,987.2598011568567,0.12110217998570202,0.781103880986311,0.37120514278522554,0.235418,0.8472081922217631
0.294,0.5299999999999998,0.0,976.3280598485404,0.12042295341345771,0.7801405280221718,0.3678180438345348,0.235313,0.8458603717526486
0.2945,0.5274999999999999,0.0,965.4455288841172,0.11974754548782893,0.7791773531047965,0.3644441728756809,0.23520799999999997,0.8445068833488402
0.295,0.5249999999999999,0.0,954.6115545024537,0.11907594689418859,0.7782143693014691,0.3610838708785362,0.23510299999999998,0.8431477487744097
0.2955,0.5224999999999997,0.0,943.831746220198,0.11840810398874904,0.7772514931655515,0.35773722446644274,0.23499799999999998,0.8417828530070908
0.296,0.5199999999999998,0.0,933.106384142414,0.11774399740706964,0.7762887221923602,0.3544045125017313,0.234893,0.8404121944568655
0.2965,0.5174999999999998,0.0,922.4357447556027,0.11708360778470973,0.7753260538772115,0.3510860082611538,0.234788,0.8390357714719845
0.297,0.5149999999999999,0.0,911.8201009221443,0.11642691575722867,0.774363485715422,0.3477819793637028,0.23468299999999997,0.8376535823389841
0.2975,0.5124999999999997,0.0,901.2597218745893,0.1157739019601858,0.7734010152023082,0.3444926877029886,0.23457799999999998,0.8362656252827023
0.298,0.5099999999999998,0.0,890.7548732101847,0.11512454702914049,0.7724386398331863,0.3412183893841745,0.234473,0.8348718984662936
0.2985,0.5074999999999998,0.0,880.3058168854459,0.11447883159965207,0.7714763571033728,0.33795933466548544,0.234368,0.8334723999912462
0.299,0.5049999999999999,0.0,869.912811211,0.11383673630727989,0.7705141645081842,0.3347157679042909,0.234263,0.8320671278973957
0.2995,0.5024999999999997,0.0,859.5761108465475,0.11319824178758331,0.7695520595429369,0.3314879275077217,0.23415799999999998,0.8306560801629398
0.3,0.4999999999999998,0.0,849.2959667959075,0.11256332867612166,0.7685900397029475,0.3282760458878628,0.23405299999999998,0.8292392547044534
0.3005,0.49749999999999983,0.0,839.072626402165,0.11193197760845433,0.7676281024835322,0.32508034942144587,0.233948,0.8278166493769011
0.301,0.4949999999999999,0.0,828.9063333430511,0.11130416922014064,0.7666662453800075,0.32190105841405126,0.233843,0.8263882619736516
0.3015,0.4924999999999997,0.0,818.7973276264241,0.11067988414673993,0.7657044658876899,0.31873838706878294,0.23373799999999997,0.8249540902264902
0.302,0.48999999999999977,0.0,808.7458455859082,0.11005910302381158,0.7647427615018958,0.315592543459376,0.23363299999999998,0.8235141318056318
0.3025,0.4874999999999998,0.0,798.7521198766166,0.10944180648691491,0.7637811297179417,0.3124637295077039,0.23352799999999999,0.8220683843197325
0.303,0.4849999999999999,0.0,788.8163794710863,0.1088279751716093,0.7628195680311439,0.3093521409656317,0.233423,0.820616845315902
0.3035,0.4824999999999997,0.0,778.9388496552626,0.10821758971345409,0.7618580739368189,0.30625796740118255,0.23331799999999997,0.8191595122797143
0.304,0.47999999999999976,0.0,769.1197520247819,0.10761063074800863,0.7608966449302832,0.30318139218894413,0.23321299999999998,0.8176963826352198
0.3045,0.4774999999999998,0.0,759.3593044811292,0.10700707891083225,0.7599352785068532,0.3001225925046694,0.23310799999999998,0.8162274537449549
0.305,0.47499999999999987,0.0,749.6577212282684,0.10640691483748432,0.7589739721618451,0.2970817393240179,0.233003,0.8147527229099522
0.3055,0.4724999999999997,0.0,740.0152127690449,0.10581011916352419,0.7580127233905758,0.2940589974253424,0.232898,0.8132721873697514
0.306,0.46999999999999975,0.0,730.4319859021098,0.10521667252451121,0.7570515296883614,0.29105452539649573,0.23279299999999997,0.8117858443024071
0.3065,0.4674999999999998,0.0,720.9082437187051,0.10462655555600472,0.7560903885505185,0.2880684756455368,0.23268799999999998,0.8102936908244992
0.307,0.46499999999999986,0.0,711.444185599607,0.10403974889356409,0.7551292974723633,0.28510099441530345,0.23258299999999998,0.8087957239911405
0.3075,0.4624999999999997,0.0,702.0400072124131,0.10345623317274864,0.7541682539492126,0.28215222180173516,0.232478,0.8072919407959859
0.308,0.45999999999999974,0.0,692.6959005087299,0.10287598902911775,0.7532072554763826,0.279222291775897,0.232373,0.8057823381712388
0.3085,0.4574999999999998,0.0,683.4120537216355,0.10229899709823076,0.7522462995491896,0.2763113322095939,0.23226799999999997,0.8042669129876598
0.309,0.45499999999999985,0.0,674.1880984589869,0.10172524245442788,0.7512853937751744,0.2734194891630019,0.23216299999999998,0.8027456780944833
0.3095,0.4524999999999997,0.0,665.0219362075372,0.10115471848065646,0.7503245778310299,0.27054695700239395,0.232058,0.8012186975916663
0.31,0.44999999999999973,0.0,655.9153329421046,0.10058738767206249,0.7493638208351785,0.26769375505446574,0.231953,0.7996859237680469
0.3105,0.4474999999999998,0.0,646.8678673030424,0.10002323334928055,0.748403131886977,0.2648600051731475,0.231848,0.7981473723077747
0.311,0.44499999999999984,0.0,637.8791315439765,0.09946223883294528,0.7474425200857823,0.26204582301702434,0.23174299999999998,0.7966030591179194
0.3115,0.44249999999999967,0.0,628.9487315465152,0.09890438744369127,0.7464819945309511,0.25925131808338053,0.23163799999999998,0.7950530003284288
0.312,0.4399999999999997,0.0,620.0762868366362,0.09834966250215317,0.7455215643218401,0.25647659374569026,0.231533,0.7934972122920811
0.3125,0.4374999999999998,0.0,611.2614306031157,0.09779804732896559,0.7445612385578063,0.25372174729447505,0.231428,0.7919357115844327
0.313,0.4349999999999996,0.0,602.5038097176033,0.09724952524476313,0.7436010263382065,0.25098686998139474,0.23132299999999997,0.7903685150037593
0.3135,0.43249999999999966,0.0,593.8030847567187,0.0967040795701804,0.7426409367623973,0.2482720470664925,0.23121799999999998,0.7887956395709936
0.314,0.4299999999999997,0.0,585.1589300256927,0.09616169362585204,0.7416809789297356,0.2455773578684909,0.23111299999999999,0.7872171025296566
0.3145,0.42749999999999977,0.0,576.571033584182,0.09562235073241267,0.7407211619395784,0.24290287581802428,0.231008,0.7856329213457833
0.315,0.4249999999999996,0.0,568.0390972737496,0.09508603421049688,0.7397614948912822,0.24024866851371202,0.23090299999999997,0.7840431137078439
0.3155,0.42249999999999965,0.0,559.5628367471215,0.09455272738073932,0.738801986884204,0.23761479778095748,0.23079799999999998,0.7824476975266595
0.316,0.4199999999999997,0.0,551.1419814994455,0.09402241356377457,0.7378426470177004,0.23500131973337993,0.23069299999999998,0.7808466909353124
0.3165,0.41749999999999976,0.0,542.7762749011897,0.09349507608023727,0.7368834843911285,0.23240828483675421,0.230588,0.7792401122890513
0.317,0.4149999999999996,0.0,534.4654742330731,0.09297069825076203,0.7359245081038448,0.2298357379753585,0.23048299999999997,0.7776279801651903
0.3175,0.41249999999999964,0.0,526.2093507227532,0.09244926339598347,0.7349657272552064,0.22728371852063156,0.23037799999999997,0.776010313363005
0.318,0.4099999999999997,0.0,518.007689583236,0.09193075483653619,0.7340071509445698,0.22475226040200605,0.23027299999999998,0.7743871309036197
0.3185,0.40749999999999975,0.0,509.86029005328163,0.09141515589305484,0.733048788271292,0.22224139217983951,0.23016799999999998,0.7727584520298934
0.319,0.4049999999999996,0.0,501.7669654396009,0.090902449886174,0.7320906483347298,0.21975113712030678,0.23006299999999996,0.7711242962062965
0.3195,0.40249999999999964,0.0,493.72754316088776,0.09039262013652831,0.73113274023424,0.2172815132721688,0.22995799999999997,0.7694846831187862
0.32,0.3999999999999997,0.0,485.7418647936167,0.08988564996475239,0.7301750730691793,0.2148325335452945,0.22985299999999997,0.7678396326746724
0.3205,0.39749999999999974,0.0,477.80978611976127,0.08938152269148084,0.7292176559389045,0.21240420579084096,0.22974799999999998,0.7661891650024826
0.321,0.3949999999999996,0.0,469.93117717631986,0.08888022163734827,0.7282604979427725,0.20999653288297235,0.22964299999999999,0.7645333004518178
0.3215,0.3924999999999996,0.0,462.1081659064442,0.08838174117352905,0.7273035586166965,0.2076095235231787,0.22953799999999996,0.7628719733956713
0.322,0.3899999999999997,0.0,454.33952683989713,0.08788606480738745,0.7263468708395463,0.20524318593414434,0.22943299999999997,0.7612052452190435
0.3225,0.38749999999999973,0.0,446.62175675068465,0.08739316166029383,0.7253905198109161,0.2028975017278945,0.22932799999999998,0.7595332697394168
0.323,0.38499999999999956,0.0,438.9551516126215,0.08690301733599967,0.7244345075890981,0.20057245820458705,0.22922299999999998,0.7578560567357691
0.3235,0.3824999999999996,0.0,431.34001131821896,0.08641561743825645,0.7234788362323848,0.1982680381484012,0.229118,0.7561736160350885
0.324,0.37999999999999967,0.0,423.77663969430046,0.08593094757081562,0.7225235077990685,0.19598421991192846,0.22901299999999997,0.754485957512329
0.3245,0.3774999999999997,0.0,416.2653445176543,0.0854489933374287,0.7215685243474413,0.19372097750145942,0.22890799999999997,0.7527930910903655
0.325,0.37499999999999956,0.0,408.80643753054835,0.08496974034184714,0.7206138879357957,0.1914782806630685,0.22880299999999998,0.7510950267399487
0.3255,0.3724999999999996,0.0,401.4002344566515,0.0844931741878224,0.7196596006224238,0.18925609496941548,0.22869799999999998,0.7493917744796592
0.326,0.36999999999999966,0.0,394.0470550169412,0.08401928047910598,0.7187056644656181,0.18705438190717216,0.228593,0.7476833443758628
0.3265,0.3674999999999997,0.0,386.7472229455562,0.08354804481944934,0.7177520815236708,0.1848730989649924,0.22848799999999997,0.745969746542664
0.327,0.36499999999999955,0.0,379.50106600599423,0.08307945281260395,0.7167988538548741,0.18271219972192945,0.22838299999999997,0.7442509911418591
0.3275,0.3624999999999996,0.0,372.3089160072398,0.08261349006232131,0.7158459835175204,0.18057163393624298,0.22827799999999998,0.7425270883828913
0.328,0.35999999999999965,0.0,365.17110881996314,0.08215014217235288,0.714893472569902,0.1784513476344882,0.228173,0.7407980485228023
0.3285,0.3574999999999997,0.0,358.0879843929482,0.08168939474645012,0.7139413230703111,0.1763512832008276,0.228068,0.7390638818661859
0.329,0.35499999999999954,0.0,351.0598867695156,0.08123123338836452,0.7129895370770402,0.17427137946648372,0.22796299999999997,0.7373245987651412
0.3295,0.3524999999999996,0.0,344.0871641040761,0.08077564370184756,0.7120381166483813,0.17221157179925267,0.22785799999999998,0.7355802096192244
0.33,0.34999999999999964,0.0,337.17016867874287,0.0803226112906507,0.7110870638426271,0.17017179219301876,0.22775299999999998,0.733830724875401
0.3305,0.3474999999999997,0.0,330.309256920073,0.07987212175852543,0.7101363807180695,0.1681519693571881,0.227648,0.7320761550279977
0.331,0.34499999999999953,0.0,323.5047894158683,0.07942416070922322,0.709186069333001,0.16615202880598193,0.22754299999999997,0.730316510618654
0.3315,0.3424999999999996,0.0,316.75713093217274,0.07897871374649552,0.7082361317457139,0.16417189294751425,0.22743799999999997,0.7285518022362741
0.332,0.33999999999999964,0.0,310.0666504301812,0.07853576647409385,0.7072865700145003,0.16221148117260684,0.22733299999999998,0.7267820405169771
0.3325,0.3374999999999997,0.0,303.4337210833907,0.07809530449576965,0.7063373861976529,0.1602707099432554,0.22722799999999999,0.7250072361440483
0.333,0.3349999999999995,0.0,296.858720294822,0.0776573134152744,0.7053885823534635,0.15834949288071556,0.22712299999999996,0.7232273998478891
0.3335,0.3324999999999996,0.0,290.3420297142789,0.0772217788363596,0.7044401605402247,0.1564477408531263,0.22701799999999997,0.721442542405969
0.334,0.3299999999999996,0.0,283.8840352557364,0.07678868636277669,0.7034921228162287,0.15456536206263471,0.22691299999999998,0.719652674642773
0.3345,0.3274999999999997,0.0,277.4851271148642,0.07635802159827718,0.7025444712397679,0.15270226213195517,0.22680799999999998,0.7178578074297537
0.335,0.3249999999999995,0.0,271.1465959093267,0.07592977525396315,0.7015971820255241,0.15085834887130778,0.22670299999999996,0.7160579025028438
0.3355,0.32249999999999956,0.0,264.87058686549176,0.07550393888928375,0.7006502053595155,0.1490335186324012,0.22659799999999997,0.7142528713287619
0.336,0.3199999999999996,0.0,258.6559454905126,0.07508048582932607,0.6997035865063366,0.1472276503057463,0.22649299999999997,0.7124428062590649
0.3365,0.31749999999999967,0.0,252.50366811436777,0.07465940363146044,0.6987573086649018,0.14544063836109522,0.22638799999999998,0.7106276814961313
0.337,0.3149999999999995,0.0,246.41472463569346,0.07424067985305717,0.6978113550341257,0.1436723753262052,0.22628299999999998,0.7088074708344668
0.3375,0.31249999999999956,0.0,240.390058397985,0.0738243020514866,0.6968657088129228,0.1419227518628528,0.22617799999999996,0.7069821476610596
0.338,0.3099999999999996,0.0,234.43058607188647,0.07341025778411905,0.6959203532002075,0.14019165684195553,0.22607299999999997,0.7051516849557189
0.3385,0.30749999999999966,0.0,228.53719754387623,0.07299853460832484,0.6949752713948943,0.13847897741777876,0.22596799999999997,0.7033160552913955
0.339,0.3049999999999995,0.0,222.71075581106552,0.07258912008147429,0.694030446595898,0.13678459910120125,0.22586299999999998,0.7014752308344846
0.3395,0.30249999999999955,0.0,216.95209688239106,0.07218200176093774,0.6930858620021326,0.13510840583200825,0.225758,0.6996291833451085
0.34,0.2999999999999996,0.0,211.26202968597022,0.07177716720408549,0.692141500812513,0.13345028005020848,0.22565299999999996,0.6977778841773855
0.3405,0.29749999999999965,0.0,205.64133598281683,0.07137460396828788,0.6911973462259535,0.13181010276632585,0.22554799999999997,0.6959213042796759
0.341,0.2949999999999995,0.0,200.09077028665033,0.07097429961091521,0.6902533814413688,0.13018775363067867,0.22544299999999998,0.6940594141948147
0.3415,0.29249999999999954,0.0,194.61105979015554,0.07057624168933783,0.6893095896576732,0.1285831110016011,0.22533799999999998,0.6921921840603208
0.342,0.2899999999999996,0.0,189.20290429736414,0.07018041776092607,0.6883659540737812,0.12699605201261105,0.225233,0.6903195836085949
0.3425,0.28749999999999964,0.0,183.86697616231507,0.06978681538305022,0.6874224578886075,0.12542645263849636,0.22512799999999997,0.6884415821670938
0.343,0.2849999999999995,0.0,178.60392023410176,0.06939542211308063,0.6864790843010664,0.12387418776031946,0.22502299999999997,0.6865581486584891
0.3435,0.28249999999999953,0.0,173.4143538079538,0.06900622550838761,0.6855358165100724,0.12233913122930956,0.22491799999999998,0.6846692516008074
0.34400000000000003,0.2799999999999996,0.0,168.2988665827669,0.06861921312634149,0.6845926377145403,0.12082115592965606,0.22481299999999999,0.6827748591075535
0.34450000000000003,0.27749999999999964,0.0,163.25802062478888,0.06823437252431258,0.6836495311133841,0.1193201338401733,0.22470799999999996,0.6808749388878135
0.34500000000000003,0.27499999999999947,0.0,158.2923503376307,0.06785169125967122,0.6827064799055188,0.11783593609484336,0.22460299999999997,0.6789694582463427
0.34550000000000003,0.2724999999999995,0.0,153.40236243850134,0.06747115688978773,0.6817634672898586,0.11636843304221632,0.22449799999999998,0.6770583840836324
0.34600000000000003,0.2699999999999996,0.0,148.58853594065596,0.06709275697203243,0.680820476465318,0.11491749430368031,0.22439299999999998,0.6751416828959609
0.34650000000000003,0.2674999999999996,0.0,143.85132214219666,0.06671647906377565,0.6798774906308116,0.11348298883058401,0.224288,0.6732193207754269
0.34700000000000003,0.26499999999999946,0.0,139.19114462105375,0.06634231072238769,0.678934492985254,0.11206478496020765,0.22418299999999997,0.671291263409962
0.34750000000000003,0.2624999999999995,0.0,134.6071509817767,0.06597024263774925,0.6779915178198591,0.11066277760099487,0.22407799999999997,0.6693575810077866
0.34800000000000003,0.25999999999999956,0.0,130.09777550424337,0.06560027002155415,0.6770486314805452,0.10927688423746686,0.22397299999999998,0.6674184106231227
0.34850000000000003,0.2574999999999996,0.0,125.6691358000257,0.06523236798555955,0.6761055794709343,0.10790685170837062,0.22386799999999998,0.6654732281573366
0.34900000000000003,0.25499999999999945,0.0,121.32101615801845,0.06486652572454427,0.675162362255388,0.10655255827709402,0.22376299999999996,0.6635220315832278
0.34950000000000003,0.2524999999999995,0.0,117.05320181423878,0.06450273243328712,0.6742189802982675,0.10521388145708835,0.22365799999999997,0.6615648188842456
0.35000000000000003,0.24999999999999956,0.0,112.86547895007321,0.0641409773065669,0.6732754340639343,0.10389069806576154,0.22355299999999997,0.6596015880544945
0.35050000000000003,0.2474999999999996,0.0,108.75763469067935,0.06378124953916244,0.6723317240167497,0.10258288427738993,0.22344799999999998,0.6576323370987389
0.35100000000000003,0.24499999999999944,0.0,104.72945710317624,0.06342353832585251,0.671387850621075,0.10129031567501978,0.22334299999999996,0.6556570640324078
0.35150000000000003,0.2424999999999995,0.0,100.78073519509248,0.06306783286141596,0.6704438143412716,0.10001286730137555,0.22323799999999996,0.6536757668816
0.352,0.23999999999999977,0.0,96.91125891258179,0.06271412234063162,0.6694996156417011,0.09875041370875176,0.22313299999999997,0.651688443683089
0.3525,0.23749999999999982,0.0,93.1208191388006,0.062362395958278194,0.6685552549867245,0.09750282900790068,0.22302799999999998,0.6496950924843266
0.353,0.23499999999999988,0.0,89.40920769221913,0.062012642909134566,0.6676107328407034,0.09626998691590517,0.22292299999999998,0.6476957113434495
0.3535,0.2324999999999997,0.0,85.77621732496867,0.06166485238797952,0.6666660496679989,0.09505176080304233,0.222818,0.6456902983292827
0.354,0.22999999999999976,0.0,82.22164172116356,0.06131901358959188,0.6657212059329727,0.09384802373862557,0.222713,0.6436788515213455
0.3545,0.2274999999999998,0.0,78.7452754952749,0.06097511570875044,0.664776202099986,0.09265864853584291,0.22260799999999997,0.6416613690098552
0.355,0.22499999999999987,0.0,75.3469141904506,0.060633147940234014,0.6638310386334001,0.09148350779557915,0.22250299999999998,0.6396378488957317
0.3555,0.2224999999999997,0.0,72.02635427689223,0.06029309947882141,0.6628857159975765,0.09032247394922975,0.22239799999999998,0.6376082892906039
0.356,0.21999999999999975,0.0,68.78339315018643,0.05995495951929143,0.6619402346568765,0.08917541930051048,0.222293,0.635572688316812
0.3565,0.2174999999999998,0.0,65.61782912969082,0.05961871725642289,0.6609945950756614,0.08804221606626324,0.222188,0.6335310441074146
0.357,0.21499999999999986,0.0,62.52946145690681,0.05928436188499459,0.6600487977182926,0.08692273641626498,0.22208299999999997,0.6314833548061916
0.3575,0.2124999999999997,0.0,59.51809029383216,0.05895188259978535,0.6591028430491316,0.08581685251204312,0.22197799999999998,0.6294296185676498
0.358,0.20999999999999974,0.0,56.583516721349675,0.05862126859557396,0.6581567315325396,0.0847244365447057,0.221873,0.6273698335570275
0.3585,0.2074999999999998,0.0,53.72554273761916,0.058292509067139245,0.657210463632878,0.08364536077179024,0.221768,0.6253039979502985
0.359,0.20499999999999985,0.0,50.94397125644135,0.057965593209259994,0.6562640398145083,0.08257949755313626,0.221663,0.6232321099341775
0.3595,0.20249999999999968,0.0,48.23860610566953,0.057640510216715034,0.6553174605417916,0.08152671938579734,0.22155799999999998,0.6211541677061245
0.36,0.19999999999999973,0.0,45.6085885404921,0.05731724966129575,0.6543707729336038,0.08048691226043488,0.22145299999999998,0.6190702723134105
0.3605,0.1974999999999998,0.0,43.05030012916349,0.05699580346759112,0.6534242293653116,0.07946002134371487,0.221348,0.6169809796204461
0.361,0.19499999999999984,0.0,40.56830138946219,0.05667615894935671,0.6524775028407609,0.07844582724659857,0.221243,0.614885567500659
0.3615,0.19249999999999967,0.0,38.16107097279775,0.05635830641087022,0.6515306932560252,0.07744423171899623,0.22113799999999997,0.6127842546472373
0.362,0.18999999999999972,0.0,35.827249073499694,0.05604223615640936,0.6505839005071787,0.07645513548842797,0.22103299999999998,0.6106772621658891
0.3625,0.18749999999999978,0.0,33.56563735547916,0.055727938490251865,0.649637224490295,0.07547843831989243,0.22092799999999999,0.6085648135750513
0.363,0.18499999999999983,0.0,31.37519910014159,0.05541540371667543,0.6486907651014482,0.07451403907476813,0.220823,0.6064471348054661
0.3635,0.18249999999999966,0.0,29.255059575564733,0.05510462213995778,0.6477446222367119,0.07356183576872768,0.22071799999999997,0.6043244541991174
0.364,0.17999999999999972,0.0,27.204506626919926,0.05479558406437662,0.6467988957921602,0.0726217256286466,0.22061299999999998,0.6021970025075342
0.3645,0.17749999999999977,0.0,25.222991488154843,0.05448827979420967,0.6458536856638668,0.07169360514849836,0.22050799999999998,0.6000650128894539
0.365,0.17499999999999982,0.0,23.310129814911836,0.05418269963373465,0.6449090917479057,0.07077737014421327,0.220403,0.5979287209078531
0.3655,0.17249999999999965,0.0,21.465702938745174,0.053878833887229256,0.6439652139403506,0.06987291580750171,0.22029799999999997,0.5957883645263382
0.366,0.1699999999999997,0.0,19.689659342538757,0.05357667285897121,0.6430221521372753,0.06898013675861885,0.22019299999999997,0.5936441841049024
0.3665,0.16749999999999976,0.0,17.982116357216178,0.05327620685323824,0.6420800062347539,0.06809892709807422,0.22008799999999998,0.5914964223950453
0.367,0.1649999999999998,0.0,16.34336207968709,0.052977426174308034,0.6411388761288602,0.06722918045726953,0.21998299999999998,0.5893453245342555
0.3675,0.16249999999999964,0.0,14.773857512061614,0.05268032112645832,0.640198861715668,0.06637079004806307,0.219878,0.5871911380398565
0.368,0.1599999999999997,0.0,13.273328879520509,0.052384882355120475,0.6392601815095574,0.06552367533322576,0.21977299999999997,0.5850343856998806
0.3685,0.15749999999999975,0.0,11.842115049944614,0.05209110063999703,0.6383230218570403,0.06468774749144032,0.21966799999999997,0.5828755213054115
0.369,0.1549999999999998,0.0,10.480239865879177,0.05179896677875697,0.6373876639120685,0.0638629366936006,0.21956299999999998,0.5807152223113935
0.3695,0.15249999999999964,0.0,9.18812761412852,0.051508471594067816,0.6364544048072328,0.06304917435813139,0.219458,0.5785542098722469
0.37,0.1499999999999997,0.0,7.9667452042225335,0.05121960590859711,0.635523541675124,0.062246389668121974,0.219353,0.5763932121395248
0.3705,0.14749999999999974,0.0,6.817616974056366,0.05093236054501238,0.6345953716483331,0.061454509672399654,0.21924799999999997,0.5742329642193247
0.371,0.1449999999999998,0.0,5.742438221633029,0.050646726403013154,0.6336702717666498,0.06067347570852434,0.21914299999999998,0.5720743948102035
0.3715,0.14249999999999963,0.0,4.743982777238964,0.05036269437827915,0.632748545212597,0.05990321159719664,0.21903799999999998,0.5699182683563015
0.372,0.13999999999999968,0.0,3.824601904973772,0.05008025554617449,0.6318307504405661,0.05914368997677779,0.218933,0.5677659556085565
0.3725,0.13749999999999973,0.0,2.9876710588602933,0.049799401004878174,0.630917477716002,0.05839488537606686,0.218828,0.5656189150015375
0.373,0.1349999999999998,0.0,2.237820108828247,0.04952012185256919,0.6300093173043501,0.05765676783031162,0.21872299999999997,0.5634786183622669
0.3735,0.13249999999999962,0.0,1.5805809627743546,0.049242409249036306,0.6291070163767322,0.05692933296776863,0.21861799999999998,0.5613469218719082
0.374,0.12999999999999967,0.0,1.023636535248202,0.04896625433453887,0.628211116306123,0.05621253215755387,0.21851299999999999,0.5592252103369287
0.3745,0.12749999999999972,0.0,0.5750966890953695,0.04869164843027502,0.6273227532226273,0.0555064237131872,0.218408,0.5571162937960372
0.375,0.12499999999999956,0.0,0.24576553846202295,0.048418582878600916,0.6264431335991655,0.054811069947484144,0.21830299999999997,0.5550231746326182
0.3755,0.12249999999999961,0.0,0.0495807871161982,0.04814704902187273,0.6255734639086576,0.05412652396584099,0.21819799999999998,0.5529488809650469
0.376,0.11999999999999966,0.0,0.0,0.04787703824997452,0.6247150009121225,0.053452839074313745,0.21809299999999998,0.5508965862870274
0.3765,0.11749999999999972,0.0,0.0,0.047608541997146904,0.6238690960284059,0.05279007636740994,0.217988,0.5488697164461462
0.377,0.11499999999999955,0.0,0.0,0.04734155180891228,0.6230354887651843,0.052138007803147805,0.21788299999999997,0.5468678484358945
0.3775,0.1124999999999996,0.0,0.0,0.04707605923621426,0.6222138610557868,0.051496400533628695,0.21777799999999997,0.544890412058749
0.378,0.10999999999999965,0.0,0.0,0.0468120558608427,0.621403900987277,0.050865028255639426,0.21767299999999998,0.5429368425138663
0.3785,0.1074999999999997,0.0,0.0,0.04654953332794317,0.6206053096222189,0.05024367222138028,0.21756799999999998,0.5410065972995779
0.379,0.10499999999999954,0.0,0.0,0.04628848334757898,0.6198178016420548,0.04963212108915881,0.21746299999999996,0.5390991583281888
0.3795,0.10249999999999959,0.0,0.0,0.046028898282947706,0.6190412000303621,0.04903018717501056,0.21735799999999997,0.5372142625181551
0.38,0.09999999999999964,0.0,0.0,0.04577076880126013,0.6182750500462706,0.04843763880085073,0.21725299999999997,0.5353509648686952
0.3805,0.0974999999999997,0.0,0.0,0.045514086869404766,0.6175191132679339,0.04785428705127918,0.21714799999999998,0.5335088370046314
0.381,0.09499999999999953,0.0,0.0,0.045258844559793496,0.6167731687284219,0.047279950042862735,0.21704299999999999,0.5316874865865606
0.3815,0.09249999999999958,0.0,0.0,0.045005033944838235,0.616036995460805,0.046714449767053794,0.21693799999999996,0.5298865151314865
0.382,0.08999999999999964,0.0,0.0,0.0447526470969509,0.6153103724981533,0.04615761201010429,0.21683299999999997,0.5281055181520742
0.3825,0.08749999999999969,0.0,0.0,0.04450167608854337,0.6145930788735369,0.04560926627441829,0.21672799999999998,0.5263440852927941
0.383,0.08499999999999952,0.0,0.0,0.04425211299202758,0.613884893620026,0.045069245701335955,0.21662299999999998,0.5246018004629507
0.3835,0.08249999999999957,0.0,0.0,0.044003949879815416,0.6131855957706908,0.04453738699533817,0.216518,0.5228782419665963
0.384,0.07999999999999963,0.0,0.0,0.043757178824318795,0.6124949643586013,0.044013530349666444,0.21641299999999997,0.5211729826293314
0.3845,0.07749999999999968,0.0,0.0,0.04351179189794962,0.6118127784168278,0.043497519373344416,0.21630799999999997,0.5194855899219936
0.385,0.07499999999999951,0.0,0.0,0.0432677817618356,0.6111388880352332,0.042989212105156965,0.21620299999999998,0.5178158023007816
0.3855,0.07249999999999956,0.0,0.0,0.04302514004412621,0.6104730318299767,0.04248845196345445,0.21609799999999998,0.516163077386064
0.386,0.06999999999999962,0.0,0.0,0.04278385898206821,0.6098150160203364,0.04199509626202447,0.215993,0.5145270353213957
0.3865,0.06749999999999967,0.0,0.0,0.04254393113220965,0.6091646835877841,0.041509010820055155,0.21588799999999997,0.5129073834341935
0.387,0.0649999999999995,0.0,0.0,0.042305349051098555,0.6085218775137916,0.04103006408148638,0.21578299999999997,0.5113038253018917
0.3875,0.062499999999999556,0.0,0.0,0.04206810529528298,0.6078864407798311,0.04055812706456428,0.21567799999999998,0.5097160608280966
0.388,0.05999999999999961,0.0,0.0,0.04183219242131096,0.6072582163673742,0.040093073312242225,0.215573,0.5081437863171676
0.3885,0.05749999999999966,0.0,0.0,0.041597602985730536,0.6066370472578928,0.03963477884342566,0.21546799999999997,0.5065866945472282
0.389,0.054999999999999494,0.0,0.0,0.041364329545089756,0.606022776432859,0.039183122105056915,0.21536299999999997,0.5050444748416039
0.3895,0.05249999999999955,0.0,0.0,0.04113236465593665,0.6054152468737445,0.038737983925031125,0.21525799999999998,0.5035168131386862
0.39,0.0499999999999996,0.0,0.0,0.04090170087481927,0.6048143015620212,0.03829924746593769,0.21515299999999998,0.502003392060226
0.3905,0.047499999999999654,0.0,0.0,0.04067233131233451,0.6042198300424638,0.03786680481396742,0.215048,0.5005040085088768
0.391,0.044999999999999485,0.0,0.0,0.040444248281923084,0.6036316619948607,0.03744054143067724,0.21494299999999997,0.4990183055709302
0.3915,0.04249999999999954,0.0,0.0,0.04021744410043881,0.6030496263499415,0.037020344989196895,0.21483799999999997,0.497545921106757
0.392,0.03999999999999959,0.0,0.0,0.03999191180789169,0.6024736111676942,0.03660611358345619,0.21473299999999998,0.49608663961079846
0.3925,0.037499999999999645,0.0,0.0,0.03976764444429175,0.6019035045081063,0.03619774714075861,0.21462799999999999,0.4946402432304612
0.393,0.034999999999999476,0.0,0.0,0.03954463504964898,0.6013391944311658,0.035795147389127695,0.21452299999999996,0.49320651180869957
0.3935,0.03249999999999953,0.0,0.0,0.03932287666397341,0.6007805689968606,0.03539821782516204,0.21441799999999997,0.4917852229257961
0.394,0.029999999999999583,0.0,0.0,0.03910236232727504,0.6002275162651785,0.03500686368239886,0.21431299999999998,0.4903761519403439
0.3945,0.027499999999999636,0.0,0.0,0.03888308507956389,0.5996799242961071,0.03462099190017937,0.21420799999999998,0.4889790720294306
0.395,0.024999999999999467,0.0,0.0,0.038665037960849954,0.5991376811496345,0.03424051109301736,0.21410299999999996,0.48759375422802265
0.3955,0.02249999999999952,0.0,0.0,0.038448214011143254,0.5986006748857483,0.03386533152046149,0.21399799999999997,0.4862199674675487
0.396,0.019999999999999574,0.0,0.0,0.0382326062704538,0.5980687935644365,0.03349536505745334,0.21389299999999997,0.4848574786136878
0.3965,0.017499999999999627,0.0,0.0,0.03801820778785828,0.5975419258273224,0.03313052524035606,0.21378799999999998,0.4835060539962357
0.397,0.014999999999999458,0.0,0.0,0.037805011848736234,0.5970199777276848,0.03277072933510581,0.21368299999999996,0.48216550270855973
0.3975,0.012499999999999512,0.0,0.0,0.03759301167766135,0.5965028525060676,0.03241589565546433,0.21357799999999996,0.4808356248860325
0.398,0.009999999999999565,0.0,0.0,0.03738220064803166,0.5959904615633921,0.032065944984415624,0.21347299999999997,0.4795162399624969
0.3985,0.007499999999999618,0.0,0.0,0.037172572133245194,0.5954827163005791,0.031720799452829775,0.21336799999999997,0.47820716577947153
0.399,0.004999999999999449,0.0,0.0,0.036964119506699984,0.59497952811855,0.03138038251654008,0.21326299999999998,0.47690821861265187
0.3995,0.0024999999999995026,0.0,0.0,0.03675683614179406,0.5944808084182256,0.03104461893377287,0.21315799999999996,0.4756192131979087
0.3999999999999999,1.1102230246251565e-16,0.0,0.0,0.036550715456649126,0.5939864712579622,0.0307134350648091,0.213053,0.4743399696378777
0.4004999999999999,0.010000000000000123,0.0,0.0,0.03634575092282303,0.5934964340792457,0.03038675891435499,0.213473,0.4730703153498437
0.4009999999999999,0.020000000000000136,0.0,0.0,0.03614193608673056,0.5930106183643975,0.030064520179891037,0.213893,0.471810086849075
0.4014999999999999,0.030000000000000148,0.0,0.0,0.035939264501165254,0.5925289459445401,0.029746649763596544,0.214313,0.47055912023894286
0.4019999999999999,0.04000000000000016,0.0,0.0,0.035737729736513804,0.5920513435006411,0.029433080186363543,0.214733,0.46931726294760245
0.4024999999999999,0.050000000000000176,0.0,2.368608201049372,0.03553732542228856,0.591581291429851,0.029124073268961544,0.215153,0.4680936176335835
0.4029999999999999,0.060000000000000185,0.0,43.40605580714851,0.03533804521780894,0.5913017596954718,0.028836253099578147,0.215573,0.46736526904331044
0.4034999999999999,0.0700000000000002,0.0,125.74591557674597,0.03513988281770724,0.5914249080932428,0.028588133784502857,0.215993,0.4676862062289059
0.4039999999999999,0.08000000000000021,0.0,190.27409845631345,0.034942831952001756,0.5934903144843012,0.02851675695614415,0.216413,0.4730544501974735
0.4044999999999999,0.09000000000000022,0.0,218.20779565229662,0.03474688638581109,0.5970776937785831,0.02858218876569941,0.216833,0.4823138238176491
0.4049999999999999,0.10000000000000024,0.0,229.6726326019226,0.03455203991935046,0.6012299707855004,0.02869827058524476,0.217253,0.492928774873301
0.4054999999999999,0.11000000000000025,0.0,235.41412620684733,0.03435828638748873,0.6055672993924678,0.028830981633887746,0.217673,0.5038993772048752
0.4059999999999999,0.12000000000000026,0.0,239.3149090991649,0.034165619659817716,0.6099631923130507,0.028968976316915078,0.218093,0.5148956908462173
0.4064999999999999,0.13000000000000028,0.0,242.6430182650631,0.033974033639972784,0.6143775095809246,0.02910863733411965,0.218513,0.5258140780707594
0.4069999999999999,0.1400000000000003,0.0,245.79236051737175,0.03378352226604243,0.6187979366303641,0.02924884496160271,0.21893300000000002,0.5366230449066712
0.4074999999999999,0.1500000000000003,0.0,248.8822381119072,0.033594079510819205,0.623220764734461,0.029389254681159792,0.219353,0.5473131628594248
0.4079999999999999,0.1600000000000003,0.0,251.9524221640714,0.033405699381161225,0.6276447594033929,0.029529745406885927,0.219773,0.5578812971946521
0.4084999999999999,0.17000000000000032,0.0,255.0125349829686,0.03321837590883289,0.6320696132296769,0.02967028024579464,0.220193,0.568326627841328
0.4089999999999999,0.18000000000000033,0.0,258.06485352783204,0.033032103180058225,0.6364952434839914,0.02981084276494406,0.220613,0.5786488902749916
0.4094999999999999,0.19000000000000034,0.0,261.11084125244304,0.032846875374197226,0.640921593422556,0.02995141888155184,0.221033,0.5888478888067723
0.4099999999999999,0.20000000000000037,0.0,264.1500418385531,0.03266268644709325,0.6453486638211469,0.03009199939316911,0.221453,0.5989235642428383
0.4104999999999999,0.21000000000000038,0.0,267.1820166324888,0.032479530629277414,0.6497764550247709,0.03023257535754346,0.22187300000000001,0.6088758563296673
0.4109999999999999,0.2200000000000004,0.0,270.2063201703253,0.03229740218552623,0.6542049676671761,0.03037313781417288,0.22229300000000002,0.6187047054015984
0.4114999999999999,0.2300000000000004,0.0,273.22250995556374,0.03211629538061622,0.6586342023821107,0.030513677706001253,0.22271300000000002,0.628410051711423
0.4119999999999999,0.2400000000000004,0.0,276.2301464692833,0.031936204479323896,0.663064159803323,0.03065418587788945,0.223133,0.6379918354303551
0.4124999999999999,0.25000000000000044,0.0,279.22879318034376,0.031757123746425774,0.667494840564561,0.030794653075050808,0.223553,0.6474499966480016
0.4129999999999999,0.26000000000000045,0.0,282.2178155341039,0.03157905277944349,0.6719262509820432,0.03093507898158514,0.223973,0.6567844872618069
0.4134999999999999,0.27000000000000046,0.0,285.1969799808335,0.03140197944627464,0.6763583860612989,0.031075443578781496,0.224393,0.6659952350993392
0.4139999999999999,0.28000000000000047,0.0,288.16581302871657,0.031225897440821944,0.6807912477224155,0.031215736443345788,0.224813,0.675082182619221
0.4144999999999999,0.2900000000000005,0.0,291.12380089201434,0.03105080156539888,0.6852248390650474,0.03135594894425944,0.22523300000000002,0.6840452744208376
0.4149999999999999,0.3000000000000005,0.0,294.0704310475185,0.030876686622318926,0.6896591631888488,0.03149607238238192,0.22565300000000002,0.6928844547428393
0.4154999999999999,0.3100000000000005,0.0,297.00519228482597,0.030703547413895565,0.694094223193474,0.03163609798934014,0.22607300000000002,0.7015996674629972
0.4159999999999999,0.3200000000000005,0.0,299.9275747567182,0.03053137874244228,0.6985300221785774,0.03177601692638312,0.226493,0.7101908560980579
0.4164999999999999,0.3300000000000005,0.0,302.8370700299926,0.030360175410272545,0.7029665632438135,0.031915820283199885,0.226913,0.7186579638035986
0.4169999999999999,0.3400000000000005,0.0,305.7331711362133,0.030189932219699844,0.7074038494888363,0.032055499076702125,0.227333,0.7270009333738789
0.4174999999999999,0.35000000000000053,0.0,308.61537262287084,0.03002064397303766,0.7118418840133004,0.03219504424977074,0.227753,0.7352197072416957
0.4179999999999999,0.36000000000000054,0.0,311.4831706047222,0.029852305472599473,0.7162806699168601,0.032334446669964656,0.22817300000000001,0.7433142274782345
0.4184999999999999,0.37000000000000055,0.0,314.3360628152893,0.02968491152069876,0.7207202102991697,0.032473697128194576,0.22859300000000002,0.7512844357929209
0.41899999999999993,0.38000000000000056,0.0,317.1735486586032,0.029518456919649005,0.7251605082598834,0.03261278633735905,0.22901300000000002,0.759130273533273
0.41949999999999993,0.39000000000000057,0.0,319.99512926119456,0.029352936471763683,0.7296015668986559,0.03275170493094331,0.22943300000000003,0.766851681684751
0.41999999999999993,0.40000000000000063,0.0,322.80030752421965,0.02918834497935628,0.7340433893151412,0.03289044346158182,0.22985300000000003,0.7744486008706074
0.42049999999999993,0.41000000000000064,0.0,325.5885881758772,0.029024677244740275,0.7384859786089938,0.033028992399583096,0.230273,0.7819209713517358
0.42099999999999993,0.42000000000000065,0.0,328.3594778240159,0.02886192807022915,0.7429293378798679,0.03316734213141639,0.230693,0.7892687330265207
0.42149999999999993,0.43000000000000066,0.0,331.1124850088881,0.028700092258136384,0.7473734702274181,0.03330548295816259,0.231113,0.796491825430685
0.42199999999999993,0.44000000000000067,0.0,333.8471202562048,0.028539164610775457,0.7518183787512984,0.03344340509392598,0.23153300000000002,0.8035901877371366
0.42249999999999993,0.4500000000000007,0.0,336.5628961303951,0.02837913993045985,0.7562640665511635,0.0335810986642093,0.23195300000000002,0.8105637587558174
0.42299999999999993,0.4600000000000007,0.0,339.2593272880198,0.02822001301950304,0.7607105367266674,0.03371855370425065,0.23237300000000002,0.8174124769335473
0.42349999999999993,0.4700000000000007,0.0,341.9359305314448,0.028061778680218516,0.7651577923774646,0.0338557601573236,0.23279300000000003,0.8241362803538712
0.42399999999999993,0.4800000000000007,0.0,344.59222486270323,0.02790443171491975,0.7696058366032096,0.03399270787299839,0.23321300000000003,0.8307351067369039
0.42449999999999993,0.4900000000000007,0.0,347.22773153761864,0.027747966925920225,0.7740546725035564,0.03412938660536668,0.23363300000000004,0.8372088934391737
0.42499999999999993,0.5000000000000008,0.0,349.8418827260103,0.0275923797280045,0.7785043054985945,0.034265787504233085,0.234053,0.8435575807313139
0.42549999999999993,0.5100000000000008,0.0,352.4337504189525,0.02743766675725918,0.7829547501449892,0.03440190513888522,0.23447300000000001,0.8497811209036222
0.42599999999999993,0.5200000000000008,0.0,355.0031136715701,0.02728382043300371,0.7874060030738876,0.03453772347969689,0.23489300000000002,0.8558794402773602
0.42649999999999993,0.5300000000000008,0.0,357.5494388795015,0.02713083615667246,0.7918580689267459,0.03467323331559153,0.23531300000000002,0.8618524761769667
0.42699999999999994,0.5400000000000008,0.0,360.0721941802243,0.026978709329699806,0.7963109523450198,0.03480842538295434,0.23573300000000003,0.8677001653871403
0.42749999999999994,0.5500000000000008,0.0,362.57084953694965,0.026827435353520106,0.8007646579701653,0.03494329036446461,0.23615300000000003,0.8734224441525982
0.42799999999999994,0.5600000000000008,0.0,365.0448768230554,0.026677009629567736,0.8052191904436381,0.03507781888789122,0.23657300000000003,0.8790192481778325
0.42849999999999994,0.5700000000000008,0.0,367.493749906829,0.02652742755927706,0.8096745544068942,0.03521200152485342,0.23699300000000004,0.8844905126268677
0.42899999999999994,0.5800000000000008,0.0,369.91694473690336,0.026378684544082456,0.8141307545013894,0.03534582878954486,0.23741300000000004,0.8898361721230141
0.42949999999999994,0.5900000000000009,0.0,372.3139394279663,0.02623077598541828,0.8185877953685795,0.035479291137423444,0.23783300000000002,0.8950561607486213
0.42999999999999994,0.6000000000000009,0.0,374.6842143471655,0.02608369728471891,0.8230456816499204,0.03561237896386386,0.23825300000000002,0.90015041204483
0.43049999999999994,0.6100000000000009,0.0,377.0272522007114,0.02593744384341871,0.8275044179868681,0.03574508260277507,0.23867300000000002,0.905118859011323
0.43099999999999994,0.6200000000000009,0.0,379.3425381212866,0.025792011062952053,0.8319640090208783,0.03587739232518241,0.23909300000000003,0.9099614341060731
0.43149999999999994,0.6300000000000009,0.0,381.6295597556037,0.025647394344753306,0.8364244593934069,0.03600929833777356,0.23951300000000003,0.9146780692450919
0.43199999999999994,0.6400000000000009,0.0,383.88780735268426,0.025503589090256833,0.8408857737459099,0.036140790781409075,0.23993300000000004,0.9192686958021754
0.43249999999999994,0.6500000000000009,0.0,386.1167738525682,0.025360590700897013,0.845347956719843,0.03627185972959757,0.24035300000000004,0.9237332446086494
0.43299999999999994,0.6600000000000009,0.0,388.3159549753768,0.025218394578108205,0.8498110129566621,0.03640249518693579,0.24077300000000004,0.9280716459531124
0.43349999999999994,0.6700000000000009,0.0,390.48484931095186,0.02507699612332478,0.8542749470978231,0.036532687087511964,0.24119300000000005,0.9322838295811791
0.43399999999999994,0.6800000000000009,0.0,392.6229584090467,0.024936390737981116,0.8587397637847819,0.03666242529327718,0.24161300000000002,0.9363697246952194
0.43449999999999994,0.690000000000001,0.0,394.72978686979735,0.024796573823511567,0.8632054676589942,0.036791699592377984,0.24203300000000003,0.9403292599540992
0.43499999999999994,0.700000000000001,0.0,396.8046466120303,0.024657551992984025,0.8676720680302541,0.036920528179491395,0.24245300000000003,0.9441623674126604
0.43549999999999994,0.710000000000001,0.0,398.84700012126797,0.024519322279467636,0.8721395706571077,0.037048905724541586,0.24287300000000003,0.9478689751538624
0.43599999999999994,0.720000000000001,0.0,400.8566224734758,0.024381862697219724,0.8766079739528119,0.037176777819404434,0.24329300000000004,0.951449004808578
0.43649999999999994,0.730000000000001,0.0,402.8329740970421,0.024245169439474475,0.8810772839190626,0.037304135799785115,0.24371300000000004,0.954902383928357
0.43699999999999994,0.740000000000001,0.0,404.7755183720813,0.024109238699466073,0.885547506557556,0.037430970992451754,0.24413300000000004,0.9582290393648192
0.43749999999999994,0.750000000000001,0.0,406.68372175156924,0.02397406667042871,0.8900186478699879,0.0375572747144925,0.24455300000000002,0.9614288972693057
0.43799999999999994,0.760000000000001,0.0,408.557053883139,0.023839649545596572,0.8944907138580543,0.03768303827254066,0.24497300000000005,0.9645018830925288
0.43849999999999995,0.770000000000001,0.0,410.3949877316734,0.023705983518203844,0.8989637105234514,0.03780825296196382,0.24539300000000003,0.967447921584219
0.43899999999999995,0.780000000000001,0.0,412.19699970284984,0.02357306478148471,0.9034376438678751,0.03793291006602163,0.24581300000000003,0.97026693679277
0.43949999999999995,0.7900000000000011,0.0,413.9625697672928,0.02344088952867336,0.9079125198930214,0.03805700085498839,0.24623300000000004,0.9729588520648814
0.43999999999999995,0.8000000000000012,0.0,415.69118158568995,0.023309453953003982,0.9123883446005864,0.03818051658524325,0.24665300000000004,0.975523590045199
0.44049999999999995,0.8100000000000012,0.0,417.3823226345675,0.02317875424771076,0.916865123992266,0.03830344849832638,0.24707300000000004,0.9779610726759524
0.44099999999999995,0.8200000000000012,0.0,419.0354843329527,0.02304878660602788,0.9213428640697564,0.0384257878199619,0.24749300000000005,0.9802712211965918
0.44149999999999995,0.8300000000000012,0.0,420.65016216982264,0.022919547221189527,0.9258215708347535,0.03854752575904699,0.24791300000000005,0.98245395614342
0.44199999999999995,0.8400000000000012,0.0,422.2258558323134,0.022791032286429893,0.9303012502889533,0.038668653506609196,0.24833300000000005,0.9845091973492247
0.44249999999999995,0.8500000000000012,0.0,423.76206933476584,0.02266323799498316,0.9347819084340517,0.03878916223472824,0.24875300000000006,0.9864368639429069
0.44299999999999995,0.8600000000000012,0.0,425.25831114857016,0.02253616054008352,0.939263551271745,0.038909043095426796,0.24917300000000003,0.9882368743491073
0.44349999999999995,0.8700000000000012,0.0,426.7140943327841,0.02240979611496515,0.943746184803729,0.03902828721952769,0.24959300000000004,0.989909146287831
0.44399999999999995,0.8800000000000012,0.0,428.12893666556124,0.02228414091286225,0.9482298150316998,0.039146885715477725,0.25001300000000004,0.9914535967740689
0.44449999999999995,0.8900000000000012,0.0,429.5023607763402,0.022159191127008995,0.9527144479573534,0.03926482966814013,0.250433,0.9928701421174176
0.44499999999999995,0.9000000000000012,0.0,430.83389427898766,0.022034942950639576,0.9572000895823858,0.039382110137553286,0.25085300000000005,0.9941586979216971
0.44549999999999995,0.9100000000000013,0.0,432.1230699054414,0.02191139257698818,0.961686745908493,0.03949871815765819,0.251273,0.9953191790845651
0.44599999999999995,0.9200000000000013,0.0,433.36942564056824,0.021788536199288992,0.9661744229373711,0.039614644734994875,0.25169300000000006,0.9963514997971306
0.44649999999999995,0.9300000000000013,0.0,434.572504857299,0.0216663700107762,0.9706631266707161,0.03972988084736384,0.25211300000000003,0.9972555735435636
0.44699999999999995,0.9400000000000013,0.0,435.73185645317636,0.021544890204683993,0.9751528631102239,0.03984441744246,0.25253300000000006,0.9980313131007038
0.44749999999999995,0.9500000000000013,0.0,436.8470349870338,0.021424092974246554,0.9796436382575906,0.03995824543647311,0.25295300000000004,0.9986786305376664
0.44799999999999995,0.9600000000000013,0.0,437.9176008171413,0.021303974512698068,0.9841354581145122,0.040071355712658165,0.25337300000000007,0.9991974372154452
0.44849999999999995,0.9700000000000013,0.0,438.94312023954666,0.021184531013272726,0.9886283286826847,0.040183739119875085,0.25379300000000005,0.9995876437865145
0.44899999999999995,0.9800000000000013,0.0,439.9231656276613,0.021065758669204713,0.9931222559638042,0.04029538647109825,0.254213,0.9998491601944278
0.44949999999999996,0.9900000000000013,0.0,440.85731557246163,0.020947653673728216,0.9976172459595666,0.04040628854189667,0.25463300000000005,0.9999818956734146
0.44999999999999996,1.0000000000000013,0.0,441.7451550233429,0.02083021222007742,1.002113304671668,0.0405164360688846,0.25505300000000003,0.9999857587479742
0.45049999999999996,1.0100000000000016,0.0,442.5862754301812,0.020713430501486513,1.0066104381018044,0.04062581974814262,0.25547300000000006,0.9998606572324688
0.45099999999999996,1.0200000000000014,0.0,443.3802748857059,0.02059730471118968,1.0111086522516717,0.04073443023361126,0.25589300000000004,0.9996064982307125
0.45149999999999996,1.0300000000000016,0.0,444.1267582690926,0.020481831042421114,1.0156079531229663,0.040842258135455535,0.25631300000000007,0.999223188135559
0.45199999999999996,1.0400000000000014,0.0,444.82533739002525,0.020367005688414992,1.0201083467173835,0.04094929401840396,0.25673300000000004,0.9987106326284869
0.45249999999999996,1.0500000000000016,0.0,445.4756311338472,0.020252824842405506,1.02460983903662,0.04105552840005697,0.2571530000000001,0.9980687366791826
0.45299999999999996,1.0600000000000014,0.0,446.07726560717975,0.02013928469762684,1.0291124360823716,0.041160951749172635,0.25757300000000005,0.9972974045451206
0.45349999999999996,1.0700000000000016,0.0,446.629874284738,0.020026381447313186,1.0336161438563343,0.04126555448392373,0.2579930000000001,0.9963965397711424
0.45399999999999996,1.0800000000000014,0.0,447.1330981565458,0.019914111284698725,1.038120968360204,0.04136932697013175,0.25841300000000006,0.9953660451890317
0.45449999999999996,1.0900000000000016,0.0,447.5865858762961,0.019802470403017646,1.0426269155956767,0.04147225951947304,0.2588330000000001,0.9942058229170888
0.45499999999999996,1.1000000000000014,0.0,447.9899939101631,0.019691454995504135,1.0471339915644486,0.04157434238766508,0.25925300000000007,0.9929157743597018
0.45549999999999996,1.1100000000000017,0.0,448.34298668681276,0.019581061255392378,1.0516422022682157,0.041675565772624955,0.25967300000000004,0.9914958002069155
0.45599999999999996,1.1200000000000014,0.0,448.6452367478392,0.019471285375916563,1.0561515537086739,0.041775919812608274,0.2600930000000001,0.9899458004339985
0.45649999999999996,1.1300000000000017,0.0,448.89603403264516,0.019362124153607663,1.0606620606483013,0.04187539775307187,0.26051300000000005,0.9882656709116767
0.45699999999999996,1.1400000000000015,0.0,449.09339229993196,0.019253576425178668,1.0651737666280972,0.04197400353236684,0.2609330000000001,0.9864552938249564
0.45749999999999996,1.1500000000000017,0.0,449.238467897674,0.019145636518385554,1.0696866449494766,0.042071716863769565,0.26135300000000006,0.9845145775372627
0.45799999999999996,1.1600000000000015,0.0,449.33088365676883,0.01903830123146578,1.0742007034942442,0.042168530226126814,0.26177300000000003,0.9824434170948956
0.45849999999999996,1.1700000000000017,0.0,449.37027148729055,0.01893156736265682,1.0787159501442052,0.042264436103343156,0.26219300000000006,0.9802417066099969
0.45899999999999996,1.1800000000000015,0.0,449.3562725853045,0.01882543171019614,1.0832323927811642,0.04235942698311076,0.26261300000000004,0.9779093392599554
0.45949999999999996,1.1900000000000017,0.0,449.288537641352,0.018719891072321214,1.0877500392869264,0.042453495355610354,0.2630330000000001,0.9754462072868076
0.45999999999999996,1.2000000000000015,0.0,449.16672704997995,0.018614942247269502,1.0922688975432966,0.0425466337121879,0.26345300000000005,0.9728522019966347
0.46049999999999996,1.2100000000000017,0.0,448.99051112099363,0.018510582033278475,1.0967889754320799,0.04263883454400231,0.2638730000000001,0.9701272137589548
0.46099999999999997,1.2200000000000015,0.0,448.7595702917011,0.018406807228585606,1.101310280835081,0.04273009034064901,0.26429300000000006,0.9672711320061129
0.46149999999999997,1.2300000000000018,0.0,448.47359534088093,0.018303614631428357,1.105832821634105,0.04282039358875795,0.2647130000000001,0.964283845232665
0.46199999999999997,1.2400000000000015,0.0,448.13228760387415,0.018201001040044202,1.1103566057109566,0.042909736770565934,0.26513300000000006,0.9611652409947591
0.46249999999999997,1.2500000000000018,0.0,447.7353591893201,0.018098963252670606,1.1148816409474411,0.04299811236246519,0.2655530000000001,0.9579152059095128
0.46299999999999997,1.2600000000000016,0.0,447.28253319684376,0.017997498067545036,1.119407935225363,0.043085512833529724,0.26597300000000007,0.9545336256543863
0.46349999999999997,1.2700000000000018,0.0,446.7735439367053,0.017896602282904968,1.1239354964265276,0.04317193064401484,0.2663930000000001,0.9510203849665503
0.46399999999999997,1.2800000000000016,0.0,446.2081371502428,0.01779627269698786,1.1284643324327397,0.04325735824383719,0.2668130000000001,0.947375367642253
0.46449999999999997,1.2900000000000018,0.0,445.58607023207685,0.01769650610803119,1.1329944511258043,0.043341788071032034,0.26723300000000005,0.94359845653618
0.46499999999999997,1.3000000000000016,0.0,444.90711245366634,0.017597299314272417,1.137525860387526,0.043425212550187255,0.2676530000000001,0.9396895335608122
0.46549999999999997,1.3100000000000018,0.0,444.17104518785686,0.01749864911394902,1.1420585680997102,0.04350762409085955,0.26807300000000006,0.935648479685778
0.46599999999999997,1.3200000000000016,0.0,443.3776621354693,0.017400552305298456,1.1465925821441616,0.04358901508596796,0.2684930000000001,0.9314751749372042
0.46649999999999997,1.3300000000000018,0.0,442.5267695525635,0.017303005686558202,1.151127910402685,0.04366937791016867,0.26891300000000007,0.92716949839706
0.46699999999999997,1.3400000000000016,0.0,441.61818647963554,0.017206006055965724,1.1556645607570855,0.0437487049182113,0.26933300000000004,0.9227313282024989
0.46749999999999997,1.3500000000000019,0.0,440.65161555149945,0.01710955065094623,1.1602025440169748,0.043826990670963656,0.2697530000000001,0.918160538553856
0.46799999999999997,1.3600000000000017,0.0,439.6259869865592,0.017013638957210697,1.164741888799936,0.043904241546790006,0.27017300000000005,0.9134569836563442
0.46849999999999997,1.3700000000000019,0.0,438.54213238822365,0.016918264025314194,1.1692825810155305,0.043980431210238716,0.2705930000000001,0.9086205604742358
0.469,1.3800000000000017,0.0,437.39976039644824,0.016823423055185846,1.1738246322781802,0.044055554049797094,0.27101300000000006,0.9036511390731997
0.4695,1.390000000000002,0.0,436.1985945370427,0.016729113246754787,1.178368054202306,0.04412960447688256,0.2714330000000001,0.8985485881380204
0.47,1.4000000000000017,0.0,434.9383735727525,0.016635331799950144,1.1829128584023296,0.044202576924409,0.27185300000000007,0.8933127749715858
0.4705,1.410000000000002,0.0,433.6188518581065,0.01654207591470105,1.1874590564926724,0.04427446584532833,0.2722730000000001,0.8879435654938682
0.471,1.4200000000000017,0.0,432.23979969657216,0.016449342790936634,1.1920066600877555,0.04434526571115497,0.2726930000000001,0.8824408242408964
0.4715,1.430000000000002,0.0,430.80100370112217,0.016357129628586025,1.1965556808020006,0.04441497101046664,0.27311300000000005,0.8768044143637184
0.472,1.4400000000000017,0.0,429.30226715769874,0.01626543362757836,1.2011061302498287,0.04448357624738661,0.2735330000000001,0.8710341976273563
0.4725,1.450000000000002,0.0,427.7434103914221,0.016174251987842763,1.2056580200456615,0.044551075940046925,0.27395300000000006,0.8651300344097522
0.473,1.4600000000000017,0.0,426.12427113629764,0.01608358190930837,1.21021136180392,0.04461746461903095,0.2743730000000001,0.859091783700706
0.4735,1.470000000000002,0.0,424.44470490730197,0.015993420591904308,1.2147661671390262,0.044682736825800574,0.27479300000000006,0.8529193031008031
0.474,1.4800000000000018,0.0,422.70458537607067,0.015903765235559707,1.219322447665401,0.044746887111102626,0.27521300000000004,0.8466124488203363
0.4745,1.490000000000002,0.0,420.90380474909676,0.0158146130402037,1.223880214997466,0.04480991003336173,0.2756330000000001,0.8401710756782157
0.475,1.5000000000000018,0.0,419.0422741490627,0.01572596120576542,1.2284394807496424,0.04487180015705512,0.2760530000000001,0.833595037100873
0.4755,1.510000000000002,0.0,417.11992399935724,0.01563780693217399,1.2330002565363516,0.04493255205107276,0.2764730000000001,0.8268841851211555
0.476,1.5200000000000018,0.0,415.13670441132473,0.015550147419358548,1.237562553972015,0.044992160287061184,0.27689300000000006,0.8200383703772114
0.4765,1.530000000000002,0.0,413.0925855746594,0.015462979867248223,1.2421263846710542,0.04505061943775699,0.2773130000000001,0.813057442111367
0.477,1.5400000000000018,0.0,410.98755815066266,0.015376301475772142,1.2466917602478902,0.04510792407530373,0.27773300000000006,0.805941248168997
0.4775,1.550000000000002,0.0,408.8216336686963,0.015290109444859439,1.2512586923169446,0.04516406876955712,0.2781530000000001,0.7986896349973819
0.478,1.5600000000000018,0.0,406.5948449253063,0.015204400974439244,1.255827192492639,0.04521904808637971,0.27857300000000007,0.7913024476445608
0.4785,1.570000000000002,0.0,404.3072463867971,0.015119173264440688,1.2603972723893941,0.045272856585924136,0.2789930000000001,0.783779529758175
0.479,1.5800000000000023,0.0,401.9589145941986,0.015034423514792901,1.264968943621632,0.04532548882090658,0.2794130000000001,0.7761207235842997
0.4795,1.590000000000002,0.0,399.54994857190906,0.014950148925425013,1.2695422178037739,0.04537693933486993,0.2798330000000001,0.7683258699662722
0.48,1.6000000000000023,0.0,397.0803113183674,0.01486634681597586,1.2741171103375213,0.045427203683183315,0.2802530000000001,0.7603948017225994
0.4805,1.610000000000002,0.0,394.5478853245441,0.014783015876682072,1.2786936869703813,0.04547628991007138,0.28067300000000006,0.7523272603407369
0.481,1.6200000000000023,0.0,391.95476902826437,0.014700151691611778,1.2832719136095945,0.04552417932938943,0.2810930000000001,0.7441231599488471
0.4815,1.6300000000000021,0.0,389.30077517649715,0.01461775178766623,1.2878518111649448,0.045570869134348935,0.28151300000000007,0.7357823176309342
0.482,1.6400000000000023,0.0,386.5857467581571,0.014535813691746686,1.2924334005462172,0.04561635653907759,0.2819330000000001,0.72730454797505
0.4825,1.6500000000000021,0.0,383.80955778345435,0.014454334930754396,1.297016702663196,0.04566063877675812,0.2823530000000001,0.7186896630710542
0.483,1.6600000000000024,0.0,380.9721140733345,0.014373313031590614,1.3016017384256655,0.0457037130977551,0.2827730000000001,0.7099374725083433
0.4835,1.6700000000000021,0.0,378.0733540580309,0.014292745521156598,1.3061885287434103,0.04574557676773574,0.2831930000000001,0.7010477833735518
0.484,1.6800000000000024,0.0,375.1132495858911,0.014212629926353597,1.310777094526215,0.04578622706578053,0.2836130000000001,0.6920204002482273
0.4845,1.6900000000000022,0.0,372.09180674149076,0.014132963774082869,1.3153674566838638,0.045825661282485816,0.2840330000000001,0.6828551252064774
0.485,1.7000000000000024,0.0,369.0090666736744,0.014053744591245665,1.3199596361261412,0.04586387671806099,0.28445300000000007,0.6735517578125871
0.4855,1.7100000000000022,0.0,365.86510643316717,0.013974969904743242,1.3245536537628317,0.04590087068041813,0.2848730000000001,0.6641100951186095
0.486,1.7200000000000024,0.0,362.66003981989394,0.013896637241476852,1.32914953050372,0.04593664048325704,0.28529300000000013,0.6545299316619283
0.4865,1.7300000000000022,0.0,359.3940182400162,0.01381874412834775,1.3337472872585903,0.04597118344414566,0.2857130000000001,0.6448110594627935
0.487,1.7400000000000024,0.0,356.06723157273404,0.013741288092257187,1.338346944937227,0.046004496882597085,0.2861330000000001,0.6349532680218275
0.4875,1.7500000000000022,0.0,352.67990904663867,0.013664266660106422,1.3429485244494148,0.046036578118142664,0.28655300000000006,0.6249563443175037
0.488,1.7600000000000025,0.0,349.2323201259129,0.013587677358796707,1.347552046704938,0.046067424468405026,0.2869730000000001,0.6148200728035988
0.4885,1.7700000000000022,0.0,345.72477540598953,0.013511517715229293,1.3521575326135813,0.046097033247167386,0.2873930000000001,0.604544235406615
0.489,1.7800000000000025,0.0,342.1576275191758,0.013435785256305437,1.3567650030851288,0.04612540176244526,0.2878130000000001,0.5941286115231761
0.4895,1.7900000000000023,0.0,338.5312720498748,0.013360477508926395,1.3613744790293651,0.04615252731455627,0.2882330000000001,0.5835729780173946
0.49,1.8000000000000025,0.0,334.8461122571311,0.013285592002537218,1.3659859822955835,0.04617840730442447,0.2886530000000001,0.5728771070253087
0.4905,1.8100000000000023,0.0,331.1006210363639,0.013211126461889669,1.3705995863023226,0.04620304549459335,0.2890730000000001,0.5620406461497046
0.491,1.8200000000000025,0.0,327.29524138739316,0.013137078566132682,1.3752153151730735,0.0462264403666571,0.2894930000000001,0.5510633522307753
0.4915,1.8300000000000023,0.0,323.43016260819775,0.013063446007512983,1.3798332010801933,0.04624859129274769,0.2899130000000001,0.5399449596848644
0.492,1.8400000000000025,0.0,319.5056336730333,0.012990226478277292,1.384453276196038,0.04626949763884621,0.2903330000000001,0.5286851990501689
0.4925,1.8500000000000023,0.0,315.5219647822584,0.012917417670672334,1.3890755726929647,0.04628915876258507,0.2907530000000001,0.5172837969822754
0.493,1.8600000000000025,0.0,311.47952893573085,0.012845017276944832,1.3937001227433294,0.046307574011052795,0.2911730000000001,0.5057404762496407
0.4935,1.8700000000000023,0.0,307.3787635284557,0.01277302298934151,1.3983269585194893,0.04632474271860668,0.2915930000000001,0.4940549557289957
0.494,1.8800000000000026,0.0,303.424663928452,0.012701432521982798,1.4029505363401775,0.046340111675315404,0.2920130000000001,0.4822412795381482
0.4945,1.8900000000000023,0.0,301.6342528187662,0.012630243620591624,1.4075155482521533,0.0463482164579938,0.2924330000000001,0.4704434883059532
0.495,1.9000000000000026,0.0,303.4285572907246,0.012559454032529095,1.4119826882631596,0.04634523681333435,0.2928530000000001,0.4587699763120543
0.4955,1.9100000000000024,0.0,309.03440514943736,0.01248906151811891,1.416346689589696,0.04633074901968233,0.2932730000000001,0.4472430933281296
0.496,1.9200000000000026,0.0,318.35854226685683,0.012419063850124671,1.4206128110268577,0.0463053726595726,0.2936930000000001,0.4358573443880259
0.4965,1.9300000000000024,0.0,331.23716260859686,0.012349458814012004,1.4247895715935124,0.04627004384208253,0.29411300000000007,0.424597639876914
0.497,1.9400000000000026,0.0,347.50124069391603,0.01228024420570747,1.4288864132438102,0.0462257809498725,0.2945330000000001,0.4134452950728945
0.4975,1.9500000000000024,0.0,367.0011071730676,0.012211417838591856,1.432912568734309,0.04617357195325628,0.29495300000000013,0.4023810836475199
0.498,1.9600000000000026,0.0,389.5994037586369,0.012142977531805706,1.4368768831361147,0.046114356186836666,0.2953730000000001,0.3913858067004897
0.4985,1.9700000000000024,0.0,415.19138944661637,0.012074921121115662,1.4407870859055303,0.046048954281070496,0.2957930000000001,0.38044242633581216
0.499,1.9800000000000026,0.0,443.68064825535237,0.01200724645399819,1.4446502662547327,0.04597811488460855,0.2962130000000001,0.36953488749870955
0.4995,1.9900000000000024,0.0,474.9883777644422,0.011939951386602341,1.4484725901859588,0.045902488408091274,0.2966330000000001,0.35864903013997806
0.4999999999999999,2.0000000000000004,0.0,509.0573026874743,0.011873033792626313,1.4522592310124387,0.045822621948527195,0.297053,0.3477729208036914
