Time [s],Phi [rad],STIM [ ],Fsee [N],Gamma [ ],Lcerel [ ],q [ ],Lmtc [m],fisomrel [ ]
0.0,1.7999999999999998,1.0,495.85886627221544,0.017003887164790562,1.3622162710607122,0.07000756813654282,0.288653,0.5816306536316094
0.0005,1.7975529411764704,1.0,376.3389677898149,0.02251771811153842,1.3638354904629255,0.11384138337841922,0.28855022352941173,0.577881810840569
0.001,1.795105882352941,1.0,341.34265526122635,0.028000620826502447,1.3636079496132039,0.163501531526616,0.2884474470588235,0.5784096268433732
0.0015,1.7926588235294116,1.0,335.15416457310135,0.033452768792204074,1.3626626196527594,0.21617821412555696,0.2883446705882353,0.5805989295491008
0.002,1.7902117647058822,1.0,351.7763931478185,0.03887433451936944,1.3611315380949085,0.26943838622044913,0.28824189411764706,0.5841326919426202
0.0025,1.7877647058823527,1.0,383.01039783070723,0.04426548954891351,1.3592524030406474,0.3215500458571402,0.2881391176470588,0.5884493332573987
0.003,1.7853176470588235,1.0,423.45793352583723,0.049626404459152756,1.357190443789632,0.37136615857864147,0.2880363411764706,0.5931600346472121
0.0035,1.782870588235294,1.0,469.8988416350356,0.05495724888092125,1.3550414719636612,0.41819692214193316,0.28793356470588233,0.598040667046801
0.004,1.7804235294117645,1.0,520.2990661169056,0.060258191480831134,1.3528603427964998,0.46169442327998705,0.2878307882352941,0.6029642170967369
0.0045000000000000005,1.777976470588235,1.0,573.2455568271686,0.06552939997468582,1.350679624704575,0.5017528807871984,0.28772801176470586,0.6078565077074569
0.005,1.7755294117647058,1.0,627.6852256759547,0.07077104116791638,1.3485192145709253,0.5384277552157427,0.28762523529411765,0.612673332509137
0.0055,1.7730823529411763,1.0,682.8298977173164,0.07598328089354471,1.346390842769978,0.5718741420633828,0.2875224588235294,0.6173896174907665
0.006,1.7706352941176469,1.0,738.0641087220623,0.08116628407917467,1.344301455049896,0.6023032452157248,0.2874196823529412,0.6219914159774378
0.006500000000000001,1.7681882352941174,1.0,792.9154987394945,0.08632021468258476,1.3422547131119529,0.6299522435349743,0.2873169058823529,0.626472293854129
0.007,1.7657411764705881,1.0,847.0091571206902,0.09144523589732827,1.3402523761216834,0.6550648497428669,0.2872141294117647,0.6308301037740706
0.0075,1.7632941176470587,1.0,900.0791332530445,0.09654150962971524,1.3382944591467354,0.6778787599836945,0.28711135294117646,0.6350665143833476
0.008,1.7608470588235292,1.0,951.9039552183857,0.10160919745505598,1.3363804928478906,0.6986190133171993,0.2870085764705882,0.6391841965287315
0.0085,1.7583999999999997,1.0,1002.3354209061432,0.1066484596185704,1.334509153452636,0.7174938780437333,0.2869058,0.6431875837257677
0.009000000000000001,1.7559529411764705,1.0,1051.2713995605031,0.11165945531123865,1.3326787548963797,0.7346935251140673,0.2868030235294118,0.6470817794661816
0.0095,1.753505882352941,1.0,1098.6371267451352,0.11664234295133903,1.3308875386189103,0.7503899816371511,0.2867002470588235,0.6508719285290789
0.01,1.7510588235294116,1.0,1144.3959938512896,0.12159728138975331,1.3291335083781548,0.7647376969590907,0.28659747058823526,0.6545635639754053
0.0105,1.748611764705882,1.0,1188.5304436780598,0.12652442637770603,1.327414695101293,0.7778747852146848,0.28649469411764705,0.6581620453817836
0.011,1.7461647058823528,1.0,1231.0420297948813,0.13142393351354964,1.3257291320367872,0.789924363330937,0.28639191764705885,0.6616726165260244
0.0115,1.7437176470588234,1.0,1271.948305985327,0.1362959581218075,1.3240748760846195,0.8009959756585165,0.2862891411764706,0.6651003657230183
0.012,1.741270588235294,1.0,1311.2824158892265,0.1411406549763719,1.3224499929386206,0.8111869833246584,0.2861863647058823,0.6684502616514143
0.0125,1.7388235294117644,1.0,1349.080068857947,0.14595817710032177,1.3208527079591053,0.8205839455074497,0.2860835882352941,0.6717268488370827
0.013000000000000001,1.7363764705882352,1.0,1385.3810347617489,0.1507486763839369,1.3192813610235263,0.8292638178697064,0.28598081176470586,0.6749343510936373
0.0135,1.7339294117647057,1.0,1420.2354496005485,0.15551230456677428,1.3177343067538043,0.8372950241612603,0.28587803529411765,0.6780768823714266
0.014,1.7314823529411763,1.0,1453.6990132472865,0.16024921285968205,1.3162099619650705,0.844738470820465,0.2857752588235294,0.6811583544453084
0.0145,1.7290352941176468,1.0,1485.8240799918206,0.16495955100417523,1.3147069014981472,0.8516484638133444,0.2856724823529412,0.6841822900173327
0.015,1.7265882352941175,1.0,1516.661959353314,0.16964346758884075,1.3132238127024334,0.858073473310484,0.2855697058823529,0.687151923329563
0.0155,1.724141176470588,1.0,1546.2692438141823,0.17430111094145376,1.3117594057544448,0.8640567958968398,0.2854669294117647,0.6900703855983272
0.016,1.7216941176470586,1.0,1574.7047004765404,0.17893262899959958,1.3103124430929243,0.8696371733165124,0.28536415294117645,0.6929406494314434
0.0165,1.7192470588235291,1.0,1602.019301322185,0.18353816789536995,1.3088818493471683,0.8748493565808048,0.28526137647058825,0.695765316147555
0.017,1.7167999999999999,1.0,1628.2642949206165,0.18811787309103245,1.3074666043441752,0.879724540059858,0.2851586,0.6985468342253267
0.0175,1.7143529411764704,1.0,1653.4864163065508,0.19267188831792387,1.306065792527743,0.8842907840635965,0.2850558235294117,0.7012874063914687
0.018000000000000002,1.711905882352941,1.0,1677.752087365694,0.19720036090626203,1.3046783146977832,0.8885733014657312,0.2849530470588235,0.7039895553345619
0.0185,1.7094588235294115,1.0,1701.1052593074435,0.20170343345534006,1.303303376465089,0.8925948987854432,0.2848502705882353,0.7066551716354481
0.019,1.7070117647058822,1.0,1723.5848062094017,0.20618124702048168,1.301940275743351,0.896376193093183,0.28474749411764705,0.7092859371301952
0.0195,1.7045647058823528,1.0,1745.2321784438673,0.2106339426570105,1.3005883104462597,0.8999358325480149,0.2846447176470588,0.7118835064510938
0.02,1.7021176470588233,1.0,1766.091223876043,0.21506166142025007,1.2992467784875061,0.9032907115097537,0.2845419411764706,0.714449507540974
0.0205,1.699670588235294,1.0,1786.2069468207867,0.21946454404773016,1.2979149898391862,0.9064561622351515,0.2844391647058824,0.7169855192255026
0.021,1.6972235294117646,1.0,1805.61488178261,0.22384272861660157,1.2965923832084747,0.9094461452595025,0.2843363882352941,0.7194928514755017
0.021500000000000002,1.694776470588235,1.0,1824.365353929979,0.22819635810944466,1.2952782513910968,0.9122733390784203,0.28423361176470585,0.721973068416506
0.022,1.6923294117647056,1.0,1842.485515518305,0.23252556810017555,1.2939721636453299,0.9149493538706868,0.28413083529411765,0.7244271906941435
0.0225,1.6898823529411764,1.0,1860.0037326744696,0.23683049416271038,1.292673689229452,0.9174847880516888,0.28402805882352944,0.7268562233189484
0.023,1.687435294117647,1.0,1876.9495106313468,0.24111127187096518,1.2913823974017404,0.9198893304064227,0.2839252823529412,0.7292611558814228
0.0235,1.6849882352941175,1.0,1893.353423075969,0.2453680367988561,1.2900978574204736,0.9221718506700979,0.2838225058823529,0.7316429627552634
0.024,1.682541176470588,1.0,1909.2470456111994,0.24960092452029925,1.2888196385439286,0.9243404799816473,0.2837197294117647,0.7340026032887579
0.0245,1.6800941176470587,1.0,1924.6538388099882,0.2538100666280087,1.2875474080416551,0.9264026983784487,0.28361695294117645,0.7363408422465749
0.025,1.6776470588235293,1.0,1939.6091503963207,0.25799560178322417,1.2862807129935985,0.9283653632523149,0.28351417647058824,0.7386586523210361
0.025500000000000002,1.6751999999999998,1.0,1954.1349430607634,0.2621576618447232,1.285019253555385,0.9302348093317108,0.2834114,0.7409567127000355
0.026000000000000002,1.6727529411764703,1.0,1968.2492455865024,0.2662963764706408,1.2837627784695385,0.9320168813081712,0.2833086235294118,0.7432356044491315
0.0265,1.670305882352941,1.0,1981.9705949545123,0.270411875319112,1.2825110364785823,0.933716971590021,0.2832058470588235,0.7454959000886388
0.027,1.6678588235294116,1.0,1995.318009277037,0.27450428804827176,1.2812637763250405,0.9353400612545536,0.28310307058823525,0.7477381636714846
0.0275,1.6654117647058821,1.0,2008.3109621305125,0.27857374431625515,1.2800207467514364,0.9368907567964327,0.28300029411764704,0.7499629508570406
0.028,1.6629647058823527,1.0,2020.9693582880752,0.28262037378119714,1.2787816965002936,0.9383733231498423,0.28289751764705884,0.7521708089809254
0.0285,1.6605176470588234,1.0,2033.3091465704492,0.2866443025359352,1.2775464202760582,0.9397917190760531,0.2827947411764706,0.7543621957651327
0.029,1.658070588235294,1.0,2045.3488455547447,0.2906456606054103,1.2763146893199189,0.9411496158371137,0.2826919647058823,0.7565376035269028
0.029500000000000002,1.6556235294117645,1.0,2057.107749047863,0.2946245789972122,1.2750862703597616,0.9424504232028603,0.2825891882352941,0.7586975250623602
0.03,1.653176470588235,1.0,2068.5963886381014,0.2985811808959883,1.2738610250733566,0.9436973225982299,0.28248641176470585,0.7608422798015635
0.0305,1.6507294117647058,1.0,2079.825512254612,0.30251558948638585,1.2726388151384735,0.9448932751928288,0.28238363529411764,0.762972182652708
0.031,1.6482823529411763,1.0,2090.80607464561,0.30642792795305224,1.2714195022328831,0.9460410398597392,0.2822808588235294,0.7650875440295087
0.0315,1.6458352941176468,1.0,2101.549228282375,0.3103183194806347,1.2702029480343553,0.9471431894627085,0.2821780823529412,0.7671886698773709
0.032,1.6433882352941174,1.0,2112.0663146860443,0.3141868872537806,1.2689890142206601,0.9482021256452522,0.2820753058823529,0.769275861698334
0.0325,1.6409411764705881,1.0,2122.368856179914,0.3180337544571373,1.2677775624695677,0.9492200922754734,0.2819725294117647,0.7713494165747983
0.033,1.6384941176470587,1.0,2132.468548064709,0.321859044275352,1.2665684544588485,0.9501991876830789,0.28186975294117644,0.7734096271920308
0.0335,1.6360470588235292,1.0,2142.370558647435,0.32566286996480526,1.2653616205308538,0.9511413817371916,0.28176697647058824,0.7754566656544617
0.034,1.6335999999999997,1.0,2152.090612571366,0.3294453646120388,1.2641568839690904,0.9520485118887605,0.2816642,0.7774908821802949
0.0345,1.6311529411764705,1.0,2161.6367920728408,0.33320664829832075,1.262954148027494,0.9529223070430645,0.28156142352941177,0.779512487356935
0.035,1.628705882352941,1.0,2171.014792431618,0.33694683703731526,1.2617533414215434,0.9537643914694159,0.2814586470588235,0.781521646220207
0.035500000000000004,1.6262588235294115,1.0,2180.2303947980986,0.3406660468426866,1.2605543928667182,0.9545762904846739,0.2813558705882353,0.7835185215492853
0.036000000000000004,1.623811764705882,1.0,2189.289463199902,0.34436439372809885,1.2593572310784984,0.9553594375936988,0.28125309411764704,0.785503273875301
0.0365,1.6213647058823528,1.0,2198.1979416622507,0.34804199370721617,1.258161784772363,0.9561151810382288,0.28115031764705883,0.7874760614896306
0.037,1.6189176470588234,1.0,2206.9618514396693,0.35169896279370283,1.2569679826637914,0.9568447898091685,0.28104754117647057,0.789437040451854
0.0375,1.6164705882352939,1.0,2215.58728836152,0.355335417001223,1.2557757534682632,0.9575494591716446,0.28094476470588237,0.7913863645973924
0.038,1.6140235294117646,1.0,2224.080420289206,0.3589514723434409,1.254585025901258,0.9582303157471771,0.2808419882352941,0.7933241855448206
0.0385,1.6115764705882352,1.0,2232.4474846871844,0.36254724483402057,1.253395728678255,0.9588884221928567,0.28073921176470584,0.7952506527028576
0.039,1.6091294117647057,1.0,2240.6918968492096,0.3661228410124439,1.252207819502336,0.9595247826245846,0.28063643529411764,0.7971658666513938
0.0395,1.6066823529411762,1.0,2248.818996679793,0.3696783780004877,1.2510212372453706,0.9601403456914787,0.28053365882352943,0.7990699567978423
0.04,1.6042352941176468,1.0,2256.8367170511947,0.37321398193459476,1.249835895421443,0.9607360071221253,0.28043088235294117,0.8009630910681307
0.0405,1.6017882352941175,1.0,2264.747827694861,0.3767297608003439,1.248651759787473,0.9613126157464732,0.2803281058823529,0.8028453518960232
0.041,1.599341176470588,1.0,2272.555132200203,0.38022582258331405,1.2474687961003799,0.9618709748747671,0.2802253294117647,0.8047168206525147
0.0415,1.5968941176470586,1.0,2280.2614671118854,0.3837022752690839,1.2462869701170827,0.9624118452024429,0.28012255294117644,0.8065775776484286
0.042,1.5944470588235293,1.0,2287.8697010530964,0.38715922684323234,1.2451062475945012,0.9629359475012802,0.28001977647058823,0.8084277021369359
0.0425,1.5919999999999999,1.0,2295.382733874652,0.3905967852913381,1.2439265942895543,0.9634439651145377,0.27991699999999997,0.810267272316005
0.043000000000000003,1.5895529411764704,1.0,2302.8034958304374,0.3940150585989801,1.242747975959162,0.9639365462721616,0.27981422352941177,0.8120963653307721
0.043500000000000004,1.587105882352941,1.0,2310.1349467784553,0.39741415475173714,1.241570358360243,0.9644143062407037,0.2797114470588235,0.813915057275841
0.044,1.5846588235294117,1.0,2317.3800754081067,0.4007941817351879,1.240393707249717,0.9648778293212584,0.2796086705882353,0.8157234231975042
0.0445,1.5822117647058822,1.0,2324.5418984934176,0.4041552475349114,1.2392179883845034,0.9653276707075391,0.27950589411764704,0.8175215370958917
0.045,1.5797647058823527,1.0,2331.623460172289,0.40749746013648636,1.2380431675215213,0.9657643582151498,0.27940311764705883,0.8193094719270438
0.0455,1.5773176470588233,1.0,2338.627831251594,0.41082092752549154,1.2368692104176902,0.9661883938921284,0.27930034117647057,0.8210872996049108
0.046,1.574870588235294,1.0,2345.554442375804,0.41412573072296277,1.235696118778051,0.9666002545756665,0.27919756470588236,0.822855036967356
0.0465,1.5724235294117646,1.0,2352.408564644892,0.4174120028865602,1.2345238371618406,0.9670003972598062,0.2790947882352941,0.8246127863612452
0.047,1.569976470588235,1.0,2359.193089499671,0.4206798563045586,1.2333523337617447,0.9673892561251822,0.2789920117647059,0.8263606132906484
0.0475,1.5675294117647056,1.0,2365.9092591586714,0.4239293899446044,1.2321815930952245,0.9677672444304122,0.27888923529411763,0.8280985581242463
0.048,1.5650823529411761,1.0,2372.558328772797,0.4271607027743437,1.2310115996797413,0.968134756268976,0.27878645882352937,0.8298266607570375
0.0485,1.562635294117647,1.0,2379.141566166091,0.43037389376142293,1.2298423380327563,0.9684921676317011,0.27868368235294116,0.8315449606110847
0.049,1.5601882352941174,1.0,2385.6602515817353,0.4335690618734884,1.2286737926717308,0.9688398374010764,0.27858090588235296,0.8332534966362445
0.0495,1.557741176470588,1.0,2392.115677433664,0.4367463060781865,1.227505948114126,0.9691781082823486,0.2784781294117647,0.8349523073108821
0.05,1.5552941176470587,1.0,2398.5091480633378,0.4399057253431634,1.2263387888774029,0.9695073076759443,0.27837535294117643,0.8366414306425716
0.0505,1.5528470588235292,1.0,2404.841979501872,0.44304741863606556,1.2251722994790233,0.9698277484954041,0.27827257647058823,0.8383209041687789
0.051000000000000004,1.5503999999999998,1.0,2411.1154992372526,0.4461714849245392,1.224006464436448,0.9701397299346824,0.27816979999999997,0.8399907649575332
0.051500000000000004,1.5479529411764703,1.0,2417.3310459873087,0.4492780231762306,1.2228412682671381,0.9704435381883585,0.27806702352941176,0.8416510496080783
0.052000000000000005,1.5455058823529408,1.0,2423.489969477436,0.45236713235878623,1.2216766954885554,0.9707394471280353,0.2779642470588235,0.8433017942515124
0.0525,1.5430588235294116,1.0,2429.5936302244136,0.4554389114398522,1.2205127306181607,0.971027718937943,0.2778614705882353,0.8449430345514111
0.053,1.5406117647058821,1.0,2435.643399324479,0.45849345938707503,1.2193493581734154,0.9713086047125353,0.27775869411764703,0.8465748057044347
0.0535,1.5381647058823527,1.0,2441.6406582479294,0.46153087516810093,1.2181865626717805,0.9715823450186523,0.2776559176470588,0.8481971424409223
0.054,1.5357176470588234,1.0,2447.586798637796,0.4645512577505762,1.2170243286307176,0.9718491704246357,0.27755314117647056,0.8498100790254665
0.0545,1.533270588235294,1.0,2453.480086216392,0.4675546511525919,1.215862670632465,0.9721092979576182,0.27745036470588236,0.8514136078680484
0.055,1.5308235294117645,1.0,2459.324730360813,0.4705412203053118,1.2147015462941722,0.9723629453440816,0.2773475882352941,0.8530077998051386
0.0555,1.5283764705882352,1.0,2465.1213443183256,0.4735110560682503,1.2135409478490802,0.9726103156380593,0.2772448117647059,0.8545926772695038
0.056,1.5259294117647058,1.0,2470.8704579226896,0.47646424757341743,1.212380868381572,0.9728516036347206,0.27714203529411763,0.8561682613057697
0.0565,1.5234823529411763,1.0,2476.572606185986,0.4794008839528233,1.2112213009760304,0.9730869963973974,0.2770392588235294,0.8577345727487027
0.057,1.5210352941176468,1.0,2482.2283292190705,0.48232105433847805,1.2100622387168383,0.973316673626039,0.27693648235294116,0.8592916322234376
0.0575,1.5185882352941174,1.0,2487.8381721539963,0.4852248478623917,1.2089036746883788,0.9735408080052866,0.2768337058823529,0.8608394601457016
0.058,1.516141176470588,1.0,2493.402685066998,0.48811235365657435,1.2077456019750348,0.9737595655334453,0.2767309294117647,0.8623780767220358
0.0585,1.5136941176470586,1.0,2498.9224229023125,0.4909836608530361,1.2065880136611893,0.973973105833546,0.2766281529411765,0.8639075019500136
0.059000000000000004,1.5112470588235292,1.0,2504.3979453978177,0.49383885858378695,1.2054309028312251,0.9741815824476029,0.2765253764705882,0.8654277556184559
0.059500000000000004,1.5087999999999997,1.0,2509.829817011067,0.4966780359808371,1.2042742625695253,0.974385143115098,0.27642259999999996,0.8669388573076423
0.06,1.5063529411764705,1.0,2515.218606846705,0.49950128217619655,1.2031180859604729,0.9745839300366536,0.27631982352941176,0.8684408263895216
0.0605,1.503905882352941,1.0,2520.564888584653,0.5023086863018754,1.2019623660884509,0.9747780801237845,0.27621704705882355,0.8699336820279163
0.061,1.5014588235294115,1.0,2525.869240409677,0.5051003374898838,1.2008070960378419,0.9749677252355703,0.2761142705882353,0.8714174431787276
0.0615,1.499011764705882,1.0,2531.132244941947,0.5078763248722317,1.1996522688930291,0.9751529924030202,0.276011494117647,0.8728921285901327
0.062,1.4965647058823528,1.0,2536.354489168661,0.5106367375809293,1.1984978777383954,0.9753340040418622,0.2759087176470588,0.8743577568027838
0.0625,1.4941176470588233,1.0,2541.5365643762207,0.5133816647479866,1.197343915658324,0.975510878154433,0.27580594117647056,0.8758143461500009
0.063,1.4916705882352939,1.0,2546.6790660845454,0.5161111955054138,1.1961903757371977,0.9756837285213061,0.27570316470588235,0.877261914757963
0.0635,1.4892235294117646,1.0,2551.7825939813056,0.5188254189852208,1.1950372510593992,0.9758526648832448,0.2756003882352941,0.8787004805458958
0.064,1.4867764705882351,1.0,2556.847747828917,0.5215244242328934,1.193884534747151,0.9760177931088488,0.2754976117647059,0.8801300611794669
0.0645,1.4843294117647057,1.0,2561.8747274807556,0.5242082937895924,1.1927322237124942,0.9761792150424554,0.2753948352941176,0.8815506694605775
0.065,1.4818823529411762,1.0,2566.863700162373,0.526877109277108,1.1915803151957025,0.9763370289441646,0.2752920588235294,0.8829623176961584
0.0655,1.4794352941176467,1.0,2571.8150261883407,0.5295309546564202,1.1904288046497977,0.9764913297827824,0.27518928235294116,0.8843650202794936
0.066,1.4769882352941175,1.0,2576.729068805406,0.5321699138885092,1.1892776875278022,0.9766422092851326,0.27508650588235295,0.8857587914672439
0.0665,1.474541176470588,1.0,2581.6061804720116,0.5347940704945776,1.1881269594105994,0.9767897560407602,0.2749837294117647,0.8871436452261565
0.067,1.4720941176470586,1.0,2586.4467150928667,0.5374035081387145,1.1869766158917299,0.9769340556720264,0.2748809529411764,0.8885195953752439
0.0675,1.4696470588235293,1.0,2591.2509822623815,0.539998308903286,1.1858266530038362,0.9770751908394515,0.2747781764705882,0.889886655080969
0.068,1.4671999999999998,1.0,2596.019286953617,0.5425785546214584,1.1846770668463815,0.9772132414482356,0.2746754,0.8912448373119168
0.0685,1.4647529411764704,1.0,2600.7519360579363,0.5451443271028144,1.1835278535241414,0.9773482847731342,0.27457262352941175,0.8925941549133333
0.069,1.462305882352941,1.0,2605.4492227321175,0.5476957075790696,1.1823790092925028,0.9774803955278604,0.2744698470588235,0.8939346204384093
0.0695,1.4598588235294114,1.0,2610.1114383282325,0.5502327772884253,1.1812305304456039,0.9776096460060606,0.2743670705882353,0.8952662462831793
0.07,1.4574117647058822,1.0,2614.7388389854805,0.552755615923806,1.180082413626139,0.9777361060739551,0.2742642941176471,0.89658904433222
0.07050000000000001,1.4549647058823527,1.0,2619.331683000323,0.5552643031781355,1.1789346554768019,0.9778598433646413,0.2741615176470588,0.8979030263692546
0.07100000000000001,1.4525176470588232,1.0,2623.89023003184,0.5577589187140778,1.1777872526474062,0.9779809233624828,0.27405874117647055,0.899208204069156
0.07150000000000001,1.450070588235294,1.0,2628.414724486102,0.5602395414982559,1.1766402019485134,0.9780994094444401,0.27395596470588235,0.9005045888252181
0.07200000000000001,1.4476235294117645,1.0,2632.9054003685887,0.562706249965676,1.1754935003055957,0.9782153629706615,0.2738531882352941,0.901792191806409
0.0725,1.445176470588235,1.0,2637.36248470767,0.5651591221352932,1.1743471447266651,0.9783288433679797,0.2737504117647059,0.9030710239976381
0.073,1.4427294117647058,0.0,2641.7820105828346,0.5659700551774532,1.1732011709863643,0.9783188719249143,0.2736476352941176,0.9043410534724241
0.0735,1.4402823529411763,0.0,2646.0959380472314,0.5627954667654849,1.172056206251438,0.9780085282351559,0.2735448588235294,0.9056016004156973
0.074,1.4378352941176469,0.0,2650.2792598849082,0.5596386957988717,1.1709124787332097,0.9776938733200494,0.27344208235294115,0.9068524381800707
0.0745,1.4353882352941174,0.0,2654.3506985774425,0.5564996251584237,1.1697698129306195,0.9773748381546984,0.27333930588235295,0.9080937838568318
0.075,1.432941176470588,0.0,2658.315734516638,0.5533781562739708,1.1686281559244647,0.9770513617571001,0.2732365294117647,0.9093257175686047
0.0755,1.4304941176470587,0.0,2662.178124437519,0.5502741931496403,1.1674874708821394,0.9767233835156135,0.2731337529411765,0.910548300693573
0.076,1.4280470588235292,0.0,2665.941643136915,0.5471876397895589,1.1663477209710371,0.9763908419745454,0.2730309764705882,0.9117615935195854
0.0765,1.4255999999999998,0.0,2669.6100826948295,0.5441184001978535,1.1652088693585516,0.9760536748207197,0.2729282,0.9129656552463936
0.077,1.4231529411764705,0.0,2673.1872517256515,0.541066378378651,1.1640708792120766,0.9757118188697692,0.27282542352941175,0.9141605439878067
0.0775,1.420705882352941,0.0,2676.6769746600075,0.5380314783360785,1.1629337136990059,0.975365210052139,0.27272264705882354,0.9153463167737576
0.078,1.4182588235294116,0.0,2680.083091055677,0.5350136040742625,1.1617973359867335,0.9750137833987991,0.2726198705882353,0.9165230295522834
0.0785,1.415811764705882,0.0,2683.4094549398287,0.5320126595973301,1.1606617092426528,0.9746574730266536,0.272517094117647,0.91769073719142
0.079,1.4133647058823526,0.0,2686.6599341804517,0.5290285489094083,1.1595267966341578,0.9742962121236425,0.2724143176470588,0.9188494934810079
0.0795,1.4109176470588234,0.0,2689.838409888066,0.5260611760146239,1.158392561328642,0.9739299329335267,0.2723115411764706,0.9199993511344144
0.08,1.408470588235294,0.0,2692.9462540699806,0.523110455307331,1.157258989570545,0.9735585695002095,0.27220876470588234,0.9211403386455715
0.0805,1.4060235294117645,0.0,2695.9864632626095,0.5201762874802868,1.156126052805353,0.9731820525706629,0.2721059882352941,0.9222724988374367
0.081,1.4035764705882352,0.0,2698.963387281745,0.5172585681602806,1.154993710198013,0.9728003104453381,0.2720032117647059,0.9233958858388213
0.0815,1.4011294117647057,0.0,2701.8780543811586,0.5143572084262162,1.153861951371666,0.9724132743412256,0.2719004352941176,0.9245105227044105
0.082,1.3986823529411763,0.0,2704.7314975600843,0.5114721193569973,1.1527307659494526,0.9720208746306491,0.2717976588235294,0.9256164321826963
0.0825,1.3962352941176468,0.0,2707.5247544295444,0.5086032120315274,1.1516001435545138,0.9716230408308725,0.27169488235294115,0.926713636716361
0.083,1.3937882352941173,0.0,2710.25886708211,0.5057503975287101,1.1504700738099902,0.9712197015935309,0.27159210588235294,0.9278021584426533
0.0835,1.391341176470588,0.0,2712.9348819629067,0.5029135869274491,1.1493405463390227,0.9708107846938792,0.2714893294117647,0.928882019193757
0.084,1.3888941176470586,0.0,2715.5538497445737,0.500092691306648,1.148211550764752,0.9703962170198548,0.2713865529411765,0.9299532404971536
0.0845,1.3864470588235291,0.0,2718.11682520265,0.4972876217452104,1.1470830767103186,0.9699759245609484,0.2712837764705882,0.9310158435759774
0.085,1.384,0.0,2720.62486709531,0.49449828932203993,1.1459551137988635,0.9695498323968781,0.271181,0.9320698493493649
0.0855,1.3815529411764704,0.0,2723.079038043917,0.49172460511604016,1.1448276516535276,0.9691178646860603,0.27107822352941174,0.9331152784327948
0.08600000000000001,1.379105882352941,0.0,2725.480404417043,0.48896648020611483,1.1437006798974516,0.9686799446538737,0.27097544705882354,0.9341521511384252
0.08650000000000001,1.3766588235294115,0.0,2727.8300362161563,0.48622382567116745,1.142574188153776,0.968235994580708,0.2708726705882353,0.9351804874754198
0.08700000000000001,1.374211764705882,0.0,2730.128910831536,0.48349655418332355,1.1414481669193521,0.9677859360750142,0.27076989411764707,0.9362003063621017
0.08750000000000001,1.3717647058823528,0.0,2732.3748019738596,0.4807846249134171,1.1403226358254934,0.9673296986102317,0.2706671176470588,0.9372116003666644
0.088,1.3693176470588233,0.0,2734.571887269087,0.4780878852699914,1.1391975563301828,0.9668671908898999,0.27056434117647055,0.9382144142592652
0.0885,1.3668705882352938,0.0,2736.7201989699606,0.47540625481708004,1.1380729275964945,0.9663983332749406,0.27046156470588234,0.9392087584978737
0.089,1.3644235294117646,0.0,2738.8197708267276,0.4727396531187171,1.136948748787503,0.9659230452565496,0.27035878823529413,0.9401946435125556
0.0895,1.3619764705882351,0.0,2740.870638079409,0.4700879997389363,1.1358250190662826,0.9654412454486474,0.2702560117647059,0.9411720797054973
0.09,1.3595294117647057,0.0,2742.8728374493608,0.4674512142417716,1.1347017375959079,0.9649528515802512,0.2701532352941176,0.9421410774510306
0.0905,1.3570823529411764,0.0,2744.8264071307817,0.46482921619125694,1.133578903539453,0.96445778048777,0.2700504588235294,0.9431016470956554
0.091,1.354635294117647,0.0,2746.7313867824378,0.4622219251514261,1.1324565160599922,0.9639559481072134,0.2699476823529412,0.9440537989580645
0.0915,1.3521882352941175,0.0,2748.5878175193025,0.45962926068631305,1.1313345743206003,0.9634472694663182,0.26984490588235294,0.9449975433291669
0.092,1.349741176470588,0.0,2750.3957419046055,0.4570511423599516,1.130213077484351,0.9629316586765829,0.2697421294117647,0.9459328904721122
0.0925,1.3472941176470585,0.0,2752.1552039412736,0.4544874897363756,1.129092024714319,0.9624090289252119,0.26963935294117647,0.9468598506223139
0.093,1.3448470588235293,0.0,2753.86624906352,0.451938222379619,1.127971415173579,0.9618792924669639,0.2695365764705882,0.9477784339874729
0.0935,1.3423999999999998,0.0,2755.528924129203,0.4494032598537156,1.1268512480252046,0.9613423606158997,0.2694338,0.9486886507476021
0.094,1.3399529411764703,0.0,2757.1432774109167,0.4468825217226994,1.1257315224322708,0.9607981437370285,0.26933102352941174,0.9495905110550491
0.0945,1.3375058823529409,0.0,2758.7093585884177,0.4443759275506041,1.1246122375578516,0.9602465512378479,0.26922824705882353,0.9504840250345203
0.095,1.3350588235294114,0.0,2760.2272187398125,0.4418833969014637,1.1234933925650217,0.9596874915597717,0.26912547058823527,0.9513692027831041
0.0955,1.3326117647058822,0.0,2761.6969103340475,0.43940484933931206,1.122374986616855,0.9591208721694446,0.26902269411764707,0.9522460543702951
0.096,1.3301647058823527,0.0,2763.118487222191,0.4369402044281831,1.1212570188764261,0.958546599549939,0.2689199176470588,0.9531145898380167
0.0965,1.3277176470588232,0.0,2764.492004629694,0.4344893817321106,1.1201394885068094,0.9579645791918251,0.2688171411764706,0.9539748192006448
0.097,1.325270588235294,0.0,2765.8175191478667,0.43205230081512846,1.1190223946710793,0.9573747155841182,0.26871436470588234,0.9548267524450313
0.0975,1.3228235294117645,0.0,2767.094166283449,0.42962892446167744,1.1179057448598133,0.9567769215240932,0.2686115882352941,0.9556703932686627
0.098,1.320376470588235,0.0,2768.322462608997,0.4272191277461824,1.1167895341033478,0.9561710907760229,0.26850881176470587,0.9565057548594482
0.0985,1.3179294117647056,0.0,2769.5022811946583,0.4248228319527747,1.1156737632548825,0.9555571253438294,0.2684060352941176,0.9573328459644559
0.099,1.315482352941176,0.0,2770.6333761806836,0.4224399652643054,1.1145584342514636,0.9549349277705839,0.2683032588235294,0.9581516745594805
0.0995,1.3130352941176469,0.0,2771.7155028264287,0.42007045586362574,1.1134435490301373,0.9543043997048329,0.26820048235294114,0.9589622486717054
0.1,1.3105882352941174,0.0,2772.748417530131,0.4177142319335868,1.1123291095279495,0.9536654418973471,0.26809770588235293,0.959764576379649
0.1005,1.308141176470588,0.0,2773.73187784715,0.41537122165703977,1.1112151176819463,0.9530179541979134,0.26799492941176467,0.9605586658131086
0.101,1.3056941176470587,0.0,2774.665642509914,0.41304135321683577,1.1101015754291739,0.9523618355521726,0.26789215294117646,0.9613445251531056
0.1015,1.3032470588235292,0.0,2775.5494714466568,0.4107245547958259,1.1089884847066782,0.9516969839985019,0.2677893764705882,0.9621221626318309
0.10200000000000001,1.3007999999999997,0.0,2776.3831258010655,0.4084207545768614,1.1078758474515058,0.9510232966649356,0.2676866,0.9628915865325876
0.10250000000000001,1.2983529411764705,0.0,2777.166367951516,0.4061298807427933,1.1067636656007023,0.9503406697661279,0.26758382352941174,0.9636528051897367
0.10300000000000001,1.2959058823529408,0.0,2777.8989615308565,0.4038518614764729,1.1056519410913141,0.9496489986003548,0.26748104705882353,0.96440582698864
0.10350000000000001,1.2934588235294115,0.0,2778.5806714456385,0.40158662496075115,1.1045406758603873,0.9489481775465525,0.26737827058823527,0.965150660365604
0.10400000000000001,1.291011764705882,0.0,2779.211263896201,0.3993340993784793,1.1034298718449678,0.9482381000613911,0.26727549411764706,0.9658873138078238
0.1045,1.2885647058823526,0.0,2779.7905063960407,0.39709421291250857,1.1023195309821017,0.9475186586763825,0.2671727176470588,0.966615795853325
0.105,1.2861176470588234,0.0,2780.3181677920215,0.39486689374568995,1.1012096552088355,0.9467897449950178,0.2670699411764706,0.9673361150909077
0.1055,1.283670588235294,0.0,2780.7940182840116,0.39265207006087466,1.100100246462215,0.9460512496899375,0.26696716470588233,0.9680482801600887
0.106,1.2812235294117644,0.0,2781.2178294452306,0.3904496700409138,1.0989913066792862,0.9453030625001243,0.2668643882352941,0.9687522997510444
0.1065,1.2787764705882352,0.0,2781.5893742418198,0.38825962186865853,1.0978828377970955,0.9445450722281253,0.26676161176470586,0.969448182604552
0.107,1.2763294117647057,0.0,2781.9084270537496,0.38608185372696,1.0967748417526888,0.9437771667372912,0.26665883529411766,0.9701359375119325
0.1075,1.2738823529411762,0.0,2782.1741885692422,0.383916353883171,1.0956673256610585,0.9429992505480462,0.2665560588235294,0.9708155701558067
0.108,1.271435294117647,0.0,2782.3868648546754,0.3817629972368778,1.0945602875982579,0.9422111948371963,0.2664532823529412,0.9714870918665012
0.1085,1.2689882352941173,0.0,2782.5463450336465,0.379621694957932,1.0934537285076498,0.9414128796786972,0.26635050588235293,0.9721505122066916
0.109,1.266541176470588,0.0,2782.6522824708773,0.37749238392383033,1.0923476514686032,0.9406041917648778,0.26624772941176467,0.9728058395032952
0.1095,1.2640941176470586,0.0,2782.7043320442067,0.37537500101206933,1.091242059560487,0.9397850170313807,0.26614495294117646,0.9734530821656905
0.11,1.2616470588235291,0.0,2782.7021501772406,0.3732694831001457,1.0901369558626692,0.938955240662912,0.2660421764705882,0.9740922486856225
0.1105,1.2591999999999999,0.0,2782.6453948731764,0.3711757670655559,1.089032343454519,0.938114747099234,0.2659394,0.9747233476371063
0.111,1.2567529411764704,0.0,2782.5337257476444,0.36909378978579666,1.0879282254154048,0.937263420041411,0.26583662352941173,0.9753463876763322
0.1115,1.254305882352941,0.0,2782.3668040627513,0.36702348813836455,1.0868246048246952,0.9364011424582999,0.2657338470588235,0.9759613775415673
0.112,1.2518588235294117,0.0,2782.144292760675,0.3649647990007562,1.085721484761759,0.9355277965932923,0.26563107058823526,0.9765683260530598
0.1125,1.249411764705882,0.0,2781.865856498129,0.36291765925046815,1.0846188683059645,0.9346432639713063,0.26552829411764706,0.9771672421129395
0.113,1.2469647058823528,0.0,2781.531161679977,0.36088200576499707,1.083516758536681,0.9337474254060241,0.2654255176470588,0.9777581347051203
0.1135,1.2445176470588233,0.0,2781.1398764945866,0.3588577754218395,1.0824151585332764,0.932840161007385,0.2653227411764706,0.9783410128952006
0.114,1.2420705882352938,0.0,2780.691670947628,0.35684490509849215,1.08131407137512,0.9319213501893173,0.2652199647058823,0.9789158858303633
0.1145,1.2396235294117646,0.0,2780.1862168977505,0.3548433316724515,1.0802135001415798,0.9309908716777294,0.2651171882352941,0.9794827627392755
0.115,1.237176470588235,0.0,2779.6231880911682,0.3528529920212143,1.079113447912025,0.930048603518738,0.26501441176470586,0.9800416529319875
0.1155,1.2347294117647056,0.0,2779.0022601972555,0.35087382302227704,1.0780139177658241,0.929094423087149,0.26491163529411765,0.9805925657998318
0.116,1.2322823529411764,0.0,2778.323110843987,0.34890576155313635,1.0769149127823454,0.9281282070951813,0.2648088588235294,0.9811355108153195
0.1165,1.2298352941176467,0.0,2777.585419653788,0.34694874449128893,1.075816436040958,0.9271498316014345,0.26470608235294113,0.9816704975320387
0.117,1.2273882352941174,0.0,2776.788868279428,0.3450027087142312,1.0747184906210303,0.9261591720200979,0.2646033058823529,0.9821975355845504
0.11750000000000001,1.224941176470588,0.0,2775.933140440123,0.34306759109946,1.073621079601931,0.9251561031304012,0.2645005294117647,0.9827166346882849
0.11800000000000001,1.2224941176470585,0.0,2775.01792195792,0.34114332852447177,1.0725242060630287,0.9241404990863039,0.26439775294117646,0.9832278046394367
0.11850000000000001,1.2200470588235293,0.0,2774.0429007945168,0.33922985786676313,1.0714278730836921,0.9231122334264202,0.2642949764705882,0.9837310553148596
0.11900000000000001,1.2175999999999996,0.0,2773.007767087964,0.33732711600383075,1.0703320837432897,0.9220711790841788,0.2641922,0.9842263966719608
0.11950000000000001,1.2151529411764703,0.0,2771.9122131892145,0.3354350398131712,1.0692368411211903,0.9210172083982144,0.2640894235294117,0.9847138387485939
0.12,1.212705882352941,0.0,2770.755507700555,0.333553622919932,1.0681421521400027,0.9199502189442148,0.2639866470588235,0.9851933899927574
0.1205,1.2102588235294116,0.0,2769.5376935755376,0.33168274604213954,1.0670480167588583,0.9188700574328431,0.26388387058823526,0.9856650620175506
0.121,1.2078117647058821,0.0,2768.2584532156457,0.3298223442915348,1.0659544382095139,0.9177765937568756,0.26378109411764705,0.9861288650525109
0.1215,1.205364705882353,0.0,2766.917401822383,0.3279723626329703,1.0648614203519366,0.9166697019210355,0.26367831764705885,0.9865848091515605
0.122,1.2029176470588232,0.0,2765.514157093208,0.32613274603129866,1.0637689670460935,0.9155492556683427,0.2635755411764706,0.9870329044702623
0.1225,1.200470588235294,0.0,2764.0483392696538,0.32430343945137247,1.0626770821519516,0.9144151285028159,0.2634727647058823,0.9874731612656809
0.123,1.1980235294117645,0.0,2762.5195711858696,0.3224843878580443,1.061585769529478,0.9132671937126533,0.2633699882352941,0.9879055898962437
0.1235,1.195576470588235,0.0,2760.9274783171386,0.32067553621616673,1.0604950330386393,0.9121053243938791,0.26326721176470586,0.9883302008216005
0.124,1.1931294117647058,0.0,2759.271688829411,0.3188768294905924,1.059404876539403,0.9109293934744577,0.26316443529411765,0.9887470046024818
0.1245,1.1906823529411763,0.0,2757.551833628316,0.3170882126461737,1.0583153038917361,0.9097392737388716,0.2630616588235294,0.9891560119005564
0.125,1.1882352941176468,0.0,2755.7675464095587,0.31530963064776346,1.0572263189556055,0.9085348378531589,0.2629588823529412,0.9895572334782886
0.1255,1.1857882352941174,0.0,2753.918463708452,0.3135410284602141,1.056137925590978,0.907315958390402,0.2628561058823529,0.9899506801987941
0.126,1.183341176470588,0.0,2752.0042249507496,0.31178235104837826,1.0550501276578208,0.9060825078566701,0.26275332941176466,0.9903363630256939
0.1265,1.1808941176470586,0.0,2750.024472503432,0.3100335433771085,1.053962929016101,0.9048343587174025,0.26265055294117645,0.9907142930229695
0.127,1.1784470588235292,0.0,2747.978851725538,0.3082945504112574,1.0528763335257856,0.9035713834242306,0.26254777647058825,0.9910844813548146
0.1275,1.1759999999999997,0.0,2745.86701101991,0.3065653171156775,1.0517903450468413,0.9022934544422339,0.262445,0.9914469392854882
0.128,1.1735529411764705,0.0,2743.6886018849486,0.30484578845522153,1.0507049674392357,0.90100044427762,0.2623422235294118,0.9918016781791646
0.1285,1.1711058823529408,0.0,2741.4432789664934,0.3031359093947419,1.0496202045629353,0.8996922255058198,0.2622394470588235,0.9921487094997846
0.129,1.1686588235294115,0.0,2739.130700110664,0.30143562489909126,1.0485360602779072,0.8983686707999986,0.2621366705882353,0.9924880448109036
0.1295,1.166211764705882,0.0,2736.7505264161064,0.29974487993312215,1.0474525384441187,0.8970296529599663,0.26203389411764705,0.9928196957755403
0.13,1.1637647058823526,0.0,2734.3024222876265,0.29806361946168725,1.0463696429215366,0.895675044941482,0.2619311176470588,0.9931436741560242
0.1305,1.1613176470588233,0.0,2731.7860554894273,0.29639178844963904,1.045287377570128,0.8943047198859406,0.2618283411764706,0.9934599918138415
0.131,1.1588705882352939,0.0,2729.20109719861,0.29472933186183015,1.0442057462498597,0.8929185511504435,0.2617255647058823,0.9937686607094802
0.1315,1.1564235294117644,0.0,2726.5472220597653,0.29307619466311313,1.0431247528206988,0.8915164123382229,0.2616227882352941,0.9940696929022756
0.132,1.1539764705882352,0.0,2723.8239791507317,0.2914323740908712,1.0420444023171964,0.8900982126211479,0.26152001176470585,0.9943631002352988
0.1325,1.1515294117647055,0.0,2721.0310910734424,0.2897977643958567,1.0409646982291545,0.8886637934087468,0.26141723529411764,0.9946488950860788
0.133,1.1490823529411762,0.0,2718.1682231098152,0.288172305481671,1.039885644600866,0.8872130258771388,0.2613144588235294,0.9949270897792519
0.1335,1.1466352941176468,0.0,2715.235020755397,0.2865559494065403,1.0388072456910098,0.8857457899539243,0.2612116823529412,0.9951976966896607
0.134,1.1441882352941173,0.0,2712.2311333538755,0.2849486482286908,1.0377295057582654,0.8842619663118849,0.2611089058823529,0.9954607283011384
0.1345,1.141741176470588,0.0,2709.156214159295,0.28335035400634884,1.0366524290613113,0.8827614364135681,0.2610061294117647,0.9957161972063314
0.135,1.1392941176470586,0.0,2706.0099203981526,0.28176101879774057,1.0355760198588269,0.8812440825563751,0.26090335294117645,0.995964116106519
0.1355,1.136847058823529,0.0,2702.7919133326463,0.28018059466109224,1.0345002824094913,0.8797097879181112,0.26080057647058824,0.9962044978114328
0.136,1.1343999999999999,0.0,2699.5018583234137,0.27860903365463013,1.0334252209719834,0.8781584366029997,0.2606978,0.9964373552390755
0.1365,1.1319529411764702,0.0,2696.1394248936167,0.2770462878365804,1.0323508398049823,0.8765899136881262,0.2605950235294117,0.9966627014155369
0.137,1.129505882352941,0.0,2692.704286792745,0.27549230926516943,1.0312771431671672,0.8750041052702989,0.2604922470588235,0.9968805494748103
0.1375,1.1270588235294114,0.0,2689.1961220610474,0.2739470499986233,1.0302041353172169,0.8734008985133028,0.26038947058823525,0.9970909126586073
0.138,1.124611764705882,0.0,2685.6146130944016,0.27241046209516834,1.0291318205138107,0.8717801816955286,0.26028669411764704,0.9972938043161707
0.1385,1.1221647058823527,0.0,2681.9594467095512,0.27088249761303074,1.0280602030156278,0.8701418442579454,0.26018391764705884,0.9974892379040872
0.139,1.1197176470588233,0.0,2678.2303142097126,0.2693631086104368,1.0269892870813468,0.8684857768524054,0.2600811411764706,0.997677226986099
0.1395,1.1172705882352938,0.0,2674.4269114507115,0.2678522471456127,1.0259190769696473,0.8668118713902456,0.2599783647058823,0.9978577852329129
0.14,1.1148235294117645,0.0,2670.548938907463,0.2663498652767846,1.0248495769392079,0.865120021091169,0.2598755882352941,0.9980309264220102
0.1405,1.1123764705882349,0.0,2666.596101740394,0.2648559150621789,1.023780791248708,0.8634101205323709,0.25977281176470585,0.9981966644374534
0.14100000000000001,1.1099294117647056,0.0,2662.5681098634027,0.2633703485600218,1.0227127241568263,0.8616820656978961,0.25967003529411764,0.9983550132696936
0.14150000000000001,1.1074823529411761,0.0,2658.4646780107328,0.26189311782853947,1.0216453799222425,0.8599357540281857,0.2595672588235294,0.9985059870153756
0.14200000000000002,1.1050352941176467,0.0,2654.2855258058034,0.26042417492595815,1.020578762803635,0.8581710844697905,0.2594644823529412,0.998649599877142
0.14250000000000002,1.1025882352941174,0.0,2650.0303778289494,0.2589634719105041,1.019512877059683,0.8563879575252326,0.2593617058823529,0.9987858661634366
0.14300000000000002,1.100141176470588,0.0,2645.6989636868607,0.25751096084040365,1.018447726949066,0.8545862753029634,0.2592589294117647,0.9989148002883058
0.14350000000000002,1.0976941176470585,0.0,2641.2910180813233,0.25606659377388286,1.0173833167304627,0.8527659415674068,0.25915615294117644,0.9990364167712003
0.14400000000000002,1.0952470588235292,0.0,2636.8062808794302,0.25463032276916814,1.016319650662552,0.8509268617890478,0.25905337647058824,0.9991507302367738
0.1445,1.0927999999999998,0.0,2632.2428772618414,0.2532021574919338,1.0152567479980383,0.849069007331104,0.2589506,0.9992577539557537
0.145,1.0903529411764703,0.0,2627.602740285108,0.25178198611723507,1.0141945928148233,0.847192216507596,0.25884782352941177,0.9993575048942008
0.1455,1.087905882352941,0.0,2622.8856434006043,0.25036976416713574,1.0131331891944766,0.8452964033962989,0.2587450470588235,0.9994499979004531
0.146,1.0854588235294116,0.0,2618.091276611861,0.2489654500815384,1.0120725420424803,0.8433814876246362,0.2586422705882353,0.9995352478591599
0.1465,1.0830117647058821,0.0,2613.219335646967,0.24756900230034573,1.011012656264316,0.841447391207151,0.25853949411764704,0.9996132697767985
0.147,1.0805647058823529,0.0,2608.269522041589,0.24618037926346042,1.0099535367654662,0.8394940386079871,0.25843671764705883,0.9996840787814366
0.1475,1.0781176470588232,0.0,2603.241543221505,0.24479953941078514,1.0088951884514126,0.837521356803243,0.25833394117647057,0.9997476901224932
0.148,1.075670588235294,0.0,2598.1351125868187,0.24342644118222254,1.0078376162276372,0.835529275343158,0.25823116470588237,0.9998041191704984
0.1485,1.0732235294117645,0.0,2592.9499495954656,0.24206104301767528,1.006780824999622,0.8335177264140763,0.2581283882352941,0.9998533814168511
0.149,1.070776470588235,0.0,2587.6857798484275,0.24070330335704607,1.005724819672849,0.831486644900135,0.25802561176470584,0.9998954924735758
0.1495,1.0683294117647057,0.0,2582.342335174722,0.2393531806402375,1.0046696051528001,0.8294359684446435,0.25792283529411764,0.999930468073077
0.15,1.0658823529411763,0.0,2576.919353717016,0.23801063330715228,1.0036151863449576,0.8273656375110716,0.25782005882352943,0.999958324067893
0.1505,1.0634352941176468,0.0,2571.4165800179976,0.23667561979769308,1.002561568154803,0.8252755954436203,0.25771728235294117,0.9999790764304474
0.151,1.0609882352941176,0.0,2565.8337651074435,0.23534809855176256,1.0015087554878184,0.8231657885273161,0.2576145058823529,0.9999927412527997
0.1515,1.0585411764705879,0.0,2560.1706665891775,0.23402802800926337,1.0004567532494861,0.8210361660475565,0.2575117294117647,0.9999993347463938
0.152,1.0560941176470586,0.0,2554.4270487291074,0.2327153666100982,0.9994055663452878,0.8188866803490772,0.25740895294117644,0.9999988732418054
0.1525,1.0536470588235292,0.0,2548.6026825437,0.2314100727941697,0.9983551996807056,0.8167172868942751,0.25730617647058823,0.9999913731884874
0.153,1.0511999999999997,0.0,2542.697345888703,0.23011210500138052,0.9973056581612214,0.8145279443208155,0.25720339999999997,0.9999768511545147
0.1535,1.0487529411764704,0.0,2536.7108235490955,0.22882142167163336,0.9962569466923172,0.8123186144985031,0.25710062352941176,0.999955323826326
0.154,1.046305882352941,0.0,2530.6429073284057,0.22753798124483088,0.9952090701794751,0.8100892625853152,0.2569978470588235,0.9999268080084656
0.1545,1.0438588235294115,0.0,2524.4933961399524,0.22626174216087572,0.9941620335281769,0.8078398570825809,0.2568950705882353,0.9998913206233223
0.155,1.0414117647058823,0.0,2518.26209609738,0.22499266285967057,0.9931158416439048,0.8055703698892186,0.25679229411764704,0.999848878710868
0.1555,1.0389647058823526,0.0,2511.948820606687,0.2237307017811181,0.9920704994321405,0.8032807763549954,0.25668951764705883,0.9997994994283939
0.156,1.0365176470588233,0.0,2505.553390457928,0.22247581736512093,0.9910260117983662,0.8009710553327306,0.25658674117647057,0.9997432000502453
0.1565,1.0340705882352939,0.0,2499.0756339183927,0.22122796805158176,0.9899823836480639,0.7986411892294055,0.2564839647058823,0.9996799979675556
0.157,1.0316235294117644,0.0,2492.516009929427,0.21998712465352147,0.9889396139597979,0.7962911791097217,0.2563811882352941,0.9996099102699034
0.1575,1.0291764705882351,0.0,2485.8754454414825,0.21875327601412137,0.9878976972958673,0.7939210551145605,0.2562784117647059,0.9995329536647243
0.158,1.0267294117647057,0.0,2479.1509708743106,0.21752633062339027,0.9868566653991182,0.791530752000173,0.25617563529411763,0.999449147817504
0.1585,1.0242823529411762,0.0,2472.342722440028,0.21630625262837355,0.9858165205709264,0.7891202739376434,0.25607285882352937,0.9993585105589446
0.159,1.021835294117647,0.0,2465.450842901856,0.21509300617611657,0.9847772651126675,0.7866896293227946,0.25597008235294116,0.9992610597657844
0.1595,1.0193882352941173,0.0,2458.4754816192544,0.21388655541366475,0.9837389013257173,0.7842388308302011,0.2558673058823529,0.9991568133606672
0.16,1.016941176470588,0.0,2451.416794593859,0.21268686448806345,0.9827014315114515,0.7817678954655906,0.2557645294117647,0.9990457893120122
0.1605,1.0144941176470585,0.0,2444.2749445144777,0.21149389754635808,0.981664857971246,0.7792768446165728,0.25566175294117643,0.9989280056338821
0.161,1.012047058823529,0.0,2437.0501008033243,0.210307618735594,0.9806291830064766,0.7767657041016132,0.25555897647058823,0.9988034803858528
0.1615,1.0095999999999998,0.0,2429.74243966128,0.20912799220281666,0.9795944089185189,0.77423450421719,0.25545619999999997,0.9986722316728807
0.162,1.0071529411764704,0.0,2422.3521441142693,0.2079549820950714,0.9785605380087486,0.7716832797830443,0.25535342352941176,0.9985342776451712
0.1625,1.004705882352941,0.0,2414.8794040588195,0.20678855255940365,0.9775275725785417,0.7691120701854831,0.2552506470588235,0.9983896364980462
0.163,1.0022588235294116,0.0,2407.324416308762,0.20562866774285873,0.9764955149292738,0.7665209194186271,0.2551478705882353,0.9982383264718112
0.1635,0.9998117647058821,0.0,2399.6873846408744,0.20447529179248208,0.9754643673623207,0.7639098761235766,0.25504509411764703,0.9980803658516226
0.164,0.9973647058823527,0.0,2391.9685198418147,0.20332838885531912,0.9744341321790582,0.7612789936253888,0.2549423176470588,0.9979157729673538
0.1645,0.9949176470588232,0.0,2384.168039754154,0.20218792307841515,0.9734048116808619,0.7586283299678251,0.25483954117647056,0.9977445661934616
0.165,0.9924705882352939,0.0,2376.286169323453,0.20105385860881564,0.9723764081691076,0.7559579479457987,0.25473676470588236,0.9975667639488529
0.1655,0.9900235294117644,0.0,2368.3231406444984,0.19992615959356597,0.9713489239451712,0.7532679151354412,0.2546339882352941,0.9973823846967488
0.166,0.9875764705882351,0.0,2360.279193008581,0.19880479017971148,0.9703223613104285,0.750558303921756,0.2545312117647059,0.9971914469445512
0.1665,0.9851294117647056,0.0,2352.1545729501263,0.1976897145142976,0.9692967225662551,0.7478291915237738,0.2544284352941176,0.9969939692437069
0.167,0.9826823529411762,0.0,2343.9495342941095,0.1965808967443697,0.9682720100140267,0.745080660017153,0.2543256588235294,0.9967899701895726
0.1675,0.9802352941176468,0.0,2335.6643382028333,0.19547830101697322,0.9672482259551193,0.7423127963541845,0.25422288235294116,0.996579468421279
0.168,0.9777882352941174,0.0,2327.2992532237286,0.19438189147915347,0.9662253726909084,0.7395256923811292,0.2541201058823529,0.9963624826215942
0.1685,0.9753411764705879,0.0,2318.854555336459,0.19329163227795587,0.96520345252277,0.7367194448528361,0.2540173294117647,0.9961390315167885
0.169,0.9728941176470586,0.0,2310.330528000559,0.19220748756042585,0.9641824677520796,0.7338941554446043,0.2539145529411765,0.9959091338764962
0.1695,0.9704470588235291,0.0,2301.7274622029577,0.19112942147360876,0.9631624206802132,0.7310499307612308,0.2538117764705882,0.9956728085135791
0.17,0.9679999999999997,0.0,2293.0456565061286,0.19005739816454997,0.9621433136085463,0.7281868823431867,0.25370899999999996,0.9954300742839896
0.1705,0.9655529411764703,0.0,2284.28751542378,0.18899141474095849,0.9611251279894437,0.725305182179776,0.25360622352941176,0.9951809449176112
0.171,0.9631058823529409,0.0,2275.452244359318,0.18793141806450414,0.960107877037917,0.7224049244101488,0.2535034470588235,0.9949254417269708
0.1715,0.9606588235294115,0.0,2266.538918923382,0.18687735199628583,0.9590915754237874,0.7194862010831541,0.2534006705882353,0.994663586730524
0.17200000000000001,0.9582117647058821,0.0,2257.548243195831,0.18582918574601373,0.9580762217156402,0.7165491517011441,0.253297894117647,0.9943953980049868
0.17250000000000001,0.9557647058823526,0.0,2248.4809260997804,0.18478688852339817,0.9570618144820611,0.7135939211410671,0.2531951176470588,0.9941208935727903
0.17300000000000001,0.9533176470588232,0.0,2239.337681370916,0.18375042953814932,0.9560483522916352,0.7106206596496878,0.25309234117647056,0.9938400914021677
0.17350000000000002,0.9508705882352938,0.0,2230.1192275280146,0.18271977799997746,0.9550358337129481,0.7076295228353819,0.25298956470588235,0.9935530094072397
0.17400000000000002,0.9484235294117643,0.0,2220.8262878425867,0.1816949031185928,0.954024257314585,0.7046206716564366,0.2528867882352941,0.9932596654481011
0.17450000000000002,0.945976470588235,0.0,2211.459590309192,0.1806757741037056,0.9530136216651315,0.7015942724058651,0.2527840117647059,0.9929600773309075
0.17500000000000002,0.9435294117647055,0.0,2202.019867615351,0.1796623601650261,0.9520039253331728,0.6985504966926714,0.2526812352941176,0.9926542628079603
0.17550000000000002,0.9410823529411761,0.0,2192.5078571119784,0.17865463051226455,0.9509951668872945,0.6954895214195231,0.2525784588235294,0.992342239577793
0.176,0.9386352941176469,0.0,2182.92430078333,0.17765255435513125,0.9499873448960818,0.6924115287568596,0.25247568235294116,0.9920240252852568
0.1765,0.9361882352941174,0.0,2173.269945217465,0.1766561009033363,0.9489804579281202,0.6893167061133567,0.25237290588235295,0.9916996375216062
0.177,0.9337411764705881,0.0,2163.5455415763445,0.17566523936659,0.9479745045519952,0.686205246102772,0.2522701294117647,0.9913690938245843
0.1775,0.9312941176470586,0.0,2153.7518455664417,0.17467993895460265,0.9469694833362919,0.6830773465071256,0.2521673529411764,0.9910324116785082
0.178,0.9288470588235292,0.0,2143.889617408992,0.17370016887708442,0.945965392849596,0.6799332102362394,0.2520645764705882,0.9906896085143543
0.1785,0.9263999999999998,0.0,2133.9596218102524,0.1727258983437456,0.9449622316604929,0.6767730452836072,0.2519618,0.9903407017098429
0.179,0.9239529411764704,0.0,2123.962627932226,0.17175709656429639,0.9439599983375676,0.6735970646786044,0.25185902352941175,0.9899857085895235
0.1795,0.921505882352941,0.0,2113.899409363244,0.17079373274844706,0.9429586914494059,0.6704054864350385,0.2517562470588235,0.9896246464248595
0.18,0.9190588235294116,0.0,2103.7707440883987,0.16983577610590786,0.9419583095645931,0.6671985334960622,0.2516534705882353,0.9892575324343125
0.1805,0.9166117647058821,0.0,2093.5774144600473,0.168883195846389,0.9409588512517146,0.6639764336754355,0.251550694117647,0.9888843837834275
0.181,0.9141647058823528,0.0,2083.3202071688547,0.16793596117960075,0.9399603150793557,0.6607394195951881,0.2514479176470588,0.9885052175849164
0.1815,0.9117176470588233,0.0,2072.9999132140447,0.16699404131525333,0.9389626996161018,0.6574877286196801,0.25134514117647055,0.9881200508987429
0.182,0.9092705882352939,0.0,2062.617327874557,0.166057405463057,0.9379660034305385,0.6542216027861026,0.25124236470588235,0.9877289007322068
0.1825,0.9068235294117645,0.0,2052.173250679536,0.16512602283272199,0.9369702250912509,0.6509412887314392,0.2511395882352941,0.9873317840400269
0.183,0.9043764705882351,0.0,2041.6684853794948,0.16419986263395853,0.9359753631668246,0.6476470376159356,0.2510368117647059,0.986928717724426
0.1835,0.9019294117647056,0.0,2031.1038399168058,0.1632788940764769,0.934981416225845,0.6443391050431237,0.2509340352941176,0.9865197186352143
0.184,0.8994823529411763,0.0,2020.4810428933831,0.1623630980232644,0.9339883731543257,0.6410177764026506,0.2508312588235294,0.9861047994935824
0.1845,0.8970352941176468,0.0,2009.8029379858033,0.1614524690819006,0.9329962109675322,0.6376833724701505,0.25072848235294115,0.9856839676508053
0.185,0.8945882352941175,0.0,1999.067038713118,0.16054693329564806,0.932004963104597,0.6343360673171075,0.25062570588235294,0.9852572543290586
0.1855,0.892141176470588,0.0,1988.274610435963,0.15964646434504243,0.9310146234650167,0.6309761423392931,0.2505229294117647,0.9848246741847149
0.186,0.8896941176470586,0.0,1977.4269178162938,0.15875103591061934,0.9300251859482882,0.6276038833486086,0.2504201529411765,0.9843862417041721
0.1865,0.8872470588235292,0.0,1966.525224694508,0.15786062167291448,0.9290366444539079,0.6242195804751856,0.2503173764705882,0.9839419712042057
0.187,0.8847999999999998,0.0,1955.5707939682852,0.1569751953124635,0.9280489928813727,0.6208235280659469,0.2502146,0.983491876832319
0.1875,0.8823529411764703,0.0,1944.5648874713604,0.15609473050980208,0.9270622251301791,0.6174160245797393,0.25011182352941175,0.9830359725670896
0.188,0.8799058823529409,0.0,1933.508765854013,0.15521920094546585,0.9260763350998238,0.613997372479066,0.25000904705882354,0.9825742722185155
0.1885,0.8774588235294115,0.0,1922.4036884634918,0.15434858029999046,0.9250913166898036,0.6105678781185521,0.24990627058823528,0.9821067894283568
0.189,0.875011764705882,0.0,1911.2509132261525,0.15348284225391162,0.9241071637996151,0.6071278516301623,0.24980349411764705,0.9816335376704769
0.1895,0.8725647058823527,0.0,1900.0516965295903,0.15262196048776494,0.9231238703287549,0.6036776068053068,0.2497007176470588,0.9811545302511795
0.19,0.8701176470588232,0.0,1888.807293106178,0.15176590868208611,0.9221414301767198,0.6002174609739114,0.24959794117647058,0.9806697803095453
0.1905,0.8676705882352939,0.0,1877.51895591729,0.15091466051741076,0.9211598372430064,0.5967477348805281,0.24949516470588234,0.9801793008177639
0.191,0.8652235294117644,0.0,1866.1879360381063,0.1500681896742746,0.9201790854271115,0.5932687525576193,0.24939238823529408,0.9796831045814657
0.1915,0.862776470588235,0.0,1854.815482543677,0.14922646983321325,0.9191991686285316,0.5897808411961009,0.24928961176470588,0.9791812042400495
0.192,0.8603294117647056,0.0,1843.4028423952425,0.14838947467476238,0.9182200807467634,0.5862843310132491,0.24918683529411761,0.9786736122670092
0.1925,0.8578823529411762,0.0,1831.9512603281362,0.14755717787945766,0.9172418156813037,0.5827795551180969,0.2490840588235294,0.9781603409702573
0.193,0.8554352941176467,0.0,1820.4619787395943,0.1467295531278347,0.9162643673316491,0.5792668493744318,0.24898128235294115,0.9776414024924458
0.1935,0.8529882352941174,0.0,1808.9362375782812,0.14590657410042923,0.9152877295972962,0.5757465522615075,0.24887850588235294,0.9771168088112857
0.194,0.8505411764705879,0.0,1797.375274233965,0.1450882144777769,0.9143118963777418,0.5722190047326002,0.24877572941176468,0.9765865717398633
0.1945,0.8480941176470586,0.0,1785.7803234285045,0.14427444794041333,0.9133368615724826,0.5686845500715392,0.24867295294117644,0.9760507029269546
0.195,0.8456470588235291,0.0,1774.1526171072828,0.14346524816887418,0.9123626190810151,0.5651435337473286,0.2485701764705882,0.9755092138573366
0.1955,0.8431999999999997,0.0,1762.4933843316574,0.14266058884369515,0.9113891628028361,0.5615963032670118,0.24846739999999998,0.9749621158520974
0.196,0.8407529411764703,0.0,1750.8038511722839,0.1418604436454119,0.9104164866374423,0.5580432080268884,0.24836462352941174,0.9744094200689428
0.1965,0.8383058823529409,0.0,1739.0852406030838,0.14106478625456,0.9094445844843303,0.5544845991622561,0.2482618470588235,0.9738511375025013
0.197,0.8358588235294114,0.0,1727.338772396245,0.14027359035167525,0.9084734502429969,0.5509208293957769,0.24815907058823528,0.9732872789846264
0.1975,0.8334117647058821,0.0,1715.5656630178394,0.1394868296172932,0.9075030778129386,0.547352252884647,0.24805629411764704,0.9727178551846961
0.198,0.8309647058823526,0.0,1703.7671255244725,0.13870447773194955,0.9065334610936522,0.5437792250666892,0.2479535176470588,0.9721428766099113
0.1985,0.8285176470588232,0.0,1691.9466675635106,0.13792654629860832,0.9055645674530203,0.5402022158387147,0.24785074117647057,0.9715623376264823
0.199,0.8260705882352938,0.0,1680.103457114605,0.13715296776500951,0.9045964141214116,0.5366214565675806,0.24774796470588234,0.9709762621221518
0.1995,0.8236235294117644,0.0,1668.2389507723367,0.13638371812033057,0.9036289920051225,0.5330373111888421,0.2476451882352941,0.9703846582208266
0.2,0.821176470588235,0.0,1656.354679563752,0.13561877483792323,0.9026622910542037,0.5294501491097169,0.24754241176470587,0.9697875332180594
0.2005,0.8187294117647056,0.0,1644.4521656701168,0.1348581153911393,0.9016963012187063,0.5258603405774886,0.24743963529411764,0.96918489415152
0.201,0.8162823529411761,0.0,1632.5329222673465,0.1341017172533305,0.9007310124486808,0.5222682565168265,0.2473368588235294,0.9685767478014542
0.2015,0.8138352941176468,0.0,1620.5984533685694,0.13334955789784866,0.8997664146941783,0.5186742683666021,0.24723408235294114,0.967963100691137
0.202,0.8113882352941173,0.0,1608.6502536692128,0.13260161479804547,0.8988024979052494,0.5150787479163643,0.24713130588235294,0.9673439590873181
0.2025,0.8089411764705879,0.0,1596.6898083939454,0.13185786542727274,0.897839252031945,0.511482067142626,0.24702852941176467,0.9667193290006618
0.203,0.8064941176470585,0.0,1584.7185931462136,0.13111828725888222,0.8968766670243161,0.5078845980451213,0.24692575294117644,0.9660892161861806
0.20350000000000001,0.8040470588235291,0.0,1572.7380737598667,0.13038285776622568,0.8959147328324133,0.504286712483174,0.2468229764705882,0.965453626143661
0.20400000000000001,0.8015999999999996,0.0,1560.7497061528197,0.1296515544226549,0.8949534394062876,0.50068878201236,0.24672019999999997,0.9648125641180851
0.20450000000000002,0.7991529411764702,0.0,1548.7549361835072,0.1289243547015216,0.8939927766959896,0.49709117772159034,0.24661742352941174,0.9641660351000436
0.20500000000000002,0.7967058823529409,0.0,1536.7551995088268,0.12820123607617762,0.8930327346515704,0.4934942700707849,0.2465146470588235,0.9635140438261437
0.20550000000000002,0.7942588235294115,0.0,1524.751921445069,0.12748217601997464,0.8920733032230806,0.48989842872928313,0.24641187058823527,0.9628565947794098
0.20600000000000002,0.791811764705882,0.0,1512.7465168305398,0.12676715200626448,0.8911144723605713,0.486304022415155,0.24630909411764704,0.9621936921896785
0.20650000000000002,0.7893647058823525,0.0,1500.740389890672,0.1260561415083989,0.8901562320140929,0.482711418735537,0.2462063176470588,0.9615253400339866
0.20700000000000002,0.7869176470588233,0.0,1488.7349341052993,0.12534912199972964,0.8891985721336966,0.4791209840281777,0.24610354117647057,0.9608515420369527
0.20750000000000002,0.7844705882352938,0.0,1476.7315320782218,0.12464607095360848,0.888241482669433,0.4755330832042992,0.24600076470588234,0.9601723016711523
0.20800000000000002,0.7820235294117643,0.0,1464.7315554090324,0.12394696584338719,0.8872849535713532,0.47194807959295554,0.2458979882352941,0.9594876221574872
0.2085,0.7795764705882351,0.0,1452.7363645670378,0.12325178414241757,0.8863289747895078,0.46836633478700845,0.24579521176470587,0.9587975064655473
0.209,0.7771294117647056,0.0,1440.7473087676365,0.1225605033240513,0.8853735362739475,0.464788208490855,0.24569243529411763,0.9581019573139667
0.2095,0.7746823529411762,0.0,1428.765725850648,0.1218731008616402,0.8844186279747235,0.46121405837007273,0.2455896588235294,0.9574009771707737
0.21,0.7722352941176469,0.0,1416.792942161169,0.12118955422853603,0.8834642398418864,0.4576442399030769,0.24548688235294117,0.9566945682537329
0.2105,0.7697882352941174,0.0,1404.8302724325958,0.12050984089809054,0.8825103618254869,0.4540791062349517,0.24538410588235293,0.9559827325306824
0.211,0.767341176470588,0.0,1392.879019671673,0.11983393834365552,0.8815569838755761,0.45051900803356465,0.2452813294117647,0.9552654717198644
0.2115,0.7648941176470585,0.0,1380.940475046137,0.1191618240385827,0.8806040959422047,0.4469642933480877,0.24517855294117646,0.9545427872902479
0.212,0.7624470588235293,0.0,1369.01496091149,0.11849350328037075,0.879651700256398,0.4434154324831288,0.24507577647058823,0.9538146898878321
0.2125,0.7599999999999998,0.0,1357.1051191142324,0.11782893199466028,0.8786997692086916,0.4398726652418956,0.244973,0.9530811671236458
0.213,0.7575529411764703,0.0,1345.2127171600891,0.11716807818224491,0.8777482860439801,0.43633628631311877,0.24487022352941173,0.9523422143967331
0.2135,0.7551058823529408,0.0,1333.3389712473704,0.11651092260471764,0.8767972408979081,0.43280664563391946,0.2447674470588235,0.9515978321097956
0.214,0.7526588235294116,0.0,1321.4850853904713,0.11585744602367148,0.8758466239061201,0.42928409006220386,0.24466467058823527,0.9508480204224861
0.2145,0.7502117647058821,0.0,1309.6522513255004,0.11520762920069944,0.8748964252042608,0.42576896323954017,0.24456189411764706,0.9500927792516801
0.215,0.7477647058823527,0.0,1297.8416484174645,0.1145614528973945,0.8739466349279749,0.42226160545696917,0.2444591176470588,0.9493321082717435
0.2155,0.7453176470588232,0.0,1286.0544435701142,0.11391889787534969,0.8729972432129068,0.41876235352383734,0.24435634117647057,0.948566006914791
0.216,0.742870588235294,0.0,1274.2917911374266,0.113279944896158,0.8720482401947014,0.4152715406397776,0.24425356470588233,0.9477944743709412
0.2165,0.7404235294117645,0.0,1262.554832837784,0.11264457472141244,0.871099616009003,0.41178949626991374,0.2441507882352941,0.9470175095885636
0.217,0.737976470588235,0.0,1250.8446976697517,0.11201276811270601,0.8701513607914564,0.40831654602338624,0.24404801176470586,0.94623511127452
0.2175,0.7355294117647055,0.0,1239.1625018305933,0.11138450583163173,0.8692034646777063,0.40485301153530684,0.24394523529411763,0.9454472778944004
0.218,0.7330823529411763,0.0,1227.509348636496,0.1107597686397826,0.868255917803397,0.4013992103521843,0.2438424588235294,0.944654007672751
0.2185,0.7306352941176468,0.0,1215.886328445046,0.1101385372987516,0.8673087103041733,0.39795545582094255,0.24373968235294116,0.9438552985932979
0.219,0.7281882352941174,0.0,1204.294518580102,0.10952079257013177,0.86636183231568,0.3945220569815765,0.24363690588235293,0.9430511483991632
0.2195,0.7257411764705879,0.0,1192.7349832585605,0.10890651521551607,0.8654152739735613,0.3910993184635129,0.2435341294117647,0.9422415545930753
0.22,0.7232941176470586,0.0,1181.2087735193043,0.10829568599649755,0.8644690254134622,0.3876875403857555,0.24343135294117646,0.9414265144375741
0.2205,0.7208470588235292,0.0,1169.716927154481,0.1076882856746692,0.8635230767710271,0.38428701826085937,0.24332857647058823,0.9406060249552074
0.221,0.7183999999999997,0.0,1158.2604686427849,0.10708429501162402,0.8625774181819006,0.38089804290277374,0.2432258,0.9397800829287237
0.2215,0.7159529411764702,0.0,1146.840409084943,0.10648369476895501,0.8616320397817274,0.3775209003386299,0.24312302352941173,0.938948684901258
0.222,0.713505882352941,0.0,1135.457746141377,0.10588646570825519,0.8606869317061522,0.3741558717244863,0.24302024705882352,0.9381118271765105
0.2225,0.7110588235294115,0.0,1124.1134639719182,0.10529258859111754,0.8597420840908194,0.370803233265081,0.2429174705882353,0.9372695058189198
0.223,0.708611764705882,0.0,1112.8085331778705,0.10470204417913509,0.8587974870713737,0.36746325613761194,0.24281469411764703,0.9364217166538301
0.2235,0.7061647058823526,0.0,1101.5439107460816,0.10411481323390083,0.8578531307834598,0.36413620641958233,0.2427119176470588,0.9355684552676525
0.224,0.7037176470588233,0.0,1090.3205399952349,0.10353087651700776,0.8569090053627222,0.360822345020717,0.2426091411764706,0.9347097170080183
0.2245,0.7012705882352939,0.0,1079.1393505241963,0.1029502147900489,0.8559651009448056,0.3575219276189743,0.24250636470588233,0.9338454969839285
0.225,0.6988235294117644,0.0,1068.001258162703,0.10237280881461724,0.8550214076653545,0.35423520460065444,0.2424035882352941,0.932975790065895
0.2255,0.6963764705882349,0.0,1056.9071649241082,0.1017986393523058,0.8540779156600136,0.35096242100461805,0.24230081176470586,0.9321005908860774
0.226,0.6939294117647057,0.0,1045.8571310662073,0.10122769156346495,0.8531346272214103,0.3477038453813782,0.24219803529411763,0.9312199052251463
0.2265,0.6914823529411762,0.0,1034.8469508362707,0.1006599752326026,0.8521916076701663,0.34445989861162374,0.2420952588235294,0.9303337983318558
0.227,0.6890352941176467,0.0,1023.8849816001859,0.10009543257775513,0.8512487372774781,0.3412305534050146,0.24199248235294116,0.929442161474666
0.2275,0.6865882352941173,0.0,1012.9714298347026,0.09953404730828982,0.850306015364422,0.3380160531639156,0.24188970588235292,0.9285449966961841
0.228,0.684141176470588,0.0,1002.1065011858411,0.09897580313357394,0.849363441252074,0.33481663566539577,0.2417869294117647,0.927642306022266
0.2285,0.6816941176470586,0.0,991.290400466623,0.09842068376297475,0.8484210142615103,0.3316325330122764,0.24168415294117646,0.926734091462024
0.229,0.6792470588235291,0.0,980.5233316548715,0.09786867290585953,0.847478733713807,0.3284639715884131,0.24158137647058822,0.9258203550078323
0.2295,0.6767999999999996,0.0,969.8054978910017,0.09731975427159553,0.8465365989300404,0.32531117201825144,0.2414786,0.924901098635334
0.23,0.6743529411764704,0.0,959.1371014758408,0.09677391156955004,0.8455946092312866,0.32217434913059345,0.24137582352941175,0.9239763243034468
0.2305,0.6719058823529409,0.0,948.5183438684198,0.0962311285090903,0.8446527639386217,0.3190537119265895,0.24127304705882352,0.9230460339543699
0.231,0.6694588235294114,0.0,937.9494256837551,0.09569138879958361,0.8437110623731218,0.31594946355188425,0.24117027058823529,0.9221102295135898
0.2315,0.667011764705882,0.0,927.43054669072,0.09515467615039723,0.8427695038558631,0.31286180127293234,0.24106749411764705,0.921168912889887
0.232,0.6645647058823527,0.0,916.9619058099817,0.09462097427089841,0.8418280877079218,0.3097909164573948,0.24096471764705882,0.9202220859753416
0.2325,0.6621176470588233,0.0,906.5437011116414,0.09409026687045444,0.8408868132503741,0.3067369945586106,0.24086194117647058,0.9192697506453401
0.233,0.6596705882352938,0.0,896.1761298132325,0.09356253765843259,0.8399456798042959,0.3037002151040839,0.24075916470588232,0.9183119087585812
0.2335,0.6572235294117643,0.0,885.8593882776468,0.0930377703442001,0.8390046866907636,0.30068075168793423,0.2406563882352941,0.9173485621570816
0.234,0.6547764705882351,0.0,875.5936720108679,0.09251594863712427,0.8380638332308532,0.2976787719672555,0.24055361176470585,0.9163797126661832
0.23450000000000001,0.6523294117647056,0.0,865.3791756599755,0.09199705624657237,0.8371231187456409,0.2946944376623283,0.24045083529411762,0.9154053620945581
0.23500000000000001,0.6498823529411761,0.0,855.216093010975,0.09148107688191164,0.836182542556203,0.29172790456063485,0.2403480588235294,0.9144255122342148
0.23550000000000001,0.6474352941176467,0.0,845.1046169867835,0.09096799425250936,0.8352421039836153,0.28877932252457467,0.24024528235294115,0.9134401648605044
0.23600000000000002,0.6449882352941172,0.0,835.0449396451169,0.09045779206773281,0.8343018023489542,0.2858488355028613,0.24014250588235292,0.9124493217321268
0.23650000000000002,0.642541176470588,0.0,825.0372521763869,0.08995045403694925,0.8333616369732958,0.28293658154549467,0.24003972941176469,0.9114529845911363
0.23700000000000002,0.6400941176470585,0.0,815.0817449017356,0.08944596386952595,0.8324216071777163,0.28004269282224703,0.23993695294117645,0.9104511551629476
0.23750000000000002,0.637647058823529,0.0,805.1786072708633,0.08894430527483019,0.8314817122832918,0.2771672956445837,0.23983417647058822,0.9094438351563418
0.23800000000000002,0.6351999999999995,0.0,795.328027860154,0.08844546196222922,0.8305419516110983,0.27431051049093785,0.23973139999999998,0.9084310262634715
0.23850000000000002,0.6327529411764703,0.0,785.5301943704535,0.0879494176410903,0.8296023244822123,0.27147245203526493,0.23962862352941175,0.9074127301598683
0.23900000000000002,0.6303058823529408,0.0,775.7852936252684,0.08745615602078073,0.8286628302177096,0.26865322917878104,0.23952584705882352,0.9063889485044471
0.23950000000000002,0.6278588235294114,0.0,766.0935115685996,0.08696566081066776,0.8277234681386665,0.2658529450848097,0.23942307058823528,0.905359682939512
0.24,0.6254117647058821,0.0,756.4550332629676,0.08647791572011869,0.8267842375661593,0.26307169721664186,0.23932029411764705,0.904324935090763
0.2405,0.6229647058823526,0.0,746.8700428875655,0.08599290445850073,0.8258451378212638,0.26030957737832916,0.2392175176470588,0.9032847065673004
0.241,0.6205176470588234,0.0,737.3387237360774,0.08551061073518118,0.8249061682250564,0.2575666717583082,0.23911474117647058,0.9022389989616318
0.2415,0.6180705882352939,0.0,727.8596354361285,0.0850310346368227,0.8239673566628496,0.25484315155576137,0.23901196470588235,0.9011878459175242
0.242,0.6156235294117645,0.0,718.4325503881258,0.0845541450101312,0.8230287102643723,0.2521390311927004,0.2389091882352941,0.9001312583204991
0.2425,0.613176470588235,0.0,709.0573328535381,0.08407992515479819,0.822090234711982,0.24945438209663678,0.23880641176470585,0.8990692455840635
0.243,0.6107294117647057,0.0,699.7337153722907,0.08360836107751125,0.8211519382069237,0.24678928360045324,0.23870363529411764,0.8980018201302932
0.2435,0.6082823529411763,0.0,690.4614428248926,0.08313943878495796,0.8202138289504428,0.24414380943720307,0.23860085882352938,0.8969289945769751
0.244,0.6058352941176468,0.0,681.2402724660902,0.0826731442838259,0.8192759151437844,0.2415180277903985,0.23849808235294115,0.8958507817375108
0.2445,0.6033882352941173,0.0,672.0699739594609,0.08220946358080262,0.8183382049881937,0.23891200134688342,0.23839530588235291,0.8947671946208178
0.245,0.6009411764705881,0.0,662.9503294137639,0.08174838268257574,0.8174007066849159,0.23632578735219123,0.2382925294117647,0.8936782464312242
0.2455,0.5984941176470586,0.0,653.8811334206366,0.08128988759583279,0.8164634284351963,0.23375943766828214,0.23818975294117645,0.8925839505683599
0.246,0.5960470588235292,0.0,644.8621930940068,0.08083396432726138,0.81552637844028,0.23121299883357935,0.2380869764705882,0.8914843206270446
0.2465,0.5935999999999997,0.0,635.8933281107545,0.08038059888354906,0.8145895649014122,0.2286865121251946,0.23798419999999998,0.8903793703971695
0.247,0.5911529411764704,0.0,626.9743707529626,0.07992977727138344,0.8136529960198381,0.2261800136232451,0.23788142352941175,0.8892691138635763
0.2475,0.588705882352941,0.0,618.1051659516742,0.07948148549745206,0.8127166799968029,0.22369353427717442,0.2377786470588235,0.8881535652059314
0.248,0.5862588235294115,0.0,609.2855713320939,0.07903570956844251,0.8117806250335518,0.22122709997396056,0.23767587058823528,0.8870327387985956
0.2485,0.583811764705882,0.0,600.515457260406,0.07859243549104238,0.81084483933133,0.21878073160813638,0.23757309411764704,0.8859066492104899
0.249,0.5813647058823528,0.0,591.7947068919106,0.07815164927193922,0.8099093310913827,0.2163544451535085,0.2374703176470588,0.8847753112049568
0.2495,0.5789176470588233,0.0,583.1232162207148,0.07771333691782063,0.8089741085149552,0.213948251736478,0.23736754117647058,0.883638739739617
0.25,0.5764705882352938,0.0,574.500894130963,0.07727748443537419,0.8080391798032925,0.2115621577108772,0.23726476470588234,0.8824969499662224
0.2505,0.5740235294117644,0.0,565.9276624495695,0.07684407783128744,0.80710455315764,0.20919616473421998,0.2371619882352941,0.8813499572305047
0.251,0.5715764705882349,0.0,557.4034560003089,0.07641310311224798,0.8061702367792426,0.20685026984526955,0.23705921176470585,0.8801977770720188
0.2515,0.5691294117647057,0.0,548.9282226595766,0.0759845462849434,0.8052362388693458,0.20452446554283554,0.23695643529411764,0.8790404252239843
0.252,0.5666823529411762,0.0,540.5019234134488,0.07555839335606125,0.8043025676291947,0.20221873986569436,0.2368536588235294,0.877877917613119
0.2525,0.5642352941176467,0.0,532.1245324164249,0.07513463033228912,0.8033692312600345,0.19993307647356842,0.23675088235294114,0.8767102703594712
0.253,0.5617882352941173,0.0,523.7960370515577,0.07471324322031458,0.8024362379631104,0.1976674547290397,0.2366481058823529,0.8755374997762476
0.2535,0.559341176470588,0.0,515.5171851730673,0.0742942202200232,0.8015035803120864,0.19542185028138803,0.2365453294117647,0.8743596025863509
0.254,0.5568941176470585,0.0,507.29510236539016,0.0738775707437021,0.8005711161874302,0.19319624900331792,0.23644255294117644,0.873176404021915
0.2545,0.5544470588235291,0.0,499.1187275267861,0.07346325032863218,0.7996390854289189,0.19099061878530668,0.2363397764705882,0.8719882140058672
0.255,0.5519999999999996,0.0,490.98884083076723,0.07305124702687864,0.7987074820093485,0.18880492267863352,0.23623699999999997,0.8707950325286455
0.2555,0.5495529411764704,0.0,482.90621440195645,0.07264154889050665,0.7977762999015146,0.18663912001165844,0.23613422352941174,0.8695968594339216
0.256,0.5471058823529409,0.0,474.8716122592991,0.07223414397158145,0.7968455330782127,0.18449316647079764,0.2360314470588235,0.8683936944187641
0.2565,0.5446588235294114,0.0,466.8857902601516,0.07182902032216823,0.7959151755122389,0.18236701418179185,0.23592867058823527,0.8671855370338002
0.257,0.542211764705882,0.0,458.94949604525743,0.07142616599433219,0.7949852211763886,0.18026061179123082,0.23582589411764704,0.8659723866833727
0.2575,0.5397647058823527,0.0,451.0634689843913,0.0710255690401385,0.7940556640434576,0.1781739045482467,0.2357231176470588,0.8647542426256978
0.258,0.5373176470588232,0.0,443.2284401228918,0.0706272175116524,0.7931264980862418,0.17610683438631583,0.23562034117647057,0.8635311039730175
0.2585,0.5348705882352938,0.0,435.44513212905105,0.07023109946093907,0.7921977172775366,0.1740593400050976,0.23551756470588234,0.8623029696917519
0.259,0.5324235294117643,0.0,427.71425924215066,0.06983720294006371,0.791269315590138,0.17203135695226635,0.2354147882352941,0.8610698386026486
0.2595,0.529976470588235,0.0,420.03652722143624,0.06944551600109153,0.7903412869968416,0.1700228177052533,0.23531201176470587,0.8598317093809287
0.26,0.5275294117647056,0.0,412.4126332958577,0.06905602669608772,0.7894136254704431,0.1680336517528562,0.23520923529411764,0.8585885805564324
0.2605,0.5250823529411761,0.0,404.84326611461415,0.06866872307711748,0.7884863249837383,0.16606378567664914,0.2351064588235294,0.8573404505137603
0.261,0.5226352941176466,0.0,397.32910569854266,0.06828359319624602,0.7875593795095227,0.1641131432321438,0.23500368235294117,0.856087317492414
0.2615,0.5201882352941174,0.0,389.8708233921854,0.06790062510553854,0.7866327830205923,0.162181645429645,0.23490090588235293,0.8548291795869335
0.262,0.5177411764705879,0.0,382.4690818168277,0.06751980685706023,0.7857065294897425,0.1602692106147544,0.2347981294117647,0.8535660347470325
0.2625,0.5152941176470585,0.0,375.124534824215,0.06714112650287629,0.7847806128897693,0.1583757545484656,0.23469535294117644,0.8522978807777317
0.263,0.512847058823529,0.0,367.8378274511989,0.06676457209505193,0.7838550271934683,0.15650119048680303,0.2345925764705882,0.8510247153394888
0.2635,0.5103999999999997,0.0,360.6095958750172,0.06639013168565235,0.7829297663736353,0.15464542925996735,0.23448979999999997,0.8497465359483274
0.264,0.5079529411764703,0.0,353.4404673695504,0.06601779332674274,0.7820048244030658,0.1528083793509405,0.23438702352941174,0.8484633399759625
0.2645,0.5055058823529408,0.0,346.33106026226284,0.0656475450703883,0.7810801952545559,0.1509899469734908,0.2342842470588235,0.8471751246499254
0.265,0.5030588235294113,0.0,339.281983892067,0.06527937496865423,0.7801558729009008,0.14919003614956952,0.23418147058823527,0.8458818870536835
0.2655,0.5006117647058821,0.0,332.2938385678408,0.06491327107360574,0.7792318513148967,0.14740854878603601,0.23407869411764703,0.8445836241267606
0.266,0.4981647058823526,0.0,325.36721552786867,0.06454922143730803,0.778308124469339,0.145645384750674,0.2339759176470588,0.843280332664853
0.2665,0.49571764705882315,0.0,318.5026969000515,0.06418721411182628,0.7773846863370235,0.14390044194748594,0.23387314117647057,0.8419720093199445
0.267,0.4932705882352937,0.0,311.7008556629341,0.06382723714922572,0.776461530890746,0.14217361639120799,0.23377036470588233,0.840658650600418
0.2675,0.49082352941176444,0.0,304.96225560751463,0.06346927860157153,0.7755386521033021,0.14046480228102887,0.2336675882352941,0.8393402528711656
0.268,0.48837647058823497,0.0,298.2874512998608,0.06311332652092891,0.7746160439474876,0.13877389207347365,0.23356481176470587,0.8380168123536963
0.2685,0.4859294117647055,0.0,291.67698804455296,0.06275936895936307,0.7736937003960982,0.1371007765544343,0.23346203529411763,0.8366883251262406
0.269,0.48348235294117603,0.0,285.1330956448587,0.06240740019677132,0.772771567787026,0.13544534797813187,0.2333592588235294,0.8353547180932204
0.2695,0.4810352941176468,0.0,278.6572103997956,0.062057405149271945,0.7718496125643676,0.13380747183287947,0.23325648235294116,0.8340159461510549
0.27,0.4785882352941173,0.0,272.24992293795026,0.061709370561976624,0.7709278239493286,0.13218702849523156,0.23315370588235293,0.8326719966817927
0.2705,0.47614117647058785,0.0,265.9122595273303,0.061363286048610265,0.7700061779717485,0.13058390210760765,0.2330509294117647,0.8313228374644037
0.271,0.4736941176470584,0.0,259.64520758372777,0.06101914122289778,0.7690846506614668,0.12899797565432178,0.23294815294117643,0.8299684357138495
0.2715,0.47124705882352913,0.0,253.44971560135397,0.06067692569856409,0.7681632180483229,0.12742913102235645,0.23284537647058823,0.8286087580812835
0.272,0.46879999999999966,0.0,247.32669309602167,0.0603366290893341,0.7672418561621561,0.12587724906114703,0.23274259999999997,0.8272437706542142
0.2725,0.4663529411764702,0.0,241.27701056131815,0.059998241008932716,0.766320541032806,0.12434220964137453,0.23263982352941173,0.8258734389566311
0.273,0.4639058823529407,0.0,235.3014994373061,0.05966175107108485,0.765399248690112,0.12282389171274519,0.2325370470588235,0.8244977279490947
0.2735,0.4614588235294115,0.0,229.40095209204495,0.05932714888951542,0.7644779551639135,0.1213221733607649,0.23243427058823526,0.8231166020287897
0.274,0.459011764705882,0.0,223.5761218158987,0.05899442407794933,0.7635566364840498,0.11983693186248956,0.23233149411764703,0.8217300250295416
0.2745,0.45656470588235254,0.0,217.82772282847694,0.0586635662501115,0.7626352686803607,0.1183680437412548,0.2322287176470588,0.8203379602217967
0.275,0.45411764705882307,0.0,212.15643029841985,0.05833456501972683,0.7617138277826853,0.11691538482037259,0.23212594117647056,0.8189403703125645
0.2755,0.4516705882352938,0.0,206.5628803758738,0.05800741000052024,0.760792289820863,0.11547883027579976,0.23202316470588233,0.8175372174453253
0.276,0.44922352941176436,0.0,201.0476702376344,0.057682090806216633,0.7598706308247335,0.11405825468776888,0.2319203882352941,0.8161284631998997
0.2765,0.4467764705882349,0.0,195.61135814521032,0.05735859705054092,0.7589488268241361,0.11265353209138763,0.23181761176470586,0.8147140685922821
0.277,0.4443294117647054,0.0,190.25446351543545,0.057036918347218024,0.7580268538489101,0.11126453602619418,0.23171483529411763,0.8132939940744366
0.2775,0.44188235294117617,0.0,184.97746700392912,0.05671704430997285,0.7571046879288952,0.10989113958468777,0.2316120588235294,0.8118681995340581
0.278,0.4394352941176467,0.0,179.780810601285,0.056398964552530295,0.7561823050939307,0.10853321545981069,0.23150928235294116,0.810436644294295
0.2785,0.43698823529411723,0.0,174.664897741939,0.05608266868861529,0.7552596813738559,0.10719063599141204,0.23140650588235293,0.8089992871134358
0.279,0.43454117647058776,0.0,169.63009342587046,0.055768146331952734,0.7543367927985104,0.10586327321166578,0.2313037294117647,0.8075560861845599
0.2795,0.4320941176470585,0.0,164.67447490306375,0.05545539557836749,0.7534136986409921,0.10455105332746556,0.23120095294117646,0.8061071300449124
0.28,0.42964705882352905,0.0,159.80043717881168,0.05514440125895058,0.7524902995787679,0.1032538068932311,0.23109817647058822,0.8046522582824999
0.2805,0.4271999999999996,0.0,155.0100048213356,0.05483514721951513,0.75156650433241,0.10197136519021885,0.23099539999999996,0.8031913208876963
0.281,0.4247529411764701,0.0,150.30307478057003,0.05452762440139748,0.7506422983845892,0.100703607395232,0.23089262352941173,0.8017242877713002
0.28150000000000003,0.42230588235294086,0.0,145.67952180953012,0.054221823745934,0.7497176672179766,0.09945041234189197,0.23078984705882352,0.8002511284986878
0.28200000000000003,0.4198588235294114,0.0,141.13919859889762,0.05391773619446103,0.7487925963152433,0.09821165856249416,0.23068707058823526,0.7987718122894251
0.28250000000000003,0.4174117647058819,0.0,136.68193591628165,0.05361535268831493,0.7478670711590603,0.09698722432896373,0.23058429411764703,0.7972863080168674
0.28300000000000003,0.41496470588235246,0.0,132.30754274995843,0.05331466416883205,0.7469410772320987,0.09577698769290782,0.2304815176470588,0.7957945842077467
0.28350000000000003,0.412517647058823,0.0,128.01580645754555,0.053015661577348744,0.7460146000170294,0.09458082652477426,0.23037874117647056,0.7942966090417424
0.28400000000000003,0.41007058823529374,0.0,123.806492919141,0.05271833585520136,0.7450876249965235,0.0933986185521165,0.23027596470588232,0.7927923503510426
0.28450000000000003,0.4076235294117643,0.0,119.67934669525967,0.05242267794372626,0.7441601376532521,0.0922302413969646,0.2301731882352941,0.7912817756198887
0.28500000000000003,0.4051764705882348,0.0,115.63409118939083,0.05212867878425978,0.7432321234698861,0.09107557261231411,0.23007041176470586,0.7897648519841077
0.28550000000000003,0.40272941176470534,0.0,111.67042881521598,0.051836329318138294,0.7423035679290966,0.08993448971773217,0.22996763529411762,0.7882415462306323
0.28600000000000003,0.4002823529411761,0.0,107.78804116852739,0.05154562048669814,0.7413744565135547,0.08880687023408827,0.2298648588235294,0.7867118247970051
0.28650000000000003,0.3978352941176466,0.0,103.98658920383802,0.051256543231275674,0.7404447747059313,0.08769259171741571,0.22976208235294115,0.7851756537708713
0.28700000000000003,0.39538823529411715,0.0,100.26571341560475,0.050969088493207255,0.7395145079888976,0.08659153179190708,0.22965930588235292,0.7836329988894577
0.28750000000000003,0.3929411764705877,0.0,96.62503402417077,0.050683247213829226,0.7385836418451246,0.08550356818205591,0.2295565294117647,0.7820838255390368
0.28800000000000003,0.39049411764705844,0.0,93.06415116638583,0.050399010334477946,0.7376521617572832,0.08442857874394494,0.22945375294117645,0.7805280987543792
0.2885,0.3880470588235292,0.0,89.58264509082515,0.0501163687964898,0.7367200532080447,0.08336644149569715,0.22935097647058822,0.7789657832181925
0.289,0.3855999999999997,0.0,86.18007635781034,0.049835313541201076,0.7357873016800798,0.08231703464708422,0.22924819999999999,0.7773968432605447
0.2895,0.3831529411764705,0.0,82.85598604397998,0.04955583550994816,0.7348538926560597,0.08128023662831826,0.22914542352941175,0.7758212428582771
0.29,0.380705882352941,0.0,79.60989595158338,0.0492779256440674,0.7339198116186554,0.08025592611801788,0.22904264705882352,0.774238945634401
0.2905,0.37825882352941154,0.0,76.44130882246908,0.04900157488489515,0.732985044050538,0.07924398207036766,0.22893987058823528,0.7726499148574837
0.291,0.37581176470588207,0.0,73.34970855670554,0.048726774173767765,0.7320495754343785,0.07824428374148076,0.22883709411764705,0.7710541134410178
0.2915,0.3733647058823528,0.0,70.33456043590829,0.0484535144520216,0.7311133912528479,0.07725671071496727,0.22873431764705882,0.7694515039427805
0.292,0.37091764705882335,0.0,67.39531135120156,0.048181786660993,0.7301764769886174,0.07628114292672307,0.22863154117647058,0.767842048564177
0.2925,0.3684705882352939,0.0,64.5313400245365,0.04791158181144443,0.7292388210808076,0.07531746158882915,0.22852876470588235,0.7662257142547484
0.293,0.3660235294117644,0.0,61.74096483361726,0.04764289252759868,0.7283004752330854,0.07436556766267255,0.2284259882352941,0.7646025773004871
0.2935,0.36357647058823517,0.0,59.023774941841765,0.04737570977302685,0.7273614175316233,0.07342533990882678,0.22832321176470588,0.7629725872118437
0.294,0.3611294117647057,0.0,56.378719364858966,0.04711002534284621,0.7264216647166398,0.07249666880407216,0.22822043529411762,0.7613357604068411
0.2945,0.35868235294117623,0.0,53.80477493574799,0.04684583103217401,0.7254812335283537,0.0715794448837629,0.22811765882352938,0.7596921136954264
0.295,0.35623529411764676,0.0,51.300946050065846,0.04658311863612751,0.7245401407069832,0.07067355877113973,0.22801488235294115,0.7580416642802023
0.2955,0.3537882352941175,0.0,48.86626441717395,0.04632187994982398,0.7235984029927474,0.06977890120589883,0.22791210588235292,0.7563844297571438
0.296,0.35134117647058805,0.0,46.49978881782932,0.04606210676838067,0.7226560371258642,0.06889536307201136,0.22780932941176468,0.7547204281162947
0.2965,0.3488941176470586,0.0,44.2006048678642,0.04580379088691484,0.7217130598465528,0.06802283542481084,0.22770655294117645,0.753049677742448
0.297,0.3464470588235291,0.0,41.967824788219595,0.04554692410054375,0.7207694878950313,0.067161209517343,0.22760377647058821,0.7513721974158065
0.2975,0.34399999999999986,0.0,39.80058718106275,0.04529149820438467,0.7198253380115184,0.06631037682599125,0.22750099999999998,0.7496880063126279
0.298,0.3415529411764704,0.0,37.69805681220398,0.04503750499355484,0.7188806269362328,0.0654702290753794,0.22739822352941175,0.7479971240058497
0.2985,0.3391058823529409,0.0,35.65896948939446,0.04478493667000154,0.7179354075859633,0.06464066678420931,0.2272954470588235,0.7462996355430591
0.299,0.33665882352941146,0.0,33.68286508432478,0.04453378488959013,0.7169896733763106,0.06382157681859946,0.22719267058823528,0.7445955198480633
0.2995,0.3342117647058822,0.0,31.76895461750358,0.04428404154076847,0.7160434447926534,0.06301285266750174,0.22708989411764705,0.7428848047027331
0.3,0.33176470588235274,0.0,29.916047618769483,0.044035698902811296,0.715096779830387,0.06221439656812554,0.2269871176470588,0.7411675865337533
0.3005,0.32931764705882327,0.0,28.123036505429997,0.043788749254993334,0.7141497364849072,0.06142611067524031,0.22688434117647058,0.7394439631643879
0.301,0.3268705882352938,0.0,26.38889605844445,0.043543184876589314,0.7132023727516095,0.06064789709304393,0.22678156470588234,0.7377140338159862
0.3015,0.32442352941176456,0.0,24.712682973184315,0.04329899804687397,0.7122547466258894,0.059879657906263345,0.2266787882352941,0.7359778991092758
0.302,0.3219764705882351,0.0,23.093535484724338,0.04305618104512202,0.7113069161031425,0.05912129521049987,0.22657601176470588,0.7342356610654399
0.3025,0.3195294117647056,0.0,21.530673067758407,0.04281472615060821,0.7103589391787644,0.05837271114180845,0.22647323529411764,0.7324874231069811
0.303,0.31708235294117615,0.0,20.02339621103575,0.04257462564260726,0.7094108738481506,0.05763380790552765,0.22637045882352938,0.7307332900583692
0.3035,0.3146352941176469,0.0,18.571037982748898,0.04233587182549815,0.7084627834274042,0.05690448883564814,0.22626768235294117,0.7289733780392327
0.304,0.31218823529411743,0.0,17.17282468325562,0.042098457166719616,0.7075147535747273,0.056184661749046676,0.22616490588235294,0.727207846376108
0.3045,0.30974117647058796,0.0,15.828060779461417,0.04186237416397586,0.7065668748649367,0.055474235293485614,0.22606212941176468,0.7254368656679538
0.305,0.3072941176470585,0.0,14.535966464464837,0.04162761541119782,0.7056192641159377,0.05477312282548501,0.22595935294117644,0.7236606579730802
0.3055,0.30484705882352925,0.0,13.295925485283805,0.0413941735023164,0.7046720381456353,0.05408123736453325,0.2258565764705882,0.7218794481726623
0.306,0.3023999999999998,0.0,12.10748598818456,0.04116204103126256,0.7037253137719344,0.0533984916323523,0.22575379999999998,0.7200934639683076
0.3065,0.2999529411764703,0.0,10.969569711947864,0.0409312108215233,0.7027793213621858,0.05272481783115464,0.22565102352941174,0.7183031511163176
0.307,0.29750588235294084,0.0,9.883361554236265,0.04070167519060099,0.7018339989606892,0.052060096952760676,0.2255482470588235,0.7165084050517402
0.3075,0.2950588235294116,0.0,8.848297280795693,0.0404734269440668,0.7008895503306731,0.051404256294801345,0.22544547058823527,0.7147096265899652
0.308,0.2926117647058821,0.0,7.863844298602561,0.040246458970471015,0.6999462237884069,0.05075722968369328,0.22534269411764704,0.7129073067001377
0.3085,0.29016470588235266,0.0,6.929833602424246,0.040020764158363954,0.69900426765016,0.050118949713350514,0.2252399176470588,0.7111019423060698
0.309,0.2877176470588232,0.0,6.046466636093913,0.03979633539629592,0.6980639302322017,0.04948934781141034,0.22513714117647057,0.7092940362665027
0.3095,0.28527058823529394,0.0,5.214323520878072,0.03957316557281722,0.6971254598508015,0.0488683543042769,0.22503436470588234,0.70748409735144
0.31,0.2828235294117645,0.0,4.434372650985974,0.039351247576478135,0.6961891048222287,0.04825589848095732,0.2249315882352941,0.7056726402145449
0.3105,0.280376470588235,0.0,3.7074615575949936,0.0391305743698853,0.695255241731097,0.04765192839852527,0.22482881176470587,0.7038604346544257
0.311,0.27792941176470554,0.0,3.035649945335517,0.0389111389147882,0.6943240828699299,0.04705636541564498,0.22472603529411764,0.7020479390519467
0.3115,0.2754823529411763,0.0,2.4211139265531094,0.03869293422023455,0.6933959190615256,0.04646914211412391,0.2246232588235294,0.7002357702546986
0.312,0.2730352941176468,0.0,1.8655216485184227,0.03847595347117294,0.6924713958480879,0.04589024241525251,0.22452048235294117,0.6984252475394661
0.3125,0.27058823529411735,0.0,1.371653865204375,0.03826018985255195,0.6915511587718208,0.045319646483765796,0.22441770588235294,0.6966177051817395
0.313,0.2681411764705879,0.0,0.9434606635399674,0.038045636549320166,0.6906358533749279,0.044757330879035495,0.22431492941176467,0.6948144922925412
0.3135,0.2656941176470584,0.0,0.5861274290739004,0.03783228674642616,0.6897261251996133,0.04420326870451349,0.22421215294117644,0.6930169726286797
0.314,0.26324705882352917,0.0,0.3062060490195568,0.037620133647670674,0.68882257172932,0.04365742309229256,0.2241093764705882,0.6912264290014216
0.3145,0.2607999999999997,0.0,0.1111275948425236,0.03740917052947057,0.6879263980527973,0.0431198381122633,0.22400659999999997,0.6894453666061827
0.315,0.25835294117647023,0.0,0.01090153411679675,0.03719939074153148,0.6870387217813033,0.04259053907895105,0.22390382352941174,0.6876761426521669
0.3155,0.25590588235294076,0.0,0.0,0.0369907876680771,0.6861603636050174,0.04206950543542806,0.2238010470588235,0.6859205440926821
0.316,0.2534588235294115,0.0,0.0,0.03678335469920454,0.6852921159835975,0.04155670907985697,0.22369827058823527,0.6841803180418322
0.3165,0.25101176470588205,0.0,0.0,0.03657708525228589,0.6844339272887767,0.04105200824196832,0.22359549411764704,0.6824555285510681
0.317,0.24856470588235258,0.0,0.0,0.03637197281174336,0.683585432436064,0.04055522325337411,0.2234927176470588,0.6807456040603551
0.3175,0.2461176470588231,0.0,0.0,0.03616801089932482,0.6827464108044952,0.0400661973444702,0.22338994117647057,0.6790502555566641
0.318,0.24367058823529386,0.0,0.0,0.03596519365170964,0.6819167348622537,0.039584789964747354,0.22328716470588234,0.6773693764008616
0.3185,0.2412235294117644,0.0,0.0,0.03576351369901941,0.6810960513834027,0.03911083247869308,0.2231843882352941,0.6757023965457355
0.319,0.23877647058823492,0.0,0.0,0.035562964636368204,0.6802841542192907,0.03864418016692428,0.22308161176470587,0.674049036851804
0.3195,0.23632941176470545,0.0,0.0,0.03536354029387167,0.6794808727508836,0.038184696101257604,0.22297883529411763,0.6724090850365585
0.32,0.2338823529411762,0.0,0.0,0.03516523450164548,0.6786860363591475,0.037732246127394474,0.2228760588235294,0.670782323882031
0.3205,0.23143529411764674,0.0,0.0,0.03496804108980527,0.6778994744250482,0.03728669880935499,0.22277328235294117,0.6691685313276141
0.321,0.22898823529411727,0.0,0.0,0.03477195388846671,0.6771210163295517,0.036847925374903785,0.22267050588235293,0.667567480561028
0.3215,0.2265411764705878,0.0,0.0,0.03457696672774545,0.6763504914536239,0.03641579966195658,0.22256772941176467,0.6659789401074274
0.322,0.22409411764705855,0.0,0.0,0.03438307343775715,0.6755877291782307,0.03599019806596297,0.22246495294117646,0.6644026739166551
0.3225,0.2216470588235291,0.0,0.0,0.03419026784861746,0.6748325588843381,0.03557099948825237,0.2223621764705882,0.662838441448637
0.323,0.21919999999999962,0.0,0.0,0.03399854379044204,0.6740848099529121,0.03515808528533767,0.22225939999999997,0.6612859977569214
0.3235,0.21675294117647015,0.0,0.0,0.03380789509334654,0.6733443117649185,0.034751339219162417,0.22215662352941173,0.659745093570361
0.324,0.2143058823529409,0.0,0.0,0.03361831568904675,0.6726109065759455,0.0343506489662428,0.2220538470588235,0.6582155022543867
0.3245,0.21185882352941143,0.0,0.0,0.03342979960208703,0.6718844524377839,0.033955906271154225,0.22195107058823527,0.6566970263008518
0.325,0.20941176470588196,0.0,0.0,0.0332423409068398,0.6711648107186053,0.033567005408037025,0.22184829411764703,0.6551894715888691
0.3255,0.2069647058823525,0.0,0.0,0.033055933722855785,0.6704518475632046,0.0331838432583608,0.2217455176470588,0.653692650591501
0.326,0.20451764705882325,0.0,0.0,0.032870572169685724,0.6697454291163767,0.032806318674643724,0.22164274117647056,0.6522063724823783
0.3265,0.20207058823529378,0.0,0.0,0.03268625036688036,0.6690454215229164,0.03243433244269972,0.22153996470588233,0.6507304431921425
0.32692307692307687,0.20000000000000007,0.0,0.0,0.032531093524757415,0.6684580160581589,0.03212382857094192,0.22145299999999998,0.6494895181247067
0.3274230769230769,0.21386666666666676,0.0,0.0,0.032348675904221934,0.6677695722457904,0.03176182073589977,0.2220354,0.6480323433490272
0.3279230769230769,0.22773333333333343,0.0,40.86243696683712,0.03216728150230256,0.6672384080006452,0.03141981843959394,0.2226178,0.6469060041136956
0.3284230769230769,0.2416000000000001,0.0,168.87974495290626,0.031986904579549426,0.6672294571818584,0.031132378598860137,0.2232002,0.6468870083945135
0.3289230769230769,0.2554666666666668,0.0,280.2163287063717,0.03180753942871464,0.669935617864536,0.03110816191943871,0.2237826,0.6526068356043828
0.3294230769230769,0.2693333333333335,0.0,320.55583702096834,0.031629180374550425,0.6750920646403312,0.03131983174161834,0.224365,0.6633763824627465
0.3299230769230769,0.2832000000000001,0.0,334.7450960411062,0.031451821773645104,0.6809821524165325,0.031603423175176004,0.2249474,0.6754707044745265
0.3304230769230769,0.2970666666666668,0.0,341.835447407468,0.03127545801429056,0.6870614483612864,0.03190699216798839,0.2255298,0.6877215015888525
0.3309230769230769,0.3109333333333335,0.0,347.1618524341749,0.03110008351612302,0.6931875342906016,0.03221685298519144,0.2261122,0.6998281597108396
0.3314230769230769,0.3248000000000002,0.0,352.06360239237927,0.030925692730133143,0.6993254061223679,0.03252959985690844,0.2266946,0.7117180758817634
0.3319230769230769,0.3386666666666669,0.0,356.8661460027847,0.030752280139835768,0.7054666353357423,0.03284439019061049,0.227277,0.7233740341184673
0.3324230769230769,0.35253333333333353,0.0,361.6517488298381,0.03057984025407234,0.7116090999722083,0.03316099385447317,0.2278594,0.7347917371848223
0.3329230769230769,0.3664000000000002,0.0,366.4345299074065,0.0304083676273291,0.7177524253225762,0.033479352140581405,0.2284418,0.7459703653976788
0.3334230769230769,0.38026666666666686,0.0,371.2194327420674,0.03023785683198901,0.7238964727441155,0.033799428885606934,0.2290242,0.756909573459372
0.3339230769230769,0.39413333333333356,0.0,376.00538360038064,0.030068302436676627,0.730041254615883,0.034121202547205166,0.2296066,0.767609297801765
0.3344230769230769,0.40800000000000025,0.0,380.79097858786855,0.029899699116111875,0.7361867911238323,0.034444652009137024,0.230189,0.7780694860410062
0.3349230769230769,0.42186666666666695,0.0,385.5747966162919,0.029732041545014666,0.7423331024539178,0.034769755595169774,0.23077140000000002,0.7882900826179107
0.3354230769230769,0.43573333333333364,0.0,390.3553424344842,0.02956532485569347,0.7484802101696177,0.03509649211169028,0.2313538,0.7982710310066338
0.3359230769230769,0.44960000000000033,0.0,395.1309746079175,0.029399544144444022,0.7546281388991465,0.0354248401170346,0.2319362,0.8080122760838758
0.3364230769230769,0.46346666666666697,0.0,399.900195062759,0.029234692526581774,0.7607769093771217,0.03575477322373594,0.23251860000000002,0.8175137529108361
0.3369230769230769,0.47733333333333366,0.0,404.6612824596235,0.02907076501635143,0.7669265472251297,0.036086268718947316,0.233101,0.8267754005471948
0.3374230769230769,0.49120000000000036,0.0,409.4124947513265,0.028907756627997678,0.7730770780647561,0.036419303371036486,0.2336834,0.8357971540190409
0.3379230769230769,0.505066666666667,0.0,414.15206968280046,0.02874566237576522,0.7792285275175872,0.036753853426858996,0.2342658,0.8445789443174339
0.3384230769230769,0.5189333333333337,0.0,418.87822530567774,0.028584477273898755,0.785380921205209,0.03708989460903206,0.2348482,0.8531206983969237
0.3389230769230769,0.5328000000000004,0.0,423.58916050741766,0.02842419633664298,0.7915342847492075,0.0374274021132111,0.23543060000000002,0.861422339174029
0.3394230769230769,0.5466666666666671,0.0,428.28305555492244,0.02826481457824259,0.7976886437711687,0.037766350605364395,0.236013,0.8694837855256725
0.3399230769230769,0.5605333333333338,0.0,432.9580726528768,0.028106327012942283,0.8038440238926785,0.03810671421905045,0.2365954,0.8773049522875762
0.3404230769230769,0.5744000000000005,0.0,437.6123565163702,0.02794872865498676,0.8100004507353231,0.03844846655269085,0.23717780000000002,0.8848857502526136
0.3409230769230769,0.5882666666666672,0.0,442.24403495832,0.027792014518620713,0.8161579499206886,0.038791580666844495,0.2377602,0.8922260861691198
0.3414230769230769,0.6021333333333339,0.0,446.8512194913991,0.027636179618088844,0.8223165470703608,0.0391360290814771,0.23834260000000002,0.8993258627391604
0.3419230769230769,0.6160000000000004,0.0,451.4320059443458,0.027481218967635848,0.8284762678059259,0.03948178377322754,0.238925,0.9061849786167587
0.3424230769230769,0.6298666666666671,0.0,455.984475093134,0.027327127581506423,0.8346371377489697,0.03982881617267297,0.2395074,0.9128033284060804
0.3429230769230769,0.6437333333333338,0.0,460.50669330635145,0.027173900473945266,0.8407991825210785,0.04017709716158623,0.24008980000000002,0.9191808026595764
0.3434230769230769,0.6576000000000004,0.0,464.9967132054135,0.027021532659197076,0.8469624277438381,0.04052659707019044,0.2406722,0.9253172878760842
0.3439230769230769,0.6714666666666671,0.0,469.45189994792645,0.026870021707618354,0.853126913819828,0.04087729399920485,0.2412546,0.9312126803441064
0.3444230769230769,0.6853333333333338,0.0,473.87072877560547,0.026719359748046782,0.8592926563885578,0.04122914878478535,0.24183700000000002,0.9368668477481235
0.3449230769230769,0.6992000000000005,0.0,478.2511054631798,0.026569541905980234,0.8654596833906298,0.04158213063628682,0.2424194,0.9422796658375333
0.3454230769230769,0.7130666666666672,0.0,482.5908373261001,0.026420563687471282,0.871628024618174,0.04193620947056162,0.24300180000000002,0.9474510074507904
0.3459230769230769,0.7269333333333339,0.0,486.88771815378857,0.026272420598572502,0.8777977098633203,0.04229135472946483,0.24358420000000003,0.9523807407058379
0.3464230769230769,0.7408000000000006,0.0,491.13952908765384,0.026125108145336463,0.8839687689181985,0.042647535378919944,0.2441666,0.9570687289975816
0.3469230769230769,0.7546666666666673,0.0,495.3440395187867,0.02597862183381574,0.8901412315749387,0.043004719907981756,0.24474900000000002,0.9615148309953085
0.3474230769230769,0.768533333333334,0.0,499.4990080050847,0.02583295717006291,0.8963151276256709,0.04336287632789105,0.24533140000000003,0.9657189006400481
0.3479230769230769,0.7824000000000007,0.0,503.60218320833224,0.025688109660130538,0.9024904868625248,0.043721972171121365,0.24591380000000002,0.9696807871418768
0.3484230769230769,0.7962666666666672,0.0,507.6513048508216,0.025544074810071205,0.9086673390776304,0.044081974490418493,0.24649620000000003,0.9734003349771667
0.3489230769230769,0.8101333333333339,0.0,511.64410469167984,0.02540084812593748,0.9148457140631178,0.04444284985782812,0.2470786,0.9768773838857772
0.3494230769230769,0.8240000000000006,0.0,515.5783075228751,0.025258425113781936,0.9210256416111167,0.04480456436371659,0.24766100000000002,0.9801117688681894
0.3499230769230769,0.8378666666666673,0.0,519.4516321849013,0.02511680127965715,0.9272071515137572,0.0451670836157768,0.24824340000000003,0.9831033201825858
0.3504230769230769,0.851733333333334,0.0,523.2617926021417,0.024975972129615692,0.9333902735631692,0.04553037273802673,0.2488258,0.9858518633418704
0.3509230769230769,0.8656000000000007,0.0,527.006498837925,0.02483593316971014,0.9395750375514826,0.04589439636978993,0.24940820000000002,0.9883572191106355
0.3514230769230769,0.8794666666666674,0.0,530.6834581692046,0.024696679905993058,0.9457614732708274,0.046259118664669925,0.24999060000000004,0.990619203502069
0.3519230769230769,0.8933333333333341,0.0,534.2903761810152,0.024558207844517028,0.9519496105133334,0.04662450328950358,0.25057300000000005,0.9926376277748076
0.3524230769230769,0.9072000000000007,0.0,537.8249578804645,0.02442051249133462,0.9581394790711306,0.04699051342330731,0.25115540000000003,0.9944122984297311
0.3529230769230769,0.9210666666666674,0.0,541.2849088306217,0.024283589352498407,0.9643311087363491,0.04735711175620476,0.2517378,0.9959430172067023
0.3534230769230769,0.9349333333333341,0.0,544.6679363038526,0.024147433934060963,0.9705245293011185,0.04772426048834049,0.2523202,0.997229581081248
0.3539230769230769,0.9488000000000008,0.0,547.9641201046115,0.024012063032375963,0.9767199253516274,0.048092014873061445,0.25290260000000003,0.9982718052435147
0.3544230769230769,0.9626666666666674,0.0,551.1807515524615,0.02387744714175017,0.9829171316032129,0.04846022647264904,0.253485,0.9990694375233994
0.3549230769230769,0.9765333333333341,0.0,554.3151373706216,0.02374358204870182,0.9891161865551612,0.04882885758824591,0.25406740000000005,0.999622265959496
0.3554230769230769,0.9904000000000008,0.0,557.3644081803424,0.023610464005324502,0.9953171322651971,0.04919787223670738,0.25464980000000004,0.9999300725439361
0.3559230769230769,1.0042666666666675,0.0,560.3256951238087,0.0234780892637118,1.0015200107910454,0.049567234107119953,0.2552322,0.9999926325484538
0.3564230769230769,1.018133333333334,0.0,563.1961316467023,0.023346454075957302,1.0077248641904302,0.04993690656199198,0.2558146,0.9998097145192584
0.3569230769230769,1.032000000000001,0.0,565.9728553201427,0.023215554694154594,1.0139317345210765,0.050306852638405335,0.25639700000000004,0.9993810802717928
0.3574230769230769,1.0458666666666674,0.0,568.6530097018482,0.023085387370397264,1.0201406638407087,0.05067703504912681,0.2569794,0.9987064848853813
0.3579230769230769,1.0597333333333343,0.0,571.233746236499,0.0229559483567789,1.0263516942070516,0.05104741618368295,0.25756180000000006,0.9977856766977616
0.3584230769230769,1.0736000000000008,0.0,573.7122261952893,0.022827233905393082,1.0325648676778298,0.05141795810939053,0.25814420000000005,0.9966183972995071
0.3589230769230769,1.0874666666666677,0.0,576.085622654817,0.022699240268333403,1.038780226310768,0.051788622572348356,0.25872660000000003,0.9952043815283342
0.3594230769230769,1.1013333333333342,0.0,578.3511225150116,0.02257196369769345,1.0449978121635906,0.052159370998386884,0.259309,0.9935433574632979
0.3599230769230769,1.1152000000000009,0.0,580.5059285564611,0.022445400445566803,1.051217667294022,0.05253016449397319,0.25989140000000005,0.9916350464188739
0.3604230769230769,1.1290666666666676,0.0,582.547261536654,0.022319546764047057,1.0574398337597875,0.05290096384707451,0.26047380000000003,0.9894791629389286
0.3609230769230769,1.1429333333333342,0.0,584.4723623259547,0.022194398905227793,1.0636643536186112,0.05327172952797707,0.2610562,0.9870754147905754
0.3614230769230769,1.156800000000001,0.0,586.2784940822816,0.0220699531212026,1.0698912689282178,0.053642421690061316,0.26163860000000005,0.9844235029579195
0.3619230769230769,1.1706666666666676,0.0,587.9629444652765,0.021946205664065063,1.076120621746332,0.05401300017053023,0.26222100000000004,0.9815231216356883
0.3624230769230769,1.1845333333333343,0.0,589.5230278896009,0.021823152785908774,1.0823524541306784,0.054383424491097,0.2628034,0.9783739582227504
0.3629230769230769,1.198400000000001,0.0,590.956087817633,0.02170079073882731,1.0885868081389813,0.05475365385862313,0.26338580000000006,0.9749756933155208
0.3634230769230769,1.2122666666666677,0.0,592.2594990908952,0.021579115774914268,1.094823725828966,0.055123647165715634,0.26396820000000004,0.9713280007012535
0.3639230769230769,1.2261333333333342,0.0,593.4306703014629,0.021458124146263226,1.1010632492583565,0.055493362991274525,0.2645506,0.9674305473512222
0.3644230769230769,1.240000000000001,0.0,594.4670462018573,0.021337812104967775,1.1073054204848778,0.055862759601000234,0.26513300000000006,0.9632829934137869
0.3649230769230769,1.2538666666666676,0.0,595.3661101545248,0.021218175903121504,1.1135502815662544,0.056231794947852236,0.26571540000000005,0.9588849922073481
0.3654230769230769,1.2677333333333345,0.0,596.1253866205639,0.021099211792818,1.1197978745602106,0.05660042667246477,0.26629780000000003,0.954236190213189
0.3659230769230769,1.281600000000001,0.0,596.7424436874559,0.02098091602615084,1.1260482415244715,0.05696861210351982,0.2668802,0.9493362270682032
0.3664230769230769,1.2954666666666679,0.0,597.2148956362903,0.020863284855213618,1.1323014245167613,0.05733630825807302,0.26746260000000005,0.9441847355575118
0.3669230769230769,1.3093333333333343,0.0,597.540405547855,0.02074631453209992,1.138557465594805,0.057703471841839764,0.26804500000000003,0.9387813416069657
0.3674230769230769,1.3232000000000013,0.0,597.7166879483286,0.020630001308903335,1.1448164068163271,0.058070059249437485,0.26862740000000007,0.9331256642755359
0.3679230769230769,1.3370666666666677,0.0,597.7415114938678,0.020514341437717448,1.151078290239052,0.05843602656458599,0.26920980000000005,0.9272173157475918
0.3684230769230769,1.3509333333333347,0.0,597.6127016946748,0.020399331170635842,1.1573431579207045,0.05880132956026823,0.26979220000000004,0.9210559013250645
0.3689230769230769,1.3648000000000011,0.0,597.3281436780676,0.02028496675975211,1.1636110519190093,0.059165923698849765,0.2703746,0.9146410194195002
0.3694230769230769,1.378666666666668,0.0,596.8857849909364,0.020171244457159832,1.1698820142916906,0.059529764132161656,0.27095700000000006,0.9079722615439982
0.3699230769230769,1.3925333333333345,0.0,596.2836384411587,0.0200581605149526,1.1761560870964736,0.05989280570154501,0.27153940000000004,0.9010492123050371
0.3704230769230769,1.406400000000001,0.0,595.5197849787075,0.019945711185224,1.1824333123910824,0.06025500293785843,0.2721218,0.8938714493941893
0.3709230769230769,1.420266666666668,0.0,594.5923766155171,0.019833892720067615,1.188713732233242,0.060616310061452496,0.27270420000000006,0.8864385435797202
0.3714230769230769,1.4341333333333344,0.0,593.4996393846128,0.019722701371577035,1.1949973886806768,0.060976680982111627,0.27328660000000005,0.8787500586980773
0.3719230769230769,1.4480000000000013,0.0,592.2398763388742,0.019612133391845844,1.2012843237911115,0.061336069298961245,0.27386900000000003,0.8708055516452646
0.3724230769230769,1.4618666666666678,0.0,590.8114705884938,0.01950218503296763,1.2075745796222708,0.06169442830035105,0.2744514,0.8626045723681045
0.3729230769230769,1.4757333333333347,0.0,589.2128883780221,0.01939285254703598,1.213868198231879,0.06205171096370374,0.27503380000000005,0.8541466638553881
0.3734230769230769,1.4896000000000011,0.0,587.4426822023405,0.019284132186144484,1.220165221677661,0.06240786995534567,0.27561620000000003,0.8454313621289106
0.3739230769230769,1.503466666666668,0.0,585.496116308982,0.01917602050533194,1.2264657583060867,0.0627628694798292,0.27619860000000007,0.836458100493779
0.3744230769230769,1.5173333333333345,0.0,583.3426928531663,0.0190685165370023,1.2327704252923097,0.06311676569598026,0.27678100000000005,0.8272255392513943
0.3749230769230769,1.5312000000000014,0.0,581.0071141500349,0.01896161458816703,1.239078758857714,0.06346942256834834,0.27736340000000004,0.8177338873184155
0.3754230769230769,1.545066666666668,0.0,578.4858697154051,0.01885531148307989,1.2453908504487656,0.06382080276024117,0.2779458,0.8079825590434679
0.3759230769230769,1.5589333333333348,0.0,575.7755818245379,0.018749604045994645,1.2517067915119313,0.06417086881425058,0.27852820000000006,0.7979709537843404
0.3764230769230769,1.5728000000000013,0.0,572.8730132241695,0.01864448910116505,1.2580266734936771,0.06451958314860907,0.27911060000000004,0.7876984558858015
0.3769230769230769,1.5866666666666682,0.0,569.7750750301959,0.018539963472844867,1.2643505878404697,0.06486690805345696,0.2796930000000001,0.7771644346568818
0.3774230769230769,1.6005333333333347,0.0,566.4788348104321,0.01843602398528786,1.270678625998775,0.06521280568701687,0.28027540000000006,0.7663682443476253
0.3779230769230769,1.6144000000000012,0.0,562.9815248531122,0.01833266746274779,1.2770108794150596,0.06555723807168526,0.28085780000000005,0.7553092241253039
0.3784230769230769,1.628266666666668,0.0,559.2805506205708,0.01822989072947841,1.2833474395357896,0.06590016709004057,0.28144020000000003,0.7439866980501023
0.3789230769230769,1.6421333333333346,0.0,555.3734993884536,0.01812769060973349,1.2896883978074316,0.06624155448077343,0.28202260000000007,0.7323999750502654
0.3794230769230769,1.6560000000000015,0.0,551.2581490701727,0.01802606392776679,1.2960338456764517,0.0665813618345453,0.28260500000000005,0.7205483488967179
0.3799230769230769,1.669866666666668,0.0,546.9324772270663,0.017925007507832064,1.3023838745893161,0.0669195505897723,0.28318740000000003,0.7084310981771452
0.3804230769230769,1.6837333333333349,0.0,542.3946702636995,0.01782451817418308,1.3087385759924917,0.06725608202834867,0.28376980000000007,0.6960474862695423
0.3809230769230769,1.6976000000000013,0.0,537.6431328085763,0.017724592751073593,1.315098041332444,0.06759091727130444,0.28435220000000005,0.6833967613152341
0.3814230769230769,1.7114666666666682,0.0,532.6764972804922,0.01762522806275737,1.32146236205564,0.06792401727440653,0.28493460000000004,0.670478156191354
0.3819230769230769,1.7253333333333347,0.0,527.4936336401348,0.017526420933488166,1.3278316296085457,0.0682553428237086,0.285517,0.6572908884827975
0.3824230769230769,1.7392000000000016,0.0,522.0936593270193,0.017428168187519744,1.3342059354376274,0.0685848545310522,0.28609940000000006,0.6438341604536365
0.3829230769230769,1.753066666666668,0.0,516.4759493819213,0.017330466649105866,1.3405853709893516,0.06891251282952211,0.28668180000000004,0.630107159018003
0.3834230769230769,1.766933333333335,0.0,510.64014675481747,0.01723331314250029,1.3469700277101846,0.06923827796886628,0.2872642000000001,0.6161090557104393
0.3839230769230769,1.7808000000000015,0.0,504.5861727980621,0.01713670449195678,1.3533599970465926,0.06956211001087889,0.28784660000000006,0.6018390066557145
0.3844230769230769,1.7946666666666684,0.0,498.3142379450431,0.017040637521729095,1.3597553704450418,0.06988396882475689,0.28842900000000005,0.5872961525381083
0.3846153846153845,1.799999999999999,0.0,495.8440163977709,0.01700383224927593,1.362216587750726,0.07000722673147303,0.28865299999999994,0.5816299220606526
