Time [s],Phi [rad],STIM [ ],Fsee [N],Gamma [ ],Lcerel [ ],q [ ],Lmtc [m],fisomrel [ ]
0.0,1.4,1.0,576.7835767272568,0.021683181156448423,1.1799105072428813,0.069169209765929,0.271853,0.8967863819630394
0.0005,1.3986823529411765,1.0,512.9039663951401,0.02717076496378635,1.1806156117255218,0.1022079375097506,0.2717976588235294,0.8959757678603812
0.001,1.3973647058823528,1.0,491.77025864539166,0.032627567764910735,1.1804683508581855,0.1391543647072788,0.2717423176470588,0.8961453263345882
0.0015,1.3960470588235294,1.0,493.92121642071106,0.03805376221723206,1.1798272731958874,0.17859272756507305,0.27168697647058826,0.8968818616547566
0.002,1.3947294117647058,1.0,518.7437782872508,0.043449520009287215,1.1787083064135793,0.21920295461527123,0.27163163529411766,0.8981611646007343
0.0025,1.3934117647058823,1.0,560.92804868227,0.048815011865491566,1.1772508773194845,0.2599492978147108,0.27157629411764705,0.8998154543669421
0.003,1.3920941176470587,1.0,615.229054853118,0.054150407555282706,1.1755921740201445,0.30005817802626933,0.27152095294117645,0.9016817232872427
0.0035,1.3907764705882353,1.0,677.9139708616015,0.059455875892428095,1.1738260727573393,0.3389699549973616,0.27146561176470585,0.9036495421867353
0.004,1.3894588235294116,1.0,746.47791981005,0.06473158474933902,1.1720105862586496,0.3762992320523412,0.2714102705882353,0.9056516524711596
0.0045000000000000005,1.3881411764705882,1.0,819.1834377516269,0.06997770105672448,1.1701811707765486,0.41180085943753214,0.2713549294117647,0.9076478606923571
0.005,1.3868235294117646,1.0,894.7610064997947,0.07519439077548967,1.168359787905648,0.4453393479899377,0.2712995882352941,0.9096141001797361
0.0055,1.3855058823529411,1.0,972.1980980322306,0.08038181903001121,1.1665608573981787,0.4768625547862654,0.27124424705882355,0.9115353341287742
0.006,1.3841882352941175,1.0,1050.7258058550217,0.08554014985197167,1.1647930087594291,0.5063782865547969,0.27118890588235295,0.913403266148006
0.006500000000000001,1.382870588235294,1.0,1129.6755886003582,0.0906695466097571,1.1630622615056705,0.5339371734755332,0.27113356470588235,0.9152126877316847
0.007,1.3815529411764704,1.0,1208.544381050146,0.0957701713933525,1.1613716590376795,0.5596174783666771,0.27107822352941174,0.9169616953425603
0.0075,1.380235294117647,1.0,1286.881261362002,0.10084218579531751,1.159723298044652,0.5835153577633785,0.27102288235294114,0.918649451727485
0.008,1.3789176470588234,1.0,1364.338917731549,0.10588575023242566,1.1581178389718911,0.6057362661829337,0.2709675411764706,0.9202766230830967
0.0085,1.3776,1.0,1440.6388839416586,0.11090102404394074,1.1565551584616316,0.6263895186162781,0.2709122,0.9218446503796347
0.009000000000000001,1.3762823529411763,1.0,1515.5381944232881,0.11588816633037058,1.1550348617834822,0.6455845139473476,0.2708568588235294,0.9233552029074508
0.0095,1.3749647058823529,1.0,1588.857202237682,0.12084733486716547,1.1535559816737848,0.6634277196029956,0.27080151764705884,0.9248104607531896
0.01,1.3736470588235292,1.0,1660.4614307377662,0.1257786861019173,1.152117247870636,0.6800210481607843,0.27074617647058824,0.9262128281258402
0.0105,1.3723294117647058,1.0,1730.2384272454274,0.13068237582685976,1.150717372192189,0.6954609447483232,0.27069083529411764,0.9275646483401823
0.011,1.3710117647058822,1.0,1798.1095536336136,0.1355585605368939,1.149354905738528,0.709837704898974,0.27063549411764704,0.9288683422571283
0.0115,1.3696941176470587,1.0,1864.022474772307,0.14040739413461742,1.148028323838885,0.7232352878597974,0.27058015294117643,0.9301263244306447
0.012,1.368376470588235,1.0,1927.9436710152859,0.14522902915083136,1.1467361006187162,0.7357313792681813,0.2705248117647059,0.9313409335944324
0.0125,1.3670588235294117,1.0,1989.857146709187,0.15002361811633677,1.1454767102034775,0.7473975689915325,0.2704694705882353,0.932514434911905
0.013000000000000001,1.3657411764705882,1.0,2049.7618326579623,0.15479131321319914,1.1442486420426903,0.7582996354176188,0.2704141294117647,0.9336490091480861
0.0135,1.3644235294117646,1.0,2107.6718316643055,0.15953226581974655,1.1430503860874168,0.7684978739885465,0.27035878823529413,0.9347467698987276
0.014,1.3631058823529412,1.0,2163.605538340576,0.16424662546554586,1.1418805333856652,0.7780475162703635,0.27030344705882353,0.9358096755299717
0.0145,1.3617882352941175,1.0,2217.589661933078,0.16893454096401964,1.140737719512286,0.7869990775077126,0.27024810588235293,0.9368395864364831
0.015,1.360470588235294,1.0,2269.6604662036757,0.17359616079990306,1.139620601015867,0.795398719358133,0.2701927647058823,0.937838290089184
0.0155,1.3591529411764705,1.0,2319.8624592197234,0.17823163310172183,1.1385278593345602,0.8032886136949644,0.2701374235294117,0.9388075006000774
0.016,1.357835294117647,1.0,2368.23686764675,0.18284110406192225,1.137458304715977,0.8107073304607642,0.2700820823529412,0.9397487706141888
0.0165,1.3565176470588234,1.0,2414.8293116087107,0.18742471922926174,1.1364107891030615,0.8176901168235813,0.2700267411764706,0.9406635733937503
0.017,1.3552,1.0,2459.69229901777,0.19198262400286759,1.1353841746338842,0.8242691821953563,0.2699714,0.9415533330953506
0.0175,1.3538823529411763,1.0,2502.877296539216,0.19651496260967533,1.1343774032776293,0.8304740019650666,0.2699160588235294,0.9424193669909483
0.018000000000000002,1.352564705882353,1.0,2544.4256615241457,0.20102187634350474,1.1333895741015343,0.83633159592549,0.2698607176470588,0.9432628237277145
0.0185,1.3512470588235292,1.0,2584.4095684611157,0.20550351131248382,1.1324195506326422,0.8418666068926406,0.2698053764705882,0.9440850210786005
0.019,1.3499294117647058,1.0,2622.885234061144,0.2099600100378038,1.1314663998212038,0.8471016815853658,0.2697500352941176,0.9448870718050109
0.0195,1.3486117647058822,1.0,2659.894837043959,0.21439151159226982,1.1305293632557216,0.8520576417027281,0.26969469411764707,0.9456699149491578
0.02,1.3472941176470588,1.0,2695.484638880913,0.21879815504868708,1.1296076825246983,0.8567535900309615,0.26963935294117647,0.9464344662964828
0.0205,1.345976470588235,1.0,2729.70471920912,0.2231800794798607,1.1287005992166368,0.8612070680711551,0.26958401176470587,0.9471816191367304
0.021,1.3446588235294117,1.0,2762.6087239969556,0.22753742395859589,1.1278073549200398,0.8654341985532322,0.26952867058823526,0.9479122449883386
0.021500000000000002,1.343341176470588,1.0,2794.252559574262,0.23187032728660664,1.1269272008080053,0.8694498171910778,0.2694733294117647,0.9486271865275647
0.022,1.3420235294117646,1.0,2824.6787037112463,0.23617892476366867,1.1260595355399876,0.8732676311969361,0.2694179882352941,0.9493271476385287
0.0225,1.340705882352941,1.0,2853.9532171361866,0.24046335788621603,1.1252035705890129,0.8769002199833662,0.2693626470588235,0.9500129652798536
0.023,1.3393882352941175,1.0,2882.1126440913217,0.2447237599116718,1.1243588030887306,0.880359272902146,0.2693073058823529,0.9506852298926605
0.0235,1.338070588235294,1.0,2909.1955019244147,0.24896026409745914,1.1235247301727904,0.8836555848474891,0.26925196470588236,0.9513445186088626
0.024,1.3367529411764705,1.0,2935.242159047683,0.25317300370100115,1.1227008489748425,0.8867991343478362,0.26919662352941176,0.9519913956022095
0.0245,1.335435294117647,1.0,2960.2947185047246,0.2573621119797209,1.1218866566285364,0.889799154194949,0.26914128235294116,0.9526264124232056
0.025,1.3341176470588234,1.0,2984.3969071426,0.26152772219104153,1.121081650267522,0.8926641953577978,0.26908594117647056,0.9532501083179001
0.025500000000000002,1.3328,1.0,3007.5874345227553,0.2656699652533313,1.120285383620876,0.8954021990875454,0.2690306,0.9538629671147281
0.026000000000000002,1.3314823529411763,1.0,3029.9088808219185,0.2697889741844068,1.1194973884309976,0.8980205293729964,0.2689752588235294,0.9544654788206993
0.0265,1.330164705882353,1.0,3051.404223054556,0.27388488214398327,1.1187172039804532,0.9005260276212345,0.2689199176470588,0.9550581169612994
0.027,1.3288470588235293,1.0,3072.101776370349,0.2779578164271691,1.1179445052696038,0.9029250855632716,0.2688645764705882,0.9556412425915447
0.0275,1.3275294117647058,1.0,3092.0307516522116,0.28200790432907236,1.117178967298811,0.9052236500795936,0.26880923529411765,0.9562152092563271
0.028,1.3262117647058822,1.0,3111.2212027468777,0.28603527314480137,1.116420265068437,0.9074272590810755,0.26875389411764705,0.956780363142203
0.0285,1.3248941176470588,1.0,3129.703976038014,0.2900400501694642,1.1156680735788427,0.909541074151633,0.26869855294117645,0.9573370432224472
0.029,1.3235764705882351,1.0,3147.510662360076,0.2940223626981692,1.11492206783039,0.9115699102698984,0.26864321176470585,0.9578855813953675
0.029500000000000002,1.3222588235294117,1.0,3164.673551254862,0.2979823380260246,1.1141819228234402,0.9135182628944372,0.2685878705882353,0.9584263026158863
0.03,1.320941176470588,1.0,3181.212110420228,0.30192009656112856,1.113447427030338,0.9153903555782342,0.2685325294117647,0.9589594429215438
0.0305,1.3196235294117646,1.0,3197.16847885046,0.3058357725418059,1.112718182541821,0.9171901023094617,0.2684771882352941,0.9594853677438415
0.031,1.318305882352941,1.0,3212.5634428568683,0.3097294877009759,1.1119939759343478,0.9189212016765423,0.26842184705882355,0.9600043027883186
0.0315,1.3169882352941176,1.0,3227.4168469687497,0.3136013630100634,1.1112746051519118,0.9205871201257182,0.26836650588235295,0.9605164612509124
0.032,1.315670588235294,1.0,3241.748918432428,0.3174515194404932,1.1105598681385063,0.9221911070324229,0.26831116470588234,0.9610220521594264
0.0325,1.3143529411764705,1.0,3255.5802459993997,0.32128007796369024,1.1098495628381249,0.9237362106137595,0.26825582352941174,0.9615212804345435
0.033,1.3130352941176469,1.0,3268.9317596202072,0.32508715955107925,1.109143487194761,0.9252252925192906,0.26820048235294114,0.9620143469482367
0.0335,1.3117176470588234,1.0,3281.8247110438174,0.32887288517408514,1.108441439152408,0.9266610412213244,0.2681451411764706,0.9625014485795746
0.034,1.3103999999999998,1.0,3294.280655321257,0.3326373758041327,1.1077432166550596,0.9280459843139078,0.2680898,0.9629827782679238
0.0345,1.3090823529411764,1.0,3306.3153868524955,0.3363807471067329,1.107048667582193,0.9293825076503281,0.2680344588235294,0.9634584909721848
0.035,1.3077647058823527,1.0,3317.9505561464557,0.34010312175471014,1.106357593401193,0.930672851092907,0.26797911764705884,0.9639287701718957
0.035500000000000004,1.3064470588235293,1.0,3329.2080040530705,0.34380462267785833,1.1056697960910609,0.9319191250060042,0.26792377647058824,0.9643937952617143
0.036000000000000004,1.3051294117647056,1.0,3340.1002947298325,0.347485364074702,1.10498515580569,0.9331233305055079,0.26786843529411763,0.9648536896060427
0.0365,1.3038117647058822,1.0,3350.640155542838,0.3511454601437657,1.1043035526989737,0.934287355388158,0.26781309411764703,0.9653085742805243
0.037,1.3024941176470588,1.0,3360.840468837156,0.35478502508357407,1.103624866924805,0.9354129816922255,0.2677577529411765,0.9657585680957157
0.0375,1.3011764705882352,1.0,3370.7142640255383,0.3584041730926517,1.1029489786370772,0.9365018926824079,0.2677024117647059,0.9662037876198426
0.038,1.2998588235294117,1.0,3380.2747099961994,0.36200301836952326,1.1022757679896837,0.9375556793077848,0.2676470705882353,0.966644347200639
0.0385,1.298541176470588,1.0,3389.535107838429,0.3655816751127132,1.1016051151365178,0.9385758461771476,0.2675917294117647,0.9670803589862722
0.039,1.2972235294117647,1.0,3398.508883886986,0.3691402575207462,1.1009369002314726,0.9395638170919461,0.26753638823529413,0.96751193294535
0.0395,1.295905882352941,1.0,3407.2095830845747,0.37267887979214687,1.1002710034284415,0.9405209401734105,0.26748104705882353,0.9679391768860124
0.04,1.2945882352941176,1.0,3415.6433081918112,0.3761976450022591,1.0996073662652874,0.9414484996300645,0.2674257058823529,0.968362157479888
0.0405,1.293270588235294,1.0,3423.82809966296,0.3796966772007055,1.0989458339648233,0.9423477029920578,0.2673703647058823,0.9687810010873904
0.041,1.2919529411764705,1.0,3431.7754729831377,0.383176089810066,1.098286305634449,0.9432197012375413,0.2673150235294118,0.9691957975916189
0.0415,1.2906352941176469,1.0,3439.4928683946673,0.3866359897290197,1.0976287140707905,0.9440655902220132,0.2672596823529412,0.9696066141227163
0.042,1.2893176470588235,1.0,3446.9877889423647,0.39007648385624566,1.0969729920704732,0.9448864104730534,0.2672043411764706,0.9700135166100126
0.0425,1.2879999999999998,1.0,3454.2677976374525,0.393497679090423,1.0963190724301222,0.9456831505000485,0.26714899999999997,0.9704165697901814
0.043000000000000003,1.2866823529411764,1.0,3461.3405147219796,0.3968996823302308,1.0956668879463634,0.9464567498766154,0.2670936588235294,0.9708158372151083
0.043500000000000004,1.2853647058823527,1.0,3468.2136150334413,0.40028260047434816,1.0950163714158216,0.947208102113227,0.2670383176470588,0.9712113812594727
0.044,1.2840470588235293,1.0,3474.8948254695015,0.4036465404214541,1.094367455635123,0.9479380573360505,0.2669829764705882,0.9716032631280391
0.0445,1.2827294117647057,1.0,3481.39192255277,0.40699160907022786,1.0937200734008927,0.9486474247866797,0.2669276352941176,0.9719915428626635
0.045,1.2814117647058823,1.0,3487.712730095902,0.4103179133193484,1.093074157509756,0.9493369751562044,0.26687229411764707,0.9723762793490087
0.0455,1.2800941176470586,1.0,3493.8651169661207,0.4136255600674949,1.0924296407583385,0.9500074427659462,0.26681695294117647,0.9727575303229735
0.046,1.2787764705882352,1.0,3499.8543439103737,0.41691464874632594,1.091786477223614,0.950659528973193,0.26676161176470586,0.9731353399198946
0.0465,1.2774588235294115,1.0,3505.685169585718,0.42018528034863023,1.0911446252666106,0.9512939036481431,0.26670627058823526,0.9735097489955649
0.047,1.2761411764705881,1.0,3511.369889701202,0.4234375781335839,1.090503983078551,0.9519112023533507,0.2666509294117647,0.9738808324200171
0.0475,1.2748235294117647,1.0,3516.912547715356,0.4266716410950161,1.0898645153440103,0.9525120356816174,0.2665955882352941,0.9742486252614354
0.048,1.273505882352941,1.0,3522.3172103544803,0.42988756822675595,1.0892261867475632,0.9530969867586998,0.2665402470588235,0.9746131619849776
0.0485,1.2721882352941174,1.0,3527.5879667069908,0.4330854585226324,1.0885889619737845,0.9536666127141046,0.2664849058823529,0.9749744764553806
0.049,1.270870588235294,1.0,3532.7289273451534,0.4362654109764747,1.087952805707249,0.95422144606108,0.26642956470588236,0.9753326019394863
0.0495,1.2695529411764706,1.0,3537.7442234744003,0.4394275245821119,1.087317682632531,0.9547619959921269,0.26637422352941176,0.9756875711086881
0.05,1.268235294117647,1.0,3542.638006110888,0.442571898333373,1.086683557434206,0.955288749595853,0.26631888235294116,0.976039416041297
0.0505,1.2669176470588235,1.0,3547.4144452862643,0.44569863122408715,1.086050394796848,0.9558021730005517,0.26626354117647055,0.9763881682248297
0.051000000000000004,1.2655999999999998,1.0,3552.0777292799394,0.44880782224808347,1.0854181594050325,0.9563027124494844,0.2662082,0.9767338585582157
0.051500000000000004,1.2642823529411764,1.0,3556.6320638794505,0.45189957039919104,1.0847868159433338,0.9567907953124631,0.2661528588235294,0.9770765173539261
0.052000000000000005,1.2629647058823528,1.0,3561.0816716681866,0.4549739746712389,1.0841563290963268,0.9572668310379917,0.2660975176470588,0.9774161743400215
0.0525,1.2616470588235293,1.0,3565.4307913409084,0.4580311340580561,1.083526663548586,0.957731212049909,0.26604217647058825,0.9777528586621215
0.053,1.2603294117647057,1.0,3569.6836770465125,0.4610711475534719,1.0828977839846865,0.9581843145921808,0.26598683529411765,0.9780865988852941
0.0535,1.2590117647058823,1.0,3573.8383770442774,0.4640940790750901,1.0822697045043443,0.9586264995570534,0.26593149411764705,0.9784173970687751
0.054,1.2576941176470586,1.0,3577.904169210326,0.46710006345240596,1.08164235005443,0.9590581145115925,0.26587615294117645,0.9787453019055801
0.0545,1.2563764705882352,1.0,3581.885102529671,0.4700892031369611,1.0810156872718666,0.9594794925181805,0.26582081176470584,0.9790703393363109
0.055,1.2550588235294116,1.0,3585.7831562529796,0.47306158819849164,1.0803896993076127,0.9598909532834237,0.2657654705882353,0.9793925262921926
0.0555,1.2537411764705881,1.0,3589.6003173313584,0.47601730870673353,1.0797643693126264,0.9602928039049493,0.2657101294117647,0.9797118794265273
0.056,1.2524235294117645,1.0,3593.338580167482,0.4789564547314228,1.0791396804378668,0.9606853394662153,0.2656547882352941,0.9800284151154092
0.0565,1.251105882352941,1.0,3596.9999463732106,0.48187911634229535,1.0785156158342921,0.9610688435988519,0.26559944705882355,0.9803421494584242
0.057,1.2497882352941174,1.0,3600.5864245325524,0.4847853836090873,1.077892158652861,0.9614435890145484,0.26554410588235294,0.9806530982793289
0.0575,1.248470588235294,1.0,3604.1000299723983,0.4876753466015346,1.0772692920445317,0.9618098380083432,0.26548876470588234,0.980961277126712
0.058,1.2471529411764704,1.0,3607.5427845380736,0.49054909538937325,1.0766469991602632,0.9621678429350604,0.26543342352941174,0.9812667012746384
0.0585,1.245835294117647,1.0,3610.916716376357,0.49340672004233926,1.0760252631510139,0.9625178466605144,0.26537808235294114,0.9815693857232751
0.059000000000000004,1.2445176470588233,1.0,3614.223859724114,0.49624831063016867,1.0754040671677423,0.9628600829889918,0.2653227411764706,0.9818693451994981
0.059500000000000004,1.2431999999999999,1.0,3617.46625470326,0.4990739572225974,1.074783394361407,0.9631947770684268,0.2652674,0.9821665941574818
0.06,1.2418823529411762,1.0,3620.645947122514,0.5018837498893615,1.0741632278829663,0.9635221457745836,0.2652120588235294,0.9824611467792704
0.0605,1.2405647058823528,1.0,3623.764988284835,0.5046777787001969,1.0735435508833788,0.9638423980754817,0.26515671764705884,0.9827530169753312
0.061,1.2392470588235294,1.0,3626.825434801349,0.5074561337248398,1.0729243465136036,0.9641557353772119,0.26510137647058823,0.9830422183850889
0.0615,1.2379294117647057,1.0,3629.8293484120163,0.510218905033026,1.0723055979245986,0.9644623518522208,0.26504603529411763,0.9833287643774435
0.062,1.2366117647058823,1.0,3632.7787958118824,0.5129661826944916,1.0716872882673225,0.9647624347510713,0.26499069411764703,0.9836126680512685
0.0625,1.2352941176470587,1.0,3635.6756850309844,0.5156980558635039,1.0710694019800593,0.965056164713192,0.2649353529411765,0.9838939416524131
0.063,1.2339764705882352,1.0,3638.5206477235924,0.5184146069289121,1.0704519335840563,0.9653437162064751,0.2648800117647059,0.9841725926475373
0.0635,1.2326588235294116,1.0,3641.3148184684815,0.5211159203350927,1.069834873660485,0.9656252574956083,0.2648246705882353,0.9844486301684442
0.064,1.2313411764705882,1.0,3644.059527850494,0.523802081317175,1.0692182112719069,0.9659009509810945,0.2647693294117647,0.9847220638658088
0.0645,1.2300235294117645,1.0,3646.756088280209,0.5264731748978431,1.0686019356486958,0.9661709534857965,0.26471398823529413,0.9849929031417481
0.065,1.228705882352941,1.0,3649.405798925637,0.5291292860529792,1.0679860361492164,0.9664354165017923,0.2646586470588235,0.9852611571706551
0.0655,1.2273882352941174,1.0,3652.009845307492,0.5317704986588148,1.0673705030478808,0.9666944863602166,0.2646033058823529,0.9855268345633784
0.066,1.226070588235294,1.0,3654.569350922224,0.5343968959301157,1.0667553271273347,0.9669483044562686,0.2645479647058823,0.9857899435590642
0.0665,1.2247529411764704,1.0,3657.0854417735814,0.5370085610816477,1.0661404991702232,0.9671970074783204,0.2644926235294118,0.9860504922497249
0.067,1.223435294117647,1.0,3659.559197047513,0.5396055767940942,1.0655260103458297,0.9674407275721245,0.26443728235294117,0.9863084884188719
0.0675,1.2221176470588233,1.0,3661.9916814338358,0.5421880256998437,1.0649118519552407,0.9676795925542468,0.26438194117647057,0.9865639396547861
0.068,1.2207999999999999,1.0,3664.3838424449586,0.5447559889870642,1.0642980162361408,0.967913726002231,0.26432659999999997,0.9868168530232684
0.0685,1.2194823529411762,1.0,3666.7366278460536,0.5473095478227084,1.0636844954398847,0.9681432474963002,0.2642712588235294,0.9870672354609926
0.069,1.2181647058823528,1.0,3669.050979991168,0.5498487832862606,1.0630712818754482,0.9683682727720634,0.2642159176470588,0.9873150937582518
0.0695,1.2168470588235292,0.0,3671.3240583667484,0.5511870040067285,1.0624583975146253,0.968458318253522,0.2641605764705882,0.9875604227675543
0.07,1.2155294117647057,0.0,3673.448222222988,0.5480953368239408,1.0618466854329915,0.9680557343314609,0.2641052352941176,0.9878028938168131
0.07050000000000001,1.214211764705882,0.0,3675.3735636550427,0.5450210205386685,1.061236535548821,0.9676483166926463,0.26404989411764707,0.9880423683481441
0.07100000000000001,1.2128941176470587,0.0,3677.126271931315,0.5419639423688501,1.06062774153868,0.9672359914908699,0.26399455294117646,0.9882789443747417
0.07150000000000001,1.211576470588235,0.0,3678.714814603815,0.5389240069687053,1.0600202361356983,0.966818699144853,0.26393921176470586,0.9885126634381857
0.07200000000000001,1.2102588235294116,0.0,3680.1460372598744,0.5359011206691187,1.059413964917498,0.9663963807386363,0.26388387058823526,0.9887435611376987
0.0725,1.2089411764705882,0.0,3681.4268013306555,0.5328951898009747,1.0588088734617016,0.965968976589802,0.2638285294117647,0.9889716722007831
0.073,1.2076235294117645,0.0,3682.5639826348247,0.5299061206951577,1.0582049073459319,0.9655364262365108,0.2637731882352941,0.989197030487409
0.0735,1.2063058823529411,0.0,3683.564469988236,0.5269338196825522,1.057602012147811,0.9650986684242503,0.2637178470588235,0.9894196689940161
0.074,1.2049882352941175,0.0,3684.435163878554,0.5239781930940427,1.0570001334449615,0.9646556410922772,0.26366250588235296,0.9896396198573233
0.0745,1.203670588235294,0.0,3685.182975205816,0.5210391472605136,1.0563992168150058,0.9642072813597532,0.26360716470588236,0.9898569143579526
0.075,1.2023529411764704,0.0,3685.8148240889273,0.5181165885128494,1.055799207835567,0.9637535255115592,0.26355182352941176,0.9900715829238623
0.0755,1.201035294117647,0.0,3686.337638737783,0.5152104231819346,1.0552000520842668,0.9632943089837905,0.26349648235294115,0.9902836551335913
0.076,1.1997176470588233,0.0,3686.7582274202587,0.5123205579109275,1.0546016961317692,0.9628295665029256,0.26344114117647055,0.9904931593735138
0.0765,1.1984,0.0,3687.074478793221,0.5094469188135594,1.0540041563534233,0.96235924255179,0.2633858,0.9907000991599331
0.077,1.1970823529411763,0.0,3687.301519547571,0.5065893869918179,1.0534073143462124,0.9618832594459554,0.2633304588235294,0.9909045241528216
0.0775,1.1957647058823528,0.0,3687.441883249326,0.503747875630118,1.0528111502323787,0.9614015540718844,0.2632751176470588,0.9911064490150929
0.078,1.1944470588235292,0.0,3687.4981067751346,0.500922297912875,1.0522156441341646,0.9609140626595848,0.26321977647058825,0.9913058880983874
0.0785,1.1931294117647058,0.0,3687.4727300178547,0.4981125670245039,1.0516207761738128,0.9604207207746002,0.26316443529411765,0.9915028554439194
0.079,1.1918117647058821,0.0,3687.368295601279,0.49531859614941987,1.0510265264735654,0.959921463309823,0.26310909411764705,0.9916973647832988
0.0795,1.1904941176470587,0.0,3687.1873486030822,0.49254029847203806,1.0504328751556649,0.9594162244771195,0.26305375294117644,0.9918894295393276
0.08,1.189176470588235,0.0,3686.932436286649,0.4897775871767736,1.0498398023423539,0.9589049377987641,0.26299841176470584,0.99207906282677
0.0805,1.1878588235294116,0.0,3686.606107841885,0.4870303754480416,1.0492472881558743,0.9583875360986734,0.2629430705882353,0.9922662774531004
0.081,1.186541176470588,0.0,3686.2109141342958,0.48429857647025715,1.0486553127184692,0.9578639514934412,0.2628877294117647,0.9924510859192218
0.0815,1.1852235294117646,0.0,3685.749407463817,0.4815821034278355,1.0480638561523805,0.9573341153831564,0.2628323882352941,0.9926335004201635
0.082,1.183905882352941,0.0,3685.224141331303,0.4788808695051916,1.0474728985798507,0.9567979584420125,0.26277704705882354,0.99281353284575
0.0825,1.1825882352941175,0.0,3684.63767021392,0.47619478788674074,1.0468824201231224,0.9562554106086888,0.26272170588235294,0.992991194781247
0.083,1.1812705882352939,0.0,3683.992549350529,0.473523771756898,1.0462924009044376,0.9557064010765043,0.26266636470588234,0.9931664975079809
0.0835,1.1799529411764704,0.0,3683.2888267970056,0.4708677514926684,1.0457028406684064,0.95515086402651,0.26261102352941174,0.9933394462845608
0.084,1.178635294117647,0.0,3682.528019296638,0.46822664003889025,1.0451137276772384,0.9545887284518118,0.2625556823529412,0.9935100496653826
0.0845,1.1773176470588234,0.0,3681.715028477713,0.4656003268783162,1.0445250237074022,0.9540199145906417,0.2625003411764706,0.9936783235454568
0.085,1.1759999999999997,0.0,3680.85045130962,0.46298873306907085,1.0439367242217135,0.9534443521747352,0.262445,0.9938442738031412
0.0855,1.1746823529411763,0.0,3679.9348855857907,0.4603917796692788,1.0433488246829878,0.952861970346483,0.2623896588235294,0.9940079062455471
0.08600000000000001,1.1733647058823529,0.0,3678.9689298832404,0.4578093877370646,1.0427613205540416,0.9522726976547612,0.26233431764705883,0.9941692266086559
0.08650000000000001,1.1720470588235292,0.0,3677.953183522636,0.45524147833055273,1.04217420729769,0.9516764620506598,0.26227897647058823,0.9943282405574345
0.08700000000000001,1.1707294117647056,0.0,3676.8882465288275,0.4526879725078678,1.041587480376749,0.9510731908831054,0.26222363529411763,0.9944849536859487
0.08750000000000001,1.1694117647058822,0.0,3675.774719591524,0.45014879132713437,1.041001135254035,0.9504628108943716,0.262168294117647,0.9946393715174755
0.088,1.1680941176470587,0.0,3674.613204027116,0.447623855846477,1.0404151673923627,0.9498452482154752,0.2621129529411765,0.9947914995046151
0.0885,1.166776470588235,0.0,3673.404301739812,0.4451130871240202,1.0398295722545488,0.9492204283614485,0.2620576117647059,0.9949413430293995
0.089,1.1654588235294117,0.0,3672.1486151845993,0.44261640621788856,1.0392443453034086,0.948588276226487,0.2620022705882353,0.9950889074034018
0.0895,1.164141176470588,0.0,3670.846747329446,0.4401337341862066,1.038659482001758,0.9479487160789635,0.2619469294117647,0.9952341978678436
0.09,1.1628235294117646,0.0,3669.4993016190233,0.4376649920870989,1.038074977812413,0.9473016715563052,0.2618915882352941,0.9953772195936998
0.0905,1.161505882352941,0.0,3668.106881937589,0.43521010097869,1.0374908281981892,0.9466470656597251,0.2618362470588235,0.9955179776818044
0.091,1.1601882352941175,0.0,3666.6700925740097,0.4327689819191045,1.0369070286219022,0.9459848207488069,0.2617809058823529,0.9956564771629531
0.0915,1.1588705882352939,0.0,3665.189538185512,0.4303415559664669,1.0363235745463684,0.9453148585359306,0.2617255647058823,0.9957927229980051
0.092,1.1575529411764705,0.0,3663.66582376339,0.4279277441789018,1.035740461434403,0.9446371000805394,0.26167022352941177,0.9959267200779846
0.0925,1.1562352941176468,0.0,3662.0995545977535,0.4255274676145337,1.035157684748822,0.943951465783234,0.26161488235294117,0.9960584732241787
0.093,1.1549176470588234,0.0,3660.488446222022,0.4231407107041359,1.0345752626364044,0.9432578951626739,0.26155954117647057,0.9961879821862999
0.0935,1.1535999999999997,0.0,3658.835512512326,0.4207673209601097,1.0339931716698132,0.9425562861837343,0.26150419999999996,0.996315255994345
0.094,1.1522823529411763,0.0,3657.1408560195746,0.41840722311259004,1.0334114112681794,0.9418465587753438,0.2614488588235294,0.9964402984600401
0.0945,1.1509647058823527,0.0,3655.4043715343823,0.4160603470192533,1.0328299824876657,0.9411286339225531,0.2613935176470588,0.996563113041644
0.095,1.1496470588235292,0.0,3653.6259547053323,0.4137266225377759,1.032248886384435,0.9404024321251044,0.2613381764705882,0.9966837032109815
0.0955,1.1483294117647058,0.0,3651.8055020464144,0.4114059795258343,1.0316681240146504,0.93966787339798,0.26128283529411767,0.9968020724534207
0.096,1.1470117647058822,0.0,3649.9429109446755,0.4090983478411048,1.0310876964344742,0.9389248772719265,0.26122749411764706,0.9969182242678507
0.0965,1.1456941176470585,0.0,3648.038079668464,0.4068036573412639,1.0305076047000692,0.9381733627939602,0.26117215294117646,0.9970321621666591
0.097,1.144376470588235,0.0,3646.0909073748635,0.4045218378839878,1.0299278498675988,0.937413248527829,0.26111681176470586,0.9971438896757094
0.0975,1.1430588235294117,0.0,3644.1012941179515,0.40225281932695317,1.029348432993225,0.936644452554445,0.26106147058823526,0.9972534103343181
0.098,1.141741176470588,0.0,3642.069140856471,0.3999965315278362,1.0287693551331112,0.9358668924722706,0.2610061294117647,0.9973607276952325
0.0985,1.1404235294117644,0.0,3639.994349461492,0.39775290434431343,1.0281906173434199,0.9350804853976596,0.2609507882352941,0.9974658453246074
0.099,1.139105882352941,0.0,3637.876822725122,0.3955218676340611,1.027612220680314,0.9342851479651456,0.2608954470588235,0.9975687668019823
0.0995,1.1377882352941175,0.0,3635.7164643678343,0.3933033512547558,1.027034166199956,0.9334807963276682,0.26084010588235296,0.9976694957202588
0.1,1.136470588235294,0.0,3633.5131790464334,0.3910972850640737,1.0264564549585091,0.9326673461567409,0.26078476470588235,0.9977680356856772
0.1005,1.1351529411764705,0.0,3631.2668723626853,0.38890359891969145,1.025879088012136,0.9318447126425443,0.26072942352941175,0.9978643903177937
0.101,1.1338352941176468,0.0,3628.9774508707237,0.38672222267928524,1.0253020664169994,0.9310128104939481,0.26067408235294115,0.9979585632494571
0.1015,1.1325176470588234,0.0,3626.6448220855414,0.3845530862005316,1.024725391229262,0.9301715539384433,0.26061874117647055,0.9980505581267856
0.10200000000000001,1.1311999999999998,0.0,3624.2688944909737,0.38239611934110684,1.0241490635050867,0.929320856721998,0.2605634,0.9981403786091432
0.10250000000000001,1.1298823529411763,0.0,3621.849577547448,0.3802512519586875,1.0235730843006365,0.9284606321088068,0.2605080588235294,0.998228028369117
0.10300000000000001,1.1285647058823527,0.0,3619.386781700887,0.37811841391094975,1.0229974546720737,0.9275907928809448,0.2604527176470588,0.9983135110924933
0.10350000000000001,1.1272470588235293,0.0,3616.8804183903144,0.3759975350555702,1.0224221756755616,0.9267112513379141,0.26039737647058825,0.9983968304782342
0.10400000000000001,1.1259294117647056,0.0,3614.330231876279,0.37388855768978146,1.0218472496957187,0.9258219241349911,0.26034203529411765,0.9984779900533575
0.1045,1.1246117647058822,0.0,3611.7354464005984,0.37179144936343,1.0212726832361676,0.9249227380615899,0.26028669411764704,0.9985569928186661
0.105,1.1232941176470588,0.0,3609.0965654615343,0.36970608152696033,1.020698472704389,0.9240135818380953,0.26023135294117644,0.998633843200592
0.1055,1.1219764705882351,0.0,3606.4132867101166,0.3676323925681767,1.0201246208817072,0.9230943693722395,0.2601760117647059,0.9987085447524475
0.106,1.1206588235294115,0.0,3603.6853091719663,0.3655703208748834,1.019551130549446,0.9221650143184311,0.2601206705882353,0.9987811010658116
0.1065,1.119341176470588,0.0,3600.912333269837,0.36351980483488466,1.0189780044889296,0.9212254300851843,0.2600653294117647,0.998851515770466
0.107,1.1180235294117646,0.0,3598.0940608456904,0.3614807828359848,1.0184052454814825,0.9202755298426002,0.2600099882352941,0.9989197925343315
0.1075,1.116705882352941,0.0,3595.2301951835125,0.3594531932659879,1.0178328563084285,0.9193152265298855,0.25995464705882354,0.9989859350634023
0.108,1.1153882352941173,0.0,3592.3204410316166,0.3574369745126984,1.0172608397510916,0.9183444328629095,0.25989930588235294,0.9990499471016809
0.1085,1.114070588235294,0.0,3589.3645046260267,0.3554320649639204,1.0166891985907962,0.9173630613417944,0.25984396470588234,0.9991118324311128
0.109,1.1127529411764705,0.0,3586.3620937132764,0.35343840300745816,1.0161179356088663,0.916371024258526,0.25978862352941173,0.9991715948715193
0.1095,1.1114352941176469,0.0,3583.3129175736444,0.35145592703111606,1.015547053586626,0.9153682337045826,0.2597332823529412,0.9992292382805312
0.11,1.1101176470588232,0.0,3580.216687044523,0.3494845754226982,1.0149765553053995,0.9143546015785787,0.2596779411764706,0.9992847665535214
0.1105,1.1087999999999998,0.0,3577.0731145441855,0.34752428657000883,1.014406443546511,0.9133300395939047,0.2596226,0.999338183623537
0.111,1.1074823529411764,0.0,3573.8819140954215,0.3455749988608523,1.0138367210912844,0.9122944592863728,0.2595672588235294,0.9993894934612308
0.1115,1.1061647058823527,0.0,3570.6428013494597,0.3436366506830328,1.013267390721044,0.9112477720218458,0.25951191764705883,0.9994387000747932
0.112,1.1048470588235293,0.0,3567.355493609944,0.34170918042435455,1.0126984552171139,0.9101898890038496,0.25945657647058823,0.9994858075098819
0.1125,1.1035294117647056,0.0,3564.0197098573544,0.3397925264726218,1.0121299173608183,0.9091207212811618,0.2594012352941176,0.9995308198495527
0.113,1.1022117647058822,0.0,3560.635170773548,0.33788662721563884,1.011561779933481,0.908040179755366,0.259345894117647,0.9995737412141893
0.1135,1.1008941176470586,0.0,3557.2015987661466,0.33599142104120994,1.0109940457164266,0.9069481751883628,0.2592905529411765,0.9996145757614322
0.114,1.0995764705882352,0.0,3553.7187179932375,0.3341068463371392,1.0104267174909787,0.9058446182098345,0.2592352117647059,0.9996533276861075
0.1145,1.0982588235294115,0.0,3550.1862543885873,0.33223284149123106,1.0098597980384618,0.9047294193246505,0.2591798705882353,0.9996900012201554
0.115,1.096941176470588,0.0,3546.603935686725,0.3303693448912896,1.0092932901402,0.9036024889202044,0.25912452941176467,0.9997246006325576
0.1155,1.0956235294117644,0.0,3542.971491448123,0.3285162949251192,1.0087271965775173,0.9024637372736816,0.2590691882352941,0.9997571302292646
0.116,1.094305882352941,0.0,3539.288043763228,0.32667368922119894,1.0081615249955387,0.9013131080553516,0.2590138470588235,0.9997875940999592
0.1165,1.0929882352941174,0.0,3535.5539420431164,0.324841402085134,1.0075962732626083,0.9001504762343654,0.2589585058823529,0.9998159969149227
0.117,1.091670588235294,0.0,3531.7688869546573,0.32301937399914943,1.007031444435964,0.8989757529452687,0.25890316470588237,0.9998423430776274
0.11750000000000001,1.0903529411764703,0.0,3527.9325248970813,0.32120755106839805,1.0064670420227408,0.8977888526462542,0.25884782352941177,0.9998666370136355
0.11800000000000001,1.0890352941176469,0.0,3524.0445044265275,0.3194058793980327,1.0059030695300728,0.8965896900097076,0.25879248235294117,0.9998888831955457
0.11850000000000001,1.0877176470588235,0.0,3520.104476288778,0.3176143050932064,1.0053395304650945,0.895378179938857,0.25873714117647056,0.9999090861428964
0.11900000000000001,1.0863999999999998,0.0,3516.1120934531978,0.31583277425907186,1.0047764283349403,0.8941542375844824,0.25868179999999996,0.9999272504220701
0.11950000000000001,1.0850823529411762,0.0,3512.06701114646,0.3140612330007821,1.0042137666467446,0.8929177783616664,0.2586264588235294,0.9999433806461951
0.12,1.0837647058823527,0.0,3507.9688868862877,0.31229962742348993,1.003651548907642,0.8916687179665833,0.2585711176470588,0.9999574814750481
0.1205,1.0824470588235293,0.0,3503.8173805165798,0.3105479036323482,1.0030897786247668,0.8904069723933087,0.2585157764705882,0.9999695576149551
0.121,1.0811294117647057,0.0,3499.612154241513,0.3088060077325098,1.0025284593052535,0.889132457950651,0.25846043529411766,0.9999796138186916
0.1215,1.0798117647058822,0.0,3495.35287266047,0.3070738858291277,1.0019675944562363,0.8878450912789766,0.25840509411764706,0.999987654885382
0.122,1.0784941176470586,0.0,3491.0392028035776,0.3053514840273547,1.0014071875848498,0.8865447893670317,0.25834975294117646,0.9999936856603987
0.1225,1.0771764705882352,0.0,3486.67081416692,0.3036387484323437,1.0008472421982286,0.8852314695687449,0.25829441176470586,0.99999771103526
0.123,1.0758588235294115,0.0,3482.247378748439,0.3019356251492475,1.0002877618035069,0.8839050496199942,0.25823907058823525,0.9999997359475269
0.1235,1.074541176470588,0.0,3477.7685710838014,0.30024206028321904,0.9997287499078191,0.8825654476553338,0.2581837294117647,0.9999997653806999
0.124,1.0732235294117645,0.0,3473.234068282697,0.2985579999394113,0.9991702100182999,0.8812125822246676,0.2581283882352941,0.9999978043641143
0.1245,1.071905882352941,0.0,3468.643550065624,0.29688339022297694,0.9986121456420833,0.8798463723098437,0.2580730470588235,0.9999938579728355
0.125,1.0705882352941174,0.0,3463.9966988006545,0.29521817723906907,0.9980545602863041,0.8784667373411859,0.25801770588235295,0.9999879313275523
0.1255,1.069270588235294,0.0,3459.293199540066,0.29356230709284037,0.9974974574580967,0.8770735972139109,0.25796236470588235,0.9999800295944705
0.126,1.0679529411764703,0.0,3454.532740058575,0.29191572588944387,0.9969408406645953,0.87566687230446,0.25790702352941175,0.999970157985206
0.1265,1.066635294117647,0.0,3449.7150108903306,0.29027837973403237,0.9963847134129346,0.8742464834866948,0.25785168235294115,0.9999583217566753
0.127,1.0653176470588233,0.0,3444.839705367173,0.2886502147317588,0.9958290792102487,0.872812352147972,0.25779634117647054,0.9999445262109873
0.1275,1.0639999999999998,0.0,3439.906519656655,0.28703117698777597,0.9952739415636723,0.8713644002050647,0.257741,0.999928776695333
0.128,1.0626823529411762,0.0,3434.9153247605286,0.2854212606397849,0.9947193025870011,0.8699025875249843,0.2576856588235294,0.9999110785549501
0.1285,1.0613647058823528,0.0,3429.865472209652,0.28382036977108804,0.9941651686257608,0.8684268062241447,0.2576303176470588,0.9998914373177111
0.129,1.0600470588235291,0.0,3424.7565775625017,0.28222844048326845,0.9936115439153155,0.8669369722909058,0.25757497647058825,0.9998698585103765
0.1295,1.0587294117647057,0.0,3419.5883451929885,0.2806454258613888,0.9930584319963451,0.8654330155940291,0.25751963529411764,0.999846347683835
0.13,1.0574117647058823,0.0,3414.3604825335533,0.2790712789905115,0.9925058364095296,0.8639148669562792,0.25746429411764704,0.9998209104339263
0.1305,1.0560941176470586,0.0,3409.072700115485,0.277505952955699,0.9919537606955486,0.8623824581800476,0.25740895294117644,0.999793552401325
0.131,1.054776470588235,0.0,3403.724711609522,0.27594940084201397,0.9914022083950819,0.8608357220728692,0.25735361176470584,0.9997642792714234
0.1315,1.0534588235294116,0.0,3398.3162338668362,0.2744015757345189,0.9908511830488094,0.8592745924728283,0.2572982705882353,0.9997330967742143
0.132,1.0521411764705881,0.0,3392.84698696019,0.2728624307182762,0.9903006881974107,0.8576990042738206,0.2572429294117647,0.9997000106841714
0.1325,1.0508235294117645,0.0,3387.3166942255884,0.27133191887834845,0.9897507273815658,0.8561088934506673,0.2571875882352941,0.9996650268201308
0.133,1.0495058823529408,0.0,3381.7250823040617,0.26980999329979816,0.9892013041419543,0.854504197084046,0.25713224705882354,0.9996281510451703
0.1335,1.0481882352941174,0.0,3376.0718811834367,0.2682966070676878,0.9886524220192561,0.8528848533852393,0.25707690588235294,0.999589389266489
0.134,1.046870588235294,0.0,3370.3568242411156,0.26679171326707996,0.988104084554151,0.8512508017206591,0.25702156470588233,0.9995487474352844
0.1345,1.0455529411764704,0.0,3364.5796482863243,0.2652952649830371,0.9875562952873187,0.8496019826361482,0.25696622352941173,0.9995062315466313
0.135,1.0442352941176467,0.0,3358.7400936033055,0.2638072153006218,0.987009057759439,0.8479383378810231,0.25691088235294113,0.9994618476393572
0.1355,1.0429176470588233,0.0,3352.8379039942706,0.2623275173048965,0.9864623755111918,0.8462598104318496,0.2568555411764706,0.9994156017959185
0.136,1.0415999999999999,0.0,3346.872826822816,0.26085612408092373,0.9859162520832567,0.8445663445159222,0.2568002,0.9993675001422756
0.1365,1.0402823529411762,0.0,3340.844613057871,0.25939298871376604,0.9853706910163137,0.8428578856344392,0.2567448588235294,0.9993175488477674
0.137,1.0389647058823528,0.0,3334.753017317705,0.25793806428848587,0.9848256958510425,0.8411343805853344,0.25668951764705883,0.9992657541249839
0.1375,1.0376470588235291,0.0,3328.597797913887,0.25649130389014585,0.9842812701281228,0.8393957774857642,0.2566341764705882,0.9992121222296395
0.138,1.0363294117647057,0.0,3322.378716896102,0.2550526606038084,0.9837374173882346,0.8376420257942243,0.2565788352941176,0.9991566594604449
0.1385,1.035011764705882,0.0,3316.0955400971025,0.253622087514536,0.9831941411720575,0.8358730763322629,0.256523494117647,0.9990993721589773
0.139,1.0336941176470587,0.0,3309.748037177681,0.25219953770739134,0.9826514450202712,0.8340888813057926,0.2564681529411765,0.9990402667095515
0.1395,1.032376470588235,0.0,3303.3359816718526,0.25078496426743674,0.9821093324735558,0.8322893943259576,0.2564128117647059,0.9989793495390887
0.14,1.0310588235294116,0.0,3296.8591510328915,0.24937832027973483,0.9815678070725908,0.8304745704295541,0.25635747058823527,0.9989166271169858
0.1405,1.029741176470588,0.0,3290.3179351164927,0.24797960521005677,0.9810268673209126,0.8286444166342342,0.25630212941176467,0.9988521053454775
0.14100000000000001,1.0284235294117645,0.0,3283.711508155797,0.2465887317233574,0.9804865218090812,0.8267988487061554,0.2562467882352941,0.9987857913548869
0.14150000000000001,1.0271058823529409,0.0,3277.0395049492413,0.24520564287429897,0.9799467753608821,0.8249378152373421,0.2561914470588235,0.9987176919055264
0.14200000000000002,1.0257882352941174,0.0,3270.301788030029,0.2438302980234558,0.9794076309483355,0.8230612841929984,0.2561361058823529,0.9986478135741073
0.14250000000000002,1.0244705882352938,0.0,3263.4982238082216,0.24246265653140225,0.9788690915434611,0.8211692254642076,0.2560807647058823,0.9985761629713054
0.14300000000000002,1.0231529411764704,0.0,3256.628682610505,0.24110267775871275,0.9783311601182788,0.819261610895976,0.25602542352941177,0.9985027467416464
0.14350000000000002,1.0218352941176467,0.0,3249.6930387200136,0.23975032106596159,0.9777938396448086,0.8173384143147137,0.25597008235294116,0.9984275715633913
0.14400000000000002,1.0205176470588233,0.0,3242.6911704167746,0.23840554581372317,0.9772571330950702,0.8153996115551366,0.25591474117647056,0.9983506441484205
0.1445,1.0191999999999999,0.0,3235.622960017923,0.23706831136257192,0.9767210434410838,0.8134451804865559,0.25585939999999996,0.9982719712421176
0.145,1.0178823529411762,0.0,3228.4882939182517,0.2357385770730821,0.976185573654869,0.8114751010385293,0.2558040588235294,0.9981915596232536
0.1455,1.0165647058823528,0.0,3221.287062630745,0.23441630230582808,0.9756507267084459,0.809489355225841,0.2557487176470588,0.9981094161038686
0.146,1.0152470588235292,0.0,3214.0191608280957,0.23310144642138428,0.9751165055738342,0.8074879271727927,0.2556933764705882,0.998025547529155
0.1465,1.0139294117647057,0.0,3206.6844873832706,0.23179396878032507,0.9745829132230541,0.805470803136771,0.25563803529411766,0.997939960777338
0.147,1.012611764705882,0.0,3199.2829454109915,0.23049382874322477,0.9740499526281252,0.803437971531064,0.25558269411764706,0.9978526627595582
0.1475,1.0112941176470587,0.0,3191.8144423095478,0.2292009856706578,0.9735176267610676,0.8013894229469066,0.25552735294117646,0.9977636604197508
0.148,1.009976470588235,0.0,3184.2788898021,0.22791539892319848,0.9729859385939011,0.7993251501747181,0.25547201176470585,0.9976729607345265
0.1485,1.0086588235294116,0.0,3176.6762039791306,0.2266370278614212,0.9724548910986456,0.7972451482245162,0.2554166705882353,0.9975805707130502
0.149,1.007341176470588,0.0,3169.006305339754,0.22536583184590034,0.9719244872473211,0.7951494143454755,0.2553613294117647,0.9974864973969202
0.1495,1.0060235294117645,0.0,3161.2691188349445,0.22410177023721023,0.9713947300119473,0.793037948044601,0.2553059882352941,0.9973907478600466
0.15,1.004705882352941,0.0,3153.4645739095217,0.22284480239592527,0.9708656223645442,0.7909107511045013,0.2552506470588235,0.9972933292085289
0.1505,1.0033882352941175,0.0,3145.5926045449232,0.2215948876826198,0.9703371672771318,0.788767827600233,0.25519530588235295,0.997194248580533
0.151,1.002070588235294,0.0,3137.6531493020384,0.22035198545786822,0.9698093677217299,0.7866091839151799,0.25513996470588235,0.997093513146168
0.1515,1.0007529411764704,0.0,3129.6461513645527,0.21911605508224488,0.9692822266703583,0.784434828755965,0.25508462352941175,0.9969911301073621
0.152,0.9994352941176469,0.0,3121.571558582064,0.21788705591632412,0.9687557470950372,0.7822447731663595,0.25502928235294114,0.9968871066977383
0.1525,0.9981176470588233,0.0,3113.429323513715,0.21666494732068034,0.9682299319677862,0.78003903054016,0.2549739411764706,0.9967814501824889
0.153,0.9967999999999998,0.0,3105.2194034715244,0.2154496886558879,0.9677047842606252,0.7778176166330246,0.2549186,0.9966741678582501
0.1535,0.9954823529411763,0.0,3096.9432501646547,0.21424128957322336,0.9671802942342602,0.7755806236349337,0.2548632588235294,0.9965652643923797
0.154,0.9941647058823527,0.0,3088.5992018026,0.21303965864578372,0.9666564787266478,0.7733279998104304,0.2548079176470588,0.9964547499652217
0.1545,0.9928470588235292,0.0,3080.187128572324,0.21184475225530694,0.9661333415838088,0.7710597636352351,0.25475257647058824,0.9963426321674778
0.155,0.9915294117647057,0.0,3071.7071680745057,0.21065653537952553,0.9656108844076141,0.7687759488742261,0.25469723529411764,0.9962289181402217
0.1555,0.9902117647058821,0.0,3063.159462012156,0.20947497299617196,0.9650891087999349,0.7664765921449967,0.25464189411764704,0.9961136150370447
0.156,0.9888941176470586,0.0,3054.5441562143433,0.20830003008297876,0.9645680163626422,0.7641617329321446,0.25458655294117644,0.995996730023986
0.1565,0.9875764705882351,0.0,3045.861400660568,0.2071316716176784,0.9640476086976072,0.7618314136002845,0.2545312117647059,0.9958782702794631
0.157,0.9862588235294115,0.0,3037.111349505089,0.20596986257800337,0.9635278874067009,0.7594856794057186,0.2544758705882353,0.9957582429942019
0.1575,0.984941176470588,0.0,3028.294161101201,0.20481456794168618,0.9630088540917945,0.7571245785067812,0.2544205294117647,0.9956366553711666
0.158,0.9836235294117645,0.0,3019.4099980256797,0.20366575268645928,0.962490510354759,0.7547481619727868,0.2543651882352941,0.9955135146254896
0.1585,0.9823058823529409,0.0,3010.4590271033776,0.20252338179005522,0.9619728577974654,0.7523564837915989,0.25430984705882353,0.9953888279844012
0.159,0.9809882352941175,0.0,3001.441419431296,0.20138742023020645,0.9614558980217852,0.7499496008757659,0.25425450588235293,0.9952626026871587
0.1595,0.9796705882352938,0.0,2992.3573504038186,0.20025783298464545,0.960939632629589,0.7475275730672086,0.25419916470588233,0.9951348459849761
0.16,0.9783529411764704,0.0,2983.2069997368603,0.19913458503110473,0.9604240632227483,0.7450904631404529,0.2541438235294118,0.9950055651409534
0.1605,0.9770352941176468,0.0,2973.990551492523,0.1980176413473168,0.9599091914031339,0.7426383368043621,0.2540884823529412,0.9948747674300046
0.161,0.9757176470588234,0.0,2964.708194104291,0.19690696691101414,0.9593950187726171,0.7401712627023656,0.2540331411764706,0.9947424601387879
0.1615,0.9743999999999997,0.0,2955.3601204013867,0.19580252669992923,0.9588815469330689,0.7376893124111684,0.2539778,0.9946086505656333
0.162,0.9730823529411763,0.0,2945.9465276338724,0.19470428569179457,0.9583687774863605,0.7351925604379106,0.2539224588235294,0.9944733460204714
0.1625,0.9717647058823526,0.0,2936.4676174976016,0.19361220886434263,0.9578567120343628,0.7326810842157717,0.2538671176470588,0.994336553824762
0.163,0.9704470588235292,0.0,2926.923596158784,0.19252626119530594,0.9573453521789471,0.7301549640980017,0.2538117764705882,0.9941982813114221
0.1635,0.9691294117647056,0.0,2917.314674279598,0.19144640766241697,0.9568346995219844,0.7276142833503668,0.2537564352941176,0.9940585358247532
0.164,0.9678117647058821,0.0,2907.6410670430037,0.1903726132434082,0.9563247556653458,0.7250591281420018,0.2537010941176471,0.9939173247203708
0.1645,0.9664941176470585,0.0,2897.9029941776516,0.18930484291601216,0.9558155222109024,0.7224895875346516,0.25364575294117647,0.9937746553651299
0.165,0.9651764705882351,0.0,2888.1006799835613,0.18824306165796129,0.9553070007605252,0.7199057534702974,0.25359041176470587,0.9936305351370546
0.1655,0.9638588235294114,0.0,2878.2343533570074,0.18718723444698812,0.9547991929160856,0.7173077207571614,0.25353507058823527,0.9934849714252639
0.166,0.962541176470588,0.0,2868.3042478161037,0.18613732626082513,0.9542921002794544,0.7146955870540871,0.25347972941176466,0.9933379716298997
0.1665,0.9612235294117645,0.0,2858.3107217925594,0.18509330444957445,0.9537857233842411,0.7120694573589049,0.2534243882352941,0.9931895428472006
0.167,0.9599058823529409,0.0,2848.2564713225925,0.18405518347984692,0.9532800419978242,0.7094295305553308,0.2533690470588235,0.9930396859830195
0.1675,0.9585882352941174,0.0,2838.138690632996,0.1830228688987986,0.9527750848167327,0.7067758009502774,0.2533137058823529,0.9928884164092258
0.168,0.9572705882352939,0.0,2827.9578999864975,0.18199633068243015,0.9522708510711574,0.7041083866764406,0.25325836470588237,0.9927357408881644
0.1685,0.9559529411764703,0.0,2817.714622509066,0.18097553880674222,0.9517673399912896,0.7014274090670561,0.25320302352941176,0.9925816661622582
0.169,0.9546352941176468,0.0,2807.4093841779386,0.17996046324773546,0.9512645508073206,0.6987329926365997,0.25314768235294116,0.9924261989540426
0.1695,0.9533176470588233,0.0,2797.0427138090586,0.17895107398141055,0.9507624827494418,0.6960252650596169,0.25309234117647056,0.9922693459662021
0.17,0.9519999999999997,0.0,2786.615143044894,0.17794734098376816,0.9502611350478439,0.6933043571476544,0.25303699999999996,0.9921111138816046
0.1705,0.9506823529411762,0.0,2776.127206342004,0.1769492342308089,0.9497605069327186,0.6905704028243139,0.2529816588235294,0.9919515093633373
0.171,0.9493647058823527,0.0,2765.579440958781,0.1759567236985335,0.949260597634257,0.6878235390984136,0.2529263176470588,0.9917905390547425
0.1715,0.9480470588235291,0.0,2754.972386943281,0.17496977936294256,0.94876140638265,0.6850639060352675,0.2528709764705882,0.9916282095794517
0.17200000000000001,0.9467294117647056,0.0,2744.3065871209533,0.17398837120003674,0.9482629324080892,0.6822916467260818,0.25281563529411766,0.9914645275414223
0.17250000000000001,0.9454117647058821,0.0,2733.582587082135,0.17301246918581675,0.9477651749407656,0.6795069072554779,0.25276029411764706,0.9912994995249719
0.17300000000000001,0.9440941176470585,0.0,2722.800935170139,0.1720420432962832,0.9472681332108706,0.6767098366671399,0.25270495294117645,0.9911331320948135
0.17350000000000002,0.942776470588235,0.0,2711.9621824689043,0.17107706350743673,0.9467718064485952,0.6739005869276127,0.25264961176470585,0.9909654317960912
0.17400000000000002,0.9414588235294115,0.0,2701.0668827907825,0.17011749979527807,0.9462761938841306,0.6710793128882494,0.25259427058823525,0.9907964051544148
0.17450000000000002,0.940141176470588,0.0,2690.11559266441,0.16916332213580784,0.9457812947476683,0.6682461722453231,0.2525389294117647,0.9906260586758954
0.17500000000000002,0.9388235294117644,0.0,2679.1088713221634,0.1682145005050267,0.9452871082693992,0.66540132549833,0.2524835882352941,0.9904543988471797
0.17550000000000002,0.937505882352941,0.0,2668.0472806886432,0.1672710048789353,0.9447936336795146,0.6625449359064798,0.2524282470588235,0.9902814321354859
0.176,0.9361882352941174,0.0,2656.9313853680273,0.16633280523353436,0.9443008702082059,0.6596771694434195,0.25237290588235295,0.9901071649886379
0.1765,0.9348705882352939,0.0,2645.76175263196,0.16539987154482444,0.943808817085664,0.6567981947501925,0.25231756470588235,0.9899316038351009
0.177,0.9335529411764704,0.0,2634.5389524076163,0.16447217378880624,0.9433174735420803,0.6539081830864681,0.25226222352941174,0.9897547550840154
0.1775,0.9322352941176468,0.0,2623.2635572654876,0.16354968194148042,0.9428268388076461,0.651007308280062,0.25220688235294114,0.9895766251252331
0.178,0.9309176470588233,0.0,2611.9361424073395,0.16263236597884764,0.9423369121125523,0.6480957466747664,0.2521515411764706,0.9893972203293511
0.1785,0.9295999999999998,0.0,2600.55728565377,0.16172019587690856,0.9418476926869904,0.6451736770765569,0.2520962,0.9892165470477464
0.179,0.9282823529411762,0.0,2589.127567432804,0.16081314161166385,0.9413591797611515,0.6422412806981467,0.2520408588235294,0.9890346116126117
0.1795,0.9269647058823527,0.0,2577.6475707672184,0.15991117315911416,0.9408713725652268,0.6392987411019887,0.2519855176470588,0.9888514203369891
0.18,0.9256470588235293,0.0,2566.1178812628114,0.15901426049526016,0.9403842703294075,0.6363462441417049,0.25193017647058824,0.988666979514805
0.1805,0.9243294117647056,0.0,2554.5400789027394,0.15812238915793492,0.9398978629651262,0.6333840161485073,0.25187483529411764,0.9884812918489836
0.181,0.9230117647058822,0.0,2542.915884510205,0.15723554688407146,0.9394121389964852,0.6304122925586955,0.25181949411764704,0.988294359371871
0.1815,0.9216941176470586,0.0,2531.2434326497537,0.15635366446331533,0.9389271207224508,0.6274311696524159,0.25176415294117643,0.9881061971197382
0.182,0.9203764705882351,0.0,2519.5236503339584,0.15547671628667253,0.9384428042597569,0.6244408522129797,0.2517088117647059,0.9879168101167008
0.1825,0.9190588235294115,0.0,2507.757464049322,0.15460467674514908,0.9379591857251376,0.6214415474297057,0.2516534705882353,0.9877262033294388
0.183,0.9177411764705881,0.0,2495.945799696427,0.153737520229751,0.9374762612353266,0.6184334648324981,0.2515981294117647,0.9875343816673688
0.1835,0.9164235294117644,0.0,2484.089582529603,0.15287522113148433,0.9369940269070579,0.6154168162248096,0.2515427882352941,0.9873413499828172
0.184,0.915105882352941,0.0,2472.1897370976526,0.15201775384135505,0.9365124788570655,0.612391815615012,0.25148744705882353,0.9871471130711909
0.1845,0.9137882352941173,0.0,2460.2471871842235,0.1511650927503692,0.9360316132020833,0.6093586791462575,0.25143210588235293,0.9869516756711483
0.185,0.9124705882352939,0.0,2448.262855749229,0.15031721224953282,0.9355514260588452,0.606317625024829,0.2513767647058823,0.9867550424647689
0.1855,0.9111529411764703,0.0,2436.2376648701716,0.1494740867298519,0.9350719135440851,0.6032688734470867,0.2513214235294117,0.9865572180777208
0.186,0.9098352941176469,0.0,2424.172535683857,0.1486356905823325,0.9345930717745371,0.6002126465249965,0.2512660823529412,0.9863582070794297
0.1865,0.9085176470588232,0.0,2412.0683883283273,0.1478019981979806,0.9341148968669349,0.5971491682103505,0.2512107411764706,0.9861580139832442
0.187,0.9071999999999998,0.0,2399.9261418856136,0.14697298396780223,0.9336373849380126,0.5940786642176938,0.2511554,0.9859566432466024
0.1875,0.9058823529411762,0.0,2387.746714324184,0.14614862228280343,0.9331605321045041,0.5910013619460321,0.25110005882352937,0.9857540992711957
0.188,0.9045647058823527,0.0,2375.5310224423324,0.14532888753399018,0.9326843344831433,0.5879174903993704,0.2510447176470588,0.9855503864031335
0.1885,0.9032470588235292,0.0,2363.2799818111425,0.14451375411236853,0.932208788190664,0.584827280106145,0.2509893764705882,0.985345508933105
0.189,0.9019294117647056,0.0,2350.9945067187004,0.1437031964089445,0.9317338893438003,0.5817309630376001,0.2509340352941176,0.9851394710965418
0.1895,0.9006117647058821,0.0,2338.675510114032,0.1428971888147241,0.931259634059286,0.5786287725251856,0.25087869411764707,0.9849322770737778
0.19,0.8992941176470586,0.0,2326.3239035512797,0.14209570572071337,0.9307860184538552,0.5755209431770242,0.25082335294117647,0.9847239309902103
0.1905,0.897976470588235,0.0,2313.940597134921,0.14129872151791828,0.9303130386442418,0.5724077107935146,0.25076801176470587,0.9845144369164575
0.191,0.8966588235294115,0.0,2301.5264994644926,0.14050621059734492,0.9298406907471796,0.5692893122821396,0.25071267058823526,0.9843037988685176
0.1915,0.895341176470588,0.0,2289.0825175801397,0.13971814734999927,0.9293689708794025,0.5661659855715487,0.25065732941176466,0.9840920208079251
0.192,0.8940235294117644,0.0,2276.609556908497,0.13893450616688732,0.9288978751576445,0.5630379695249659,0.2506019882352941,0.9838791066419073
0.1925,0.8927058823529409,0.0,2264.1085212084226,0.13815526143901516,0.9284273996986396,0.5599055038530064,0.2505466470588235,0.9836650602235386
0.193,0.8913882352941174,0.0,2251.5803125178504,0.13738038755738877,0.9279575406191218,0.5567688290259658,0.2504913058823529,0.9834498853518958
0.1935,0.8900705882352938,0.0,2239.0258311004595,0.13660985891301416,0.9274882940358248,0.5536281861856466,0.25043596470588236,0.9832335857722098
0.194,0.8887529411764703,0.0,2226.445975392328,0.1358436498968974,0.9270196560654826,0.5504838170567921,0.25038062352941176,0.983016165176019
0.1945,0.8874352941176468,0.0,2213.8416419500795,0.13508173490004444,0.9265516228248293,0.5473359638582147,0.25032528235294116,0.9827976272013197
0.195,0.8861176470588232,0.0,2201.2154910205695,0.13432412039882358,0.9260841725593866,0.5441849720202846,0.25026994117647056,0.9825779670081934
0.1955,0.8847999999999997,0.0,2188.567443921939,0.1335707600845613,0.9256173110910406,0.5410310184552285,0.25021459999999995,0.982357192572299
0.196,0.8834823529411762,0.0,2175.8976456279465,0.13282161291701566,0.9251510420554692,0.5378742960570185,0.2501592588235294,0.9821353108884497
0.1965,0.8821647058823526,0.0,2163.2072715582262,0.13207665716530773,0.9246853586333306,0.5347150598800002,0.2501039176470588,0.9819123239662307
0.197,0.8808470588235291,0.0,2150.4974916066953,0.13133587109855868,0.9242202540052831,0.5315535653915501,0.2500485764705882,0.9816882337276026
0.1975,0.8795294117647056,0.0,2137.769470053065,0.1305992329858896,0.9237557213519852,0.5283900683790318,0.24999323529411763,0.9814630420071553
0.198,0.878211764705882,0.0,2125.024365476279,0.12986672109642164,0.9232917538540955,0.525224824856538,0.24993789411764705,0.9812367505523575
0.1985,0.8768941176470585,0.0,2112.263330668173,0.12913831369927595,0.9228283446922719,0.522058090971521,0.24988255294117645,0.9810093610238049
0.199,0.875576470588235,0.0,2099.487512548861,0.1284139890635736,0.9223654870471731,0.5188901229113724,0.24982721176470585,0.9807808749954635
0.1995,0.8742588235294115,0.0,2086.698052082601,0.12769372545843577,0.9219031740994575,0.5157211768100184,0.24977187058823527,0.9805512939549119
0.2,0.872941176470588,0.0,2073.8960841950093,0.1269775011529836,0.9214413990297835,0.5125515086546244,0.2497165294117647,0.9803206193035787
0.2005,0.8716235294117645,0.0,2061.0827376912807,0.12626529441633816,0.9209801550188094,0.5093813741924624,0.2496611882352941,0.980088852356979
0.201,0.8703058823529409,0.0,2048.259135175233,0.12555708351762063,0.9205194352471935,0.5062110288380202,0.24960584705882352,0.9798559943449455
0.2015,0.8689882352941174,0.0,2035.426392969704,0.12485284672595211,0.9200592328955943,0.503040727580425,0.24955050588235292,0.9796220464118596
0.202,0.8676705882352939,0.0,2022.5856210377156,0.12415256231045374,0.9195995411446702,0.49987072489126266,0.24949516470588234,0.9793870096168764
0.2025,0.8663529411764703,0.0,2009.7379229046178,0.12345620854024665,0.9191403531750796,0.49670127463284103,0.24943982352941174,0.979150884934149
0.203,0.8650352941176468,0.0,1996.8843955817736,0.12276376368445197,0.9186816621674807,0.4935326299669993,0.24938448235294117,0.9789136732530493
0.20350000000000001,0.8637176470588233,0.0,1984.0261294904492,0.12207520601219082,0.9182234613025322,0.49036504326449837,0.24932914117647056,0.978675375378385
0.20400000000000001,0.8623999999999997,0.0,1971.1642083876457,0.12139051379258434,0.9177657437608921,0.4871987660150959,0.2492738,0.9784359920306146
0.20450000000000002,0.8610823529411762,0.0,1958.2997092920289,0.12070966529475365,0.9173085027232193,0.48403404873834927,0.2492184588235294,0.9781955238460592
0.20500000000000002,0.8597647058823527,0.0,1945.433702411872,0.12003263878781989,0.9168517313701716,0.4808711408952321,0.2491631176470588,0.9779539713771106
0.20550000000000002,0.8584470588235291,0.0,1932.5672510730528,0.11935941254090418,0.9163954228824078,0.4777102908006102,0.2491077764705882,0.9777113350924381
0.20600000000000002,0.8571294117647056,0.0,1919.7014116489986,0.11868996482312764,0.9159395704405862,0.47455174553666946,0.24905243529411764,0.9774676153771902
0.20650000000000002,0.855811764705882,0.0,1906.8372334907492,0.11802427390361142,0.9154841672253651,0.47139575086733015,0.24899709411764703,0.977222812533195
0.20700000000000002,0.8544941176470585,0.0,1893.9757588590173,0.11736231805147664,0.9150292064174029,0.46824255115373764,0.24894175294117646,0.9769769267791572
0.20750000000000002,0.853176470588235,0.0,1881.1180228563146,0.11670407553584443,0.9145746811973581,0.4650923892708702,0.24888641176470586,0.9767299582508514
0.20800000000000002,0.8518588235294114,0.0,1868.265053361017,0.1160495246258359,0.9141205847458889,0.4619455065253396,0.24883107058823528,0.9764819070013135
0.2085,0.850541176470588,0.0,1855.4178709615555,0.11539864359057224,0.9136669102436539,0.4588021425744335,0.24877572941176468,0.976232773001029
0.209,0.8492235294117645,0.0,1842.5774888926244,0.11475141069917451,0.9132136508713112,0.455662535346454,0.2487203882352941,0.9759825561381166
0.2095,0.847905882352941,0.0,1829.7449332142414,0.11410780705993763,0.912760799584788,0.45252693298179,0.24866504705882353,0.9757312560934772
0.21,0.8465882352941174,0.0,1816.9216298538602,0.1134678434560953,0.9123083447986433,0.44939570631469744,0.24860970588235293,0.9754788699236172
0.2105,0.8452705882352939,0.0,1804.108507220304,0.11283145837343715,0.9118562803379756,0.44626891761617216,0.24855436470588232,0.97522539758974
0.211,0.8439529411764704,0.0,1791.3066440203886,0.11219863337487142,0.9114045982651257,0.4431468102922666,0.24849902352941175,0.9749708379828961
0.2115,0.8426352941176468,0.0,1778.5171098533756,0.1115693500233063,0.9109532906424344,0.44002962589021943,0.24844368235294118,0.9747151898998381
0.212,0.8413176470588233,0.0,1765.7409651443245,0.11094358988164998,0.9105023495322428,0.43691760401947044,0.24838834117647057,0.9744584520432117
0.2125,0.8399999999999997,0.0,1752.9792610792604,0.1103213345128107,0.910051766996892,0.4338109822740927,0.24833299999999997,0.974200623021743
0.213,0.8386823529411762,0.0,1740.2330395409203,0.10970256547969665,0.9096015350987228,0.4307099961567074,0.2482776588235294,0.9739417013504227
0.2135,0.8373647058823527,0.0,1727.503333046559,0.10908726434521603,0.9091516459000761,0.4276148790039115,0.24822231764705882,0.9736816854506851
0.214,0.8360470588235291,0.0,1714.7911646869109,0.10847541267227705,0.908702091463293,0.424525861913289,0.24816697647058822,0.9734205736505838
0.2145,0.8347294117647056,0.0,1702.0975480665772,0.10786699202378791,0.9082528638507144,0.4214431736720311,0.24811163529411762,0.9731583641849632
0.215,0.8334117647058821,0.0,1689.4234872459149,0.10726198396265682,0.907803955124681,0.41836704068722486,0.24805629411764704,0.9728950551956256
0.2155,0.8320941176470585,0.0,1676.7699766839303,0.10666037005179199,0.9073553573475343,0.41529768691784413,0.24800095294117647,0.9726306447314953
0.216,0.830776470588235,0.0,1664.138001183142,0.10606213185410163,0.9069070625816147,0.4122353338084868,0.24794561176470586,0.9723651307487774
0.2165,0.8294588235294115,0.0,1651.5285358354542,0.10546725093249393,0.9064590628892635,0.4091802002248966,0.24789027058823526,0.9720985111111137
0.217,0.8281411764705879,0.0,1638.9425459695497,0.1048757088498771,0.9060113503328214,0.40613250239130155,0.2478349294117647,0.9718307835897333
0.2175,0.8268235294117644,0.0,1626.3809870995597,0.10428748716915935,0.9055639169746297,0.4030924538296073,0.2477795882352941,0.9715619458636013
0.218,0.8255058823529409,0.0,1613.8448048753053,0.10370256745324889,0.905116754877029,0.4000602653004781,0.2477242470588235,0.9712919955195606
0.2185,0.8241882352941173,0.0,1601.3349350339602,0.10312093126505392,0.9046698561023605,0.39703614474633075,0.2476689058823529,0.9710209300524724
0.219,0.8228705882352938,0.0,1588.8523033528588,0.10254256016748266,0.904223212712965,0.39402029723627285,0.24761356470588233,0.970748746865351
0.2195,0.8215529411764703,0.0,1576.3978256038274,0.10196743572344329,0.9037768167711836,0.3910129249130096,0.24755822352941176,0.970475443269495
0.22,0.8202352941176467,0.0,1563.9724075091135,0.10139553949584403,0.903330660339357,0.38801422694173887,0.24750288235294116,0.970201016484615
0.2205,0.8189176470588232,0.0,1551.5769446983602,0.10082685304759309,0.9028847354798265,0.3850243994610605,0.24744754117647055,0.9699254636389564
0.221,0.8175999999999998,0.0,1539.2123226673286,0.10026135794159867,0.9024390342549329,0.3820436355359222,0.24739219999999998,0.9696487817694192
0.2215,0.8162823529411762,0.0,1526.8794167376673,0.09969903574076897,0.901993548727017,0.37907212511260574,0.2473368588235294,0.9693709678216722
0.222,0.8149647058823527,0.0,1514.5790920182785,0.09913986800801221,0.9015482709584199,0.37611005497577654,0.2472815176470588,0.9690920186502656
0.2225,0.8136470588235292,0.0,1502.312203368229,0.09858383630623657,0.9011031930114826,0.37315760870761017,0.24722617647058823,0.968811931018737
0.223,0.8123294117647056,0.0,1490.0795953606637,0.0980309221983503,0.900658306948546,0.37021496664900755,0.24717083529411762,0.9685307015997152
0.2235,0.8110117647058821,0.0,1477.8821022485324,0.09748110724726156,0.900213604831951,0.3672823058628931,0.24711549411764705,0.9682483269750191
0.224,0.8096941176470586,0.0,1465.7201899417314,0.09693437778670001,0.8997690831645417,0.3643598260565296,0.24706015294117645,0.9679648064742457
0.2245,0.808376470588235,0.0,1453.592228851388,0.09639075128266807,0.8993247644945104,0.361447891073893,0.24700481176470587,0.9676801561094203
0.225,0.8070588235294115,0.0,1441.5027754502225,0.09585016198640782,0.8988805943764127,0.35854640881654654,0.24694947058823527,0.9673943424946825
0.2255,0.805741176470588,0.0,1429.4523967128946,0.09531259442543515,0.8984365675615684,0.3556555589097825,0.2468941294117647,0.9671073634927428
0.226,0.8044235294117644,0.0,1417.4416527233914,0.09477803312726593,0.897992678801297,0.3527755176395935,0.2468387882352941,0.9668192169064561
0.2265,0.8031058823529409,0.0,1405.4710966587045,0.09424646261941606,0.8975489228469181,0.3499064579174208,0.24678344705882352,0.9665299004788688
0.227,0.8017882352941174,0.0,1393.541274772974,0.09371786742940141,0.8971052944497514,0.3470485492469883,0.24672810588235292,0.9662394118932641
0.2275,0.8004705882352938,0.0,1381.652726382389,0.09319223208473787,0.8966617883611164,0.34420195769324374,0.24667276470588234,0.9659477487732057
0.228,0.7991529411764703,0.0,1369.8059838506697,0.09266954111294132,0.8962183993323327,0.34136684585337757,0.24661742352941174,0.9656549086825792
0.2285,0.7978352941176468,0.0,1358.0015725751407,0.09214977904152763,0.8957751221147199,0.3385433728299431,0.24656208235294116,0.9653608891256328
0.229,0.7965176470588232,0.0,1346.2400109732973,0.0916329303980127,0.8953319514595975,0.3357316942060628,0.24650674117647056,0.9650656875470152
0.2295,0.7951999999999997,0.0,1334.5218104703322,0.0911189797099124,0.8948888821182852,0.33293196202271785,0.2464514,0.964769301331812
0.23,0.7938823529411762,0.0,1322.8474754867384,0.09060791150474261,0.8944459088421025,0.33014432475812183,0.24639605882352938,0.9644717278055812
0.2305,0.7925647058823526,0.0,1311.2175034271474,0.09009971031001922,0.8940030263823692,0.32736892730914613,0.2463407176470588,0.9641729642343855
0.231,0.7912470588235291,0.0,1299.6323846691355,0.0895943606532581,0.8935602294904046,0.32460591097481456,0.2462853764705882,0.9638730078248235
0.2315,0.7899294117647055,0.0,1288.0926025532783,0.08909184706197516,0.8931175129175284,0.32185541344183677,0.24623003529411763,0.9635718557240602
0.232,0.788611764705882,0.0,1276.5986333732044,0.08859215406368626,0.8926748714150603,0.31911756877216974,0.24617469411764703,0.9632695050198539
0.2325,0.7872941176470585,0.0,1265.1509463668024,0.08809526618590728,0.8922322997343197,0.3163925073925852,0.24611935294117646,0.9629659527405819
0.233,0.7859764705882349,0.0,1253.7500037075652,0.08760116795615411,0.8917897926266264,0.313680356086247,0.24606401176470585,0.9626611958552662
0.2335,0.7846588235294114,0.0,1242.396260497039,0.08710984390194262,0.8913473448432998,0.31098123798624294,0.24600867058823528,0.9623552312735943
0.234,0.7833411764705879,0.0,1231.0901647572355,0.08662127855078872,0.8909049511356596,0.3082952725710877,0.24595332941176468,0.9620480558459412
0.23450000000000001,0.7820235294117643,0.0,1219.832157424455,0.08613545643020827,0.8904626062550253,0.3056225756621363,0.2458979882352941,0.9617396663633877
0.23500000000000001,0.7807058823529408,0.0,1208.6226723430118,0.08565236206771715,0.8900203049527166,0.30296325942292757,0.2458426470588235,0.9614300595577376
0.23550000000000001,0.7793882352941173,0.0,1197.4621362599892,0.08517197999083125,0.889578041980053,0.30031743236038283,0.24578730588235292,0.9611192321015339
0.23600000000000002,0.7780705882352937,0.0,1186.3509688203205,0.08469429472706645,0.8891358120883541,0.2976851993278747,0.24573196470588232,0.9608071806080717
0.23650000000000002,0.7767529411764702,0.0,1175.2895825629187,0.08421929080393864,0.8886936100289395,0.29506666153011435,0.24567662352941175,0.9604939016314101
0.23700000000000002,0.7754352941176468,0.0,1164.2783829167822,0.08374695274896368,0.8882514305531289,0.29246191652983317,0.24562128235294117,0.9601793916663834
0.23750000000000002,0.7741176470588232,0.0,1153.3177681983666,0.08327726508965748,0.8878092684122417,0.2898710582562341,0.24556594117647057,0.9598636471486084
0.23800000000000002,0.7727999999999997,0.0,1142.4081296090242,0.0828102123535359,0.8873671183575976,0.28729417701516957,0.24551059999999997,0.9595466644544917
0.23850000000000002,0.7714823529411762,0.0,1131.5498512335269,0.08234577906811484,0.8869249751405162,0.28473135950101663,0.2454552588235294,0.9592284399012344
0.23900000000000002,0.7701647058823526,0.0,1120.7433100387314,0.08188394976091017,0.886482833512317,0.28218268881023323,0.24539991764705882,0.9589089697468357
0.23950000000000002,0.7688470588235291,0.0,1109.9888758732168,0.08142470895943776,0.8860406882243197,0.2796482444565217,0.24534457647058822,0.9585882501900934
0.24,0.7675294117647056,0.0,1099.2869114673836,0.08096804119121356,0.8855985340278438,0.2771281023876135,0.2452892352941176,0.9582662773706045
0.2405,0.766211764705882,0.0,1088.6366253327903,0.08051394355579539,0.8851563821842303,0.27462240720719905,0.24523389411764704,0.9579430594610505
0.241,0.7648941176470585,0.0,1078.037726973744,0.0800624039204515,0.884714236929646,0.27213125011667805,0.24517855294117646,0.9576185995959382
0.2415,0.763576470588235,0.0,1067.4919145598083,0.07961338913152279,0.8842720736791634,0.26965459735227065,0.24512321176470586,0.9572928796858386
0.242,0.7622588235294114,0.0,1056.9991599314953,0.07916688618957529,0.8838298925767628,0.2671925262690777,0.24506787058823526,0.9569658996851834
0.2425,0.760941176470588,0.0,1046.5594351266461,0.07872288209517501,0.8833876937664248,0.26474511066295936,0.24501252941176468,0.9566376595500219
0.243,0.7596235294117645,0.0,1036.1727123803564,0.07828136384888802,0.8829454773921296,0.2623124207876141,0.2449571882352941,0.9563081592380216
0.2435,0.7583058823529409,0.0,1025.8389641249191,0.07784231845128034,0.8825032435978578,0.2598945233731792,0.2449018470588235,0.9559773987084683
0.244,0.7569882352941174,0.0,1015.5581629899918,0.077405732902918,0.8820609925275897,0.2574914816463095,0.24484650588235293,0.9556453779222664
0.2445,0.7556705882352939,0.0,1005.3302818021169,0.07697159420436701,0.8816187243253059,0.2551033553517132,0.24479116470588233,0.955312096841939
0.245,0.7543529411764703,0.0,995.1552935851105,0.07653988935619345,0.8811764391349867,0.2527302007750897,0.24473582352941176,0.9549775554316278
0.2455,0.7530352941176468,0.0,985.033171559685,0.07611060535896332,0.8807341371006123,0.25037207076744467,0.24468048235294115,0.9546417536570934
0.246,0.7517176470588233,0.0,974.9638891435771,0.07568372921324265,0.8802918183661635,0.2480290147707262,0.24462514117647058,0.9543046914857156
0.2465,0.7503999999999997,0.0,964.9474199513936,0.0752592479195975,0.8798494830756206,0.2457010788447683,0.24456979999999998,0.9539663688864937
0.247,0.7490823529411762,0.0,954.9837377946377,0.07483714847859388,0.8794071313729639,0.2433883056954752,0.2445144588235294,0.953626785830046
0.2475,0.7477647058823527,0.0,945.0728166815585,0.07441741789079784,0.8789647634021739,0.2410907347042222,0.2444591176470588,0.9532859422886105
0.248,0.7464470588235291,0.0,935.214630817254,0.0740000431567754,0.878522379307231,0.23880840195842498,0.24440377647058822,0.9529438382360451
0.2485,0.7451294117647056,0.0,925.4091546034074,0.07358501127709259,0.8780799792321156,0.2365413402832461,0.24434843529411762,0.9526004736478273
0.249,0.7438117647058821,0.0,915.6563626384656,0.07317230925231547,0.8776375633208081,0.23428957927438762,0.24429309411764705,0.9522558485010547
0.2495,0.7424941176470585,0.0,905.9562297173409,0.07276192408301004,0.877195131717289,0.232053145331929,0.24423775294117644,0.9519099627744452
0.25,0.741176470588235,0.0,896.3087308316458,0.07235384276974234,0.8767526845655387,0.22983206169517653,0.24418241176470587,0.9515628164483367
0.2505,0.7398588235294115,0.0,886.713841169358,0.07194805231307842,0.8763102220095376,0.22762634847847907,0.24412707058823527,0.9512144095046878
0.251,0.7385411764705879,0.0,877.1715361150178,0.07154453971358431,0.8758677441932661,0.2254360227079679,0.2440717294117647,0.9508647419270777
0.2515,0.7372235294117644,0.0,867.6817912494153,0.07114329197182602,0.8754252512607046,0.22326109835917546,0.2440163882352941,0.9505138137007061
0.252,0.7359058823529409,0.0,858.244582349897,0.0707442960883696,0.8749827433558336,0.22110158639550395,0.24396104705882352,0.9501616248123936
0.2525,0.7345882352941173,0.0,848.8598853899088,0.07034753906378109,0.8745402206226334,0.21895749480749332,0.2439057058823529,0.9498081752505819
0.253,0.7332705882352938,0.0,839.5276765393003,0.06995300789862653,0.8740976832050845,0.21682882865284647,0.24385036470588234,0.949453465005334
0.2535,0.7319529411764703,0.0,830.2479321640559,0.06956068959347192,0.8736551312471674,0.21471559009717506,0.24379502352941174,0.9490974940683339
0.254,0.7306352941176467,0.0,821.0206288263407,0.06917057114888332,0.8732125648928624,0.21261777845543234,0.24373968235294116,0.948740262432887
0.2545,0.7293176470588232,0.0,811.845743284418,0.06878263956542675,0.8727699842861498,0.2105353902339718,0.24368434117647056,0.9483817700939204
0.255,0.7279999999999996,0.0,802.7232524926748,0.06839688184366825,0.8723273895710103,0.20846841917322398,0.24362899999999998,0.9480220170479828
0.2555,0.7266823529411761,0.0,793.6546747689166,0.06801330309114464,0.8718847549124717,0.20641692716774485,0.24357365882352938,0.9476609820668449
0.256,0.7253647058823526,0.0,784.6381010376462,0.0676318786893067,0.8714421119889513,0.2043808650608153,0.2435183176470588,0.9472986907848809
0.2565,0.724047058823529,0.0,775.6724802617988,0.06725258688123395,0.8709994785787308,0.2023601868282569,0.2434629764705882,0.9469351577584205
0.257,0.7227294117647055,0.0,766.7578589436424,0.06687541670393511,0.8705568540497267,0.20035488445791805,0.24340763529411763,0.9465703825462253
0.2575,0.721411764705882,0.0,757.8942827313642,0.06650035719441892,0.8701142377698551,0.19836494732784501,0.24335229411764703,0.946204364699918
0.258,0.7200941176470586,0.0,749.0817964191774,0.06612739738969409,0.8696716291070323,0.19639036224738726,0.24329695294117645,0.945837103763983
0.2585,0.718776470588235,0.0,740.3204439469152,0.06575652632676936,0.8692290274291746,0.19443111349874925,0.24324161176470588,0.9454685992757668
0.259,0.7174588235294115,0.0,731.6102684001536,0.06538773304265345,0.8687864321041983,0.19248718287896924,0.24318627058823528,0.9450988507654777
0.2595,0.716141176470588,0.0,722.9513120101163,0.06502100657435508,0.8683438425000193,0.19055854974228614,0.24313092941176467,0.9447278577561871
0.26,0.7148235294117644,0.0,714.3436161534203,0.06465633595888298,0.8679012579845541,0.1886451910428521,0.2430755882352941,0.9443556197638286
0.2605,0.7135058823529409,0.0,705.7872213521358,0.06429371023324587,0.867458677925719,0.18674708137777546,0.24302024705882352,0.9439821362971993
0.261,0.7121882352941173,0.0,697.2821672736866,0.06393311843445248,0.86701610169143,0.184864193030437,0.24296490588235292,0.9436074068579589
0.2615,0.7108705882352938,0.0,688.8284927308235,0.06357454959951155,0.8665735286496035,0.18299649601407675,0.24290956470588232,0.9432314309406308
0.262,0.7095529411764703,0.0,680.4262356814771,0.06321799276543177,0.8661309581681557,0.18114395811558356,0.24285422352941174,0.9428542080326018
0.2625,0.7082352941176467,0.0,672.075433228865,0.06286343696922189,0.8656883896150029,0.1793065449394971,0.24279888235294117,0.9424757376141223
0.263,0.7069176470588232,0.0,663.7761216212807,0.06251087124789063,0.8652458223580612,0.1774842199521526,0.24274354117647057,0.9420960191583062
0.2635,0.7055999999999997,0.0,655.5283362522343,0.06216028463844672,0.864803255765247,0.17567694452596744,0.24268819999999997,0.9417150521311313
0.264,0.7042823529411761,0.0,647.3321116604051,0.061811666177898884,0.8643606892044765,0.1738846779838231,0.2426328588235294,0.9413328359914394
0.2645,0.7029647058823526,0.0,639.1874815295239,0.061465004903255835,0.8639181220436658,0.17210737764352127,0.24257751764705882,0.9409493701909355
0.265,0.7016470588235291,0.0,631.0944786884911,0.061120289851526316,0.8634755536507313,0.1703449988622867,0.2425221764705882,0.9405646541741889
0.2655,0.7003294117647055,0.0,623.0531351113563,0.06077751005971904,0.8630329833935891,0.1685974950812816,0.24246683529411764,0.9401786873786325
0.266,0.699011764705882,0.0,615.0634819173555,0.060436654564842734,0.8625904106401556,0.16686481787011284,0.24241149411764704,0.939791469234563
0.2665,0.6976941176470585,0.0,607.1255493709264,0.06009771240390613,0.862147834758347,0.16514691697130277,0.24235615294117646,0.9394029991651403
0.267,0.6963764705882349,0.0,599.2393668817164,0.059760672613917945,0.8617052551160794,0.16344374034469739,0.24230081176470586,0.9390132765863881
0.2675,0.6950588235294114,0.0,591.4049630046933,0.059425524231886906,0.8612626710812692,0.16175523421178925,0.24224547058823528,0.9386223009071936
0.268,0.6937411764705879,0.0,583.6223654401252,0.059092256294821746,0.8608200820218326,0.1600813430999295,0.24219012941176468,0.9382300715293067
0.2685,0.6924235294117643,0.0,575.8916010337997,0.05876085783973117,0.8603774873056858,0.15842200988640143,0.2421347882352941,0.9378365878473407
0.269,0.6911058823529408,0.0,568.2126957768392,0.05843131790362393,0.8599348863007449,0.15677717584234616,0.2420794470588235,0.9374418492487715
0.2695,0.6897882352941173,0.0,560.5856748060733,0.05810362552350874,0.8594922783749264,0.15514678067649867,0.24202410588235293,0.9370458551139376
0.27,0.6884705882352937,0.0,553.010562403905,0.05777776973639432,0.8590496628961464,0.15353076257873535,0.24196876470588233,0.9366486048160396
0.2705,0.6871529411764702,0.0,545.487381998562,0.0574537395792894,0.8586070392323212,0.15192905826339037,0.24191342352941175,0.9362500977211404
0.271,0.6858352941176467,0.0,538.0211368837291,0.05713155491593526,0.8581643047793966,0.15034169268450698,0.24185808235294115,0.9358502409479851
0.2715,0.6845176470588231,0.0,530.6062833587437,0.05681116996610565,0.857721571510946,0.1487684972311416,0.24180274117647058,0.9354491351616235
0.272,0.6831999999999996,0.0,523.2431946695277,0.05649257515357103,0.8572788317031507,0.14720940746254235,0.24174739999999997,0.9350467733417807
0.2725,0.681882352941176,0.0,515.9323054505612,0.056175761357898674,0.8568360761305993,0.14566435898507857,0.2416920588235294,0.9346431470099377
0.273,0.6805647058823525,0.0,508.6740378759216,0.055860719458655866,0.8563932955678809,0.14413328616100646,0.2416367176470588,0.9342382475833737
0.2735,0.679247058823529,0.0,501.4688016635376,0.055547440335409884,0.8559504807895841,0.1426161221464575,0.24158137647058822,0.9338320663751531
0.274,0.6779294117647056,0.0,494.31699408121557,0.05523591486772801,0.8555076225702978,0.1411127989291447,0.24152603529411762,0.9334245945941086
0.2745,0.676611764705882,0.0,487.21899995455374,0.05492613393517752,0.8550647116846105,0.13962324736578033,0.24147069411764704,0.933015823344818
0.275,0.6752941176470585,0.0,480.175191676841,0.0546180884173257,0.8546217389071114,0.1381473972191813,0.24141535294117644,0.9326057436275762
0.2755,0.673976470588235,0.0,473.18592922070303,0.05431176919373982,0.854178695012389,0.13668517719505643,0.24136001176470587,0.9321943463383614
0.276,0.6726588235294114,0.0,466.25156015173326,0.054007167143987164,0.853735570775032,0.13523651497846217,0.24130467058823526,0.9317816222687957
0.2765,0.6713411764705879,0.0,459.37241964400965,0.05370427314763502,0.8532923569696295,0.13380133726991938,0.2412493294117647,0.9313675621061013
0.277,0.6700235294117644,0.0,452.5488304974042,0.053403078084250655,0.85284904437077,0.1323795698211695,0.2411939882352941,0.9309521564330497
0.2775,0.6687058823529408,0.0,445.78110315692714,0.05310357283340136,0.8524056237530425,0.1309711374705744,0.2411386470588235,0.9305353957279068
0.278,0.6673882352941173,0.0,439.0695357337848,0.0528057482746544,0.8519620858910357,0.1295759641781353,0.2410833058823529,0.9301172703643715
0.2785,0.6660705882352937,0.0,432.41441402856265,0.05250959528757707,0.8515184215593383,0.1281939730601366,0.24102796470588234,0.9296977706115104
0.279,0.6647529411764702,0.0,425.8160115559394,0.05221510475173664,0.8510746215325391,0.1268250864233906,0.24097262352941173,0.9292768866336847
0.2795,0.6634352941176467,0.0,419.27458957170893,0.0519222675467004,0.8506306765852271,0.12546922579909167,0.24091728235294116,0.928854608490475
0.28,0.6621176470588231,0.0,412.7903971013355,0.05163107455203563,0.8501865774919907,0.12412631197625222,0.24086194117647056,0.9284309261365966
0.2805,0.6607999999999996,0.0,406.3636709706296,0.0513415166473096,0.849742315027419,0.1227962650347334,0.24080659999999998,0.9280058294218132
0.281,0.6594823529411761,0.0,399.9946358381565,0.05105358471208959,0.8492978799661006,0.12147900437784898,0.24075125882352938,0.9275793080908424
0.28150000000000003,0.6581647058823525,0.0,393.68350422963454,0.05076726962594288,0.8488532630826244,0.12017444876454388,0.2406959176470588,0.9271513517832578
0.28200000000000003,0.656847058823529,0.0,387.430476574144,0.050482562268436754,0.8484084551515793,0.11888251634113908,0.2406405764705882,0.9267219500333841
0.28250000000000003,0.6555294117647055,0.0,381.2357412423353,0.050199453519138494,0.8479634469475538,0.11760312467263628,0.24058523529411763,0.9262910922701872
0.28300000000000003,0.6542117647058819,0.0,375.0994745863259,0.04991793425761538,0.8475182292451368,0.11633619077358126,0.24052989411764703,0.9258587678171599
0.28350000000000003,0.6528941176470584,0.0,369.0218409817801,0.04963799536343468,0.847072792818917,0.115081631138476,0.24047455294117645,0.9254249658922007
0.28400000000000003,0.6515764705882349,0.0,363.0029928715077,0.04935962771616369,0.8466271284434833,0.1138393617717413,0.24041921176470585,0.924989675607488
0.28450000000000003,0.6502588235294113,0.0,357.0430708113041,0.04908282219536968,0.8461812268934246,0.11260929821722301,0.24036387058823527,0.924552885969349
0.28500000000000003,0.6489411764705878,0.0,351.1422035174223,0.04880756968061993,0.8457350789433294,0.11139135558723619,0.24030852941176467,0.9241145858781225
0.28550000000000003,0.6476235294117643,0.0,345.3005079161227,0.048533861051481726,0.8452886753677867,0.11018544859115087,0.2402531882352941,0.9236747641280163
0.28600000000000003,0.6463058823529407,0.0,339.51808919487496,0.04826168718752234,0.8448420069413851,0.10899149156351258,0.2401978470588235,0.9232334094069605
0.28650000000000003,0.6449882352941172,0.0,333.79504085572785,0.04799103896830906,0.8443950644387136,0.10780939849169424,0.24014250588235292,0.9227905102964538
0.28700000000000003,0.6436705882352937,0.0,328.13144477035553,0.04772190727340915,0.8439478386343608,0.10663908304308088,0.24008716470588232,0.9223460552714047
0.28750000000000003,0.6423529411764701,0.0,322.5273712370613,0.04745428298238991,0.8435003203029157,0.10548045859178679,0.24003182352941174,0.9219000326999681
0.28800000000000003,0.6410352941176466,0.0,316.9830846735243,0.04718816947143432,0.8430524947341262,0.10433348370990461,0.23997648235294114,0.9214524253533755
0.2885,0.6397176470588233,0.0,311.49926989281727,0.046923546685683305,0.8426043354058455,0.10319802424600222,0.23992114117647056,0.9210032039762895
0.289,0.6383999999999997,0.0,306.0760737120844,0.04666040446054843,0.8421558294803818,0.10207398796958655,0.2398658,0.9205523527837172
0.2895,0.6370823529411762,0.0,300.71360218336946,0.046398735110549386,0.841706964800791,0.1009612920074256,0.2398104588235294,0.920099856528769
0.29,0.6357647058823527,0.0,295.4119464330631,0.04613853095020586,0.8412577292101285,0.09985985325157577,0.2397551176470588,0.9196456998229436
0.2905,0.6344470588235291,0.0,290.17118276017226,0.045879784294037544,0.8408081105514498,0.09876958838224462,0.2396997764705882,0.9191898671358436
0.291,0.6331294117647056,0.0,284.99137273794514,0.04562248745656411,0.8403580966678104,0.09769041389024116,0.23964443529411764,0.9187323427948846
0.2915,0.6318117647058821,0.0,279.87256331878183,0.045366632752305236,0.8399076754022657,0.09662224609901231,0.23958909411764703,0.9182731109849926
0.292,0.6304941176470585,0.0,274.8147869424115,0.04511221249578061,0.8394568345978712,0.09556500118627201,0.23953375294117646,0.9178121557482931
0.2925,0.629176470588235,0.0,269.8180616472513,0.04485921900150991,0.8390055620976826,0.09451859520521892,0.23947841176470586,0.9173494609837911
0.293,0.6278588235294115,0.0,264.88239118528287,0.044607644584012805,0.8385538457447551,0.09348294410534358,0.23942307058823528,0.9168850104470397
0.2935,0.6265411764705879,0.0,260.00776513986256,0.04435748155780899,0.8381016733821445,0.09245796375282767,0.23936772941176468,0.9164187877498029
0.294,0.6252235294117644,0.0,255.1941590471596,0.044108722237418144,0.8376490328529059,0.09144356995053425,0.2393123882352941,0.915950776359704
0.2945,0.6239058823529409,0.0,250.44153452057373,0.04386135893735994,0.8371959120000951,0.09043967845759587,0.2392570470588235,0.91548095959987
0.295,0.6225882352941173,0.0,245.7498393786833,0.043615383972154066,0.8367422986667675,0.08944620500859363,0.23920170588235293,0.9150093206485621
0.2955,0.6212705882352938,0.0,241.11900777622898,0.0433707896563202,0.8362881806959787,0.088463065332334,0.23914636470588232,0.9145358425387993
0.296,0.6199529411764703,0.0,236.54896033861323,0.04312756830437802,0.8358335459307838,0.08749017517023004,0.23909102352941175,0.9140605081579718
0.2965,0.6186352941176467,0.0,232.03960429943973,0.04288571223084721,0.8353783822142388,0.08652745029427523,0.23903568235294115,0.9135833002474449
0.297,0.6173176470588232,0.0,227.59083364156393,0.04264521375024745,0.8349226773893988,0.08557480652462776,0.23898034117647057,0.9131042014021541
0.2975,0.6159999999999997,0.0,223.2025292411979,0.04240606517709841,0.8344664192993195,0.08463215974679979,0.23892499999999997,0.9126231940701891
0.298,0.6146823529411761,0.0,218.87455901547438,0.04216825882591979,0.8340095957870564,0.08369942592845114,0.2388696588235294,0.9121402605523711
0.2985,0.6133647058823526,0.0,214.6067780731637,0.041931787011231264,0.8335521946956649,0.08277652113579928,0.2388143176470588,0.9116553830018181
0.299,0.612047058823529,0.0,210.39902886875225,0.04169664204755251,0.8330942038682004,0.08186336154964062,0.23875897647058822,0.9111685434235018
0.2995,0.6107294117647055,0.0,206.2511413597322,0.0414628162494032,0.8326356111477187,0.08095986348099139,0.23870363529411762,0.9106797236737958
0.3,0.609411764705882,0.0,202.1629331671965,0.041230301931303025,0.8321764043772749,0.08006594338634548,0.23864829411764704,0.910188905460013
0.3005,0.6080941176470585,0.0,198.13420973973726,0.040999091407771665,0.8317165713999248,0.079181517882561,0.23859295294117644,0.9096960703399344
0.301,0.606776470588235,0.0,194.16476452055772,0.0407691769933288,0.8312561000587237,0.07830650376136855,0.23853761176470586,0.9092011997213283
0.3015,0.6054588235294115,0.0,190.25437911795012,0.04054055100249411,0.8307949781967272,0.07744081800351453,0.2384822705882353,0.9087042748614604
0.302,0.604141176470588,0.0,186.40273145435455,0.04031320665855662,0.830333196857837,0.07658438152112886,0.2384269294117647,0.9082052803300973
0.3025,0.6028235294117644,0.0,182.60945986359334,0.040087137536600835,0.8298707482058896,0.07573711675346038,0.23837158823529409,0.9077042017983934
0.303,0.6015058823529409,0.0,178.87426952950258,0.03986233648362805,0.8294076218081845,0.07489894328204372,0.2383162470588235,0.9072010220116729
0.3035,0.6001882352941174,0.0,175.10852341791949,0.03963879638686249,0.8289469768150025,0.07407049543547269,0.23826090588235294,0.9066991813114563
0.3035714285714285,0.6,0.0,174.44673763512677,0.039606964609504615,0.828885739128113,0.07395391643567036,0.238253,0.906632365198558
0.3040714285714285,0.6074666666666666,0.0,290.6351821890895,0.039384856947122994,0.8286104871511577,0.07317710316422042,0.2385666,0.9063317438948869
0.3045714285714285,0.6149333333333333,0.0,424.1088527767783,0.03916399513296073,0.8286147703826674,0.07247003954461502,0.2388802,0.9063364256027238
0.3050714285714285,0.6224,0.0,548.0309397910438,0.038944372178979524,0.8293121182293939,0.07192132952800787,0.23919379999999998,0.9070970887010956
0.3055714285714285,0.6298666666666667,0.0,590.2333056894214,0.03872598113611374,0.8318439426420191,0.07177595187920856,0.23950739999999998,0.909832718028761
0.3060714285714285,0.6373333333333333,0.0,599.6822077191498,0.0385088150943235,0.8350320232463955,0.07177297245223807,0.239821,0.9132192813961167
0.3065714285714285,0.6448,0.0,603.0484149392198,0.03829286718229332,0.838338879486899,0.07179471363423837,0.2401346,0.9166635271506653
0.3070714285714285,0.6522666666666667,0.0,605.3481359138323,0.038078130567282154,0.8416664928386289,0.07181977703971236,0.2404482,0.9200589939731507
0.3075714285714285,0.6597333333333334,0.0,607.4324920037852,0.037864598456371336,0.8449983398041586,0.07184455933307793,0.2407618,0.9233880272210871
0.3080714285714285,0.6672,0.0,609.4465862736728,0.03765226408816399,0.8483316072077989,0.07186844619861095,0.2410754,0.9266476359305823
0.3085714285714285,0.6746666666666667,0.0,611.409632762812,0.03744112075067882,0.8516659189991437,0.07189135386636865,0.241389,0.9298373737679573
0.3090714285714285,0.6821333333333334,0.0,613.3274590123605,0.037231161796646886,0.8550011584073345,0.07191325514784958,0.2417026,0.9329570661249524
0.3095714285714285,0.6896000000000001,0.0,615.1999497797156,0.03702238048575529,0.8583373232911607,0.07193414732633747,0.2420162,0.9360066518740016
0.3100714285714285,0.6970666666666667,0.0,617.0269886621785,0.03681477026418648,0.8616744116536971,0.07195402825634696,0.24232979999999998,0.9389860701806414
0.3105714285714285,0.7045333333333335,0.0,618.8084737600637,0.03660832459784119,0.8650124213414159,0.07197289574756728,0.2426434,0.9418952602292493
0.3110714285714285,0.7120000000000001,0.0,620.5443094784316,0.036403036952620156,0.8683513502007896,0.07199074753059051,0.242957,0.9447341613713165
0.3115714285714285,0.7194666666666668,0.0,622.2343909031376,0.0361989036001727,0.8716911963748976,0.07200759096747918,0.2432706,0.9475027133682873
0.3120714285714285,0.7269333333333334,0.0,623.8785803587027,0.03599591823836202,0.8750319587463288,0.0720234248161871,0.2435842,0.9502008567130763
0.3125714285714285,0.7344000000000002,0.0,625.4767480137205,0.03579406909685479,0.8783736361607162,0.07203822873083847,0.2438978,0.9528285319490885
0.3130714285714285,0.7418666666666668,0.0,627.0287468962296,0.035593350230371454,0.8817162279003616,0.07205200233086016,0.2442114,0.9553856800315077
0.3135714285714285,0.7493333333333334,0.0,628.5344357851105,0.035393755693632456,0.8850597332475673,0.07206474518796974,0.244525,0.9578722419607131
0.3140714285714285,0.7568000000000001,0.0,629.9936791956834,0.03519527954135823,0.8884041514846348,0.07207645682373534,0.24483860000000002,0.9602881587823203
0.3145714285714285,0.7642666666666669,0.0,631.4063473650182,0.034997915828269235,0.8917494818938665,0.07208713670711231,0.2451522,0.9626333715872247
0.3150714285714285,0.7717333333333335,0.0,632.7723162376668,0.0348016586090859,0.895095723757564,0.07209678425196063,0.2454658,0.9649078215116411
0.3155714285714285,0.7792000000000001,0.0,634.0914674508381,0.034606501938528676,0.8984428763580296,0.07210539881454481,0.2457794,0.9671114497371477
0.3160714285714285,0.7866666666666668,0.0,635.3636883201211,0.034412439871318,0.9017909389775649,0.07211297969101244,0.246093,0.9692441974907259
0.3165714285714285,0.7941333333333335,0.0,636.5888718249832,0.03421946646217432,0.9051399108984721,0.07211952611485659,0.2464066,0.9713060060448029
0.3170714285714285,0.8016000000000002,0.0,637.7669165941527,0.03402757576581807,0.9084897914030533,0.07212503725435805,0.2467202,0.9732968167172937
0.3175714285714285,0.8090666666666668,0.0,638.8977268913449,0.03383676183696971,0.9118405797736101,0.07212951221001056,0.2470338,0.9752165708716416
0.3180714285714285,0.8165333333333336,0.0,639.9812126006207,0.03364701873034966,0.9151922752924448,0.0721329500119292,0.2473474,0.9770652099168607
0.3185714285714285,0.8240000000000002,0.0,641.0172892121353,0.033458340500678384,0.9185448772418592,0.07213534961724087,0.247661,0.9788426753075772
0.3190714285714285,0.8314666666666669,0.0,642.0058778075512,0.033270721202676316,0.9218983849041552,0.07213670990745884,0.2479746,0.9805489085440705
0.3195714285714285,0.8389333333333335,0.0,642.9469050456833,0.0330841548910639,0.9252527975616349,0.07213702968583957,0.24828820000000001,0.9821838511723153
0.3200714285714285,0.8464000000000003,0.0,643.840303148124,0.03289863562056158,0.9286081144966003,0.07213630767472742,0.2486018,0.9837474447840225
0.3205714285714285,0.8538666666666669,0.0,644.6860098848173,0.03271415744588979,0.9319643349913532,0.07213454251287929,0.2489154,0.9852396310166811
0.3210714285714285,0.8613333333333335,0.0,645.4839685596429,0.03253071442176898,0.9353214583281957,0.07213173275277805,0.249229,0.9866603515535991
0.3215714285714285,0.8688000000000002,0.0,646.2341279960759,0.0323483006029196,0.9386794837894298,0.07212787685793079,0.2495426,0.9880095481239451
0.3220714285714285,0.876266666666667,0.0,646.9364425228898,0.03216691004406208,0.9420384106573573,0.07212297320015228,0.2498562,0.9892871625027897
0.3225714285714285,0.8837333333333336,0.0,647.5908719596479,0.03198653679991688,0.9453982382142802,0.07211702005683551,0.2501698,0.9904931365111463
0.3230714285714285,0.8912000000000002,0.0,648.1973816025727,0.03180717492520442,0.9487589657425005,0.07211001560821022,0.2504834,0.9916274120160132
0.3235714285714285,0.898666666666667,0.0,648.7559422099644,0.03162881847464516,0.9521205925243204,0.07210195793458857,0.250797,0.992689930930414
0.3240714285714285,0.9061333333333337,0.0,649.2663250817021,0.031451489682072335,0.9554831216608827,0.07209295747391548,0.2511106,0.993680636297641
0.3245714285714285,0.9136000000000003,0.0,649.7286104382762,0.03127515355655844,0.9588465505938184,0.07208289781581254,0.2514242,0.9945994693940461
0.3250714285714285,0.9210666666666669,0.0,650.1427560679641,0.031099800341091166,0.9622108791491184,0.07207176150901937,0.2517378,0.9954463722746093
0.3255714285714285,0.9285333333333337,0.0,650.5086955530322,0.030925425157131547,0.965576107703932,0.07205955042195626,0.25205140000000004,0.9962212871147599
0.3260714285714285,0.9360000000000004,0.0,650.8263678391844,0.030752023126140605,0.9689422366354086,0.07204626639938172,0.252365,0.9969241560420569
0.3265714285714285,0.943466666666667,0.0,651.0957172430884,0.030579589369579368,0.9723092663206971,0.07203191126019973,0.25267860000000003,0.9975549211361668
0.3270714285714285,0.9509333333333336,0.0,651.3166934597151,0.030408119008908857,0.9756771971369471,0.07201648679525026,0.2529922,0.9981135244288427
0.3275714285714285,0.9584000000000004,0.0,651.4892515701281,0.030237607165590093,0.9790460294613077,0.07199999476508645,0.2533058,0.9985999079039019
0.3280714285714285,0.9658666666666671,0.0,651.613352048764,0.030068048961084105,0.9824157636709282,0.07198243689773472,0.2536194,0.9990140134972045
0.3285714285714285,0.9733333333333337,0.0,651.6889607712452,0.029899439516851915,0.9857864001429578,0.07196381488644217,0.253933,0.9993557830966323
0.3290714285714285,0.9808000000000003,0.0,651.7160490216181,0.029731773954354546,0.9891579392545459,0.07194413038740947,0.2542466,0.9996251585420659
0.3295714285714285,0.9882666666666671,0.0,651.6945935002523,0.029565047395053026,0.9925303813828414,0.07192338501750793,0.2545602,0.9998220816253641
0.3300714285714285,0.9957333333333337,0.0,651.624576331021,0.029399254960408377,0.995903726904994,0.07190158035198746,0.25487380000000004,0.9999464940903416
0.3305714285714285,1.0032000000000003,0.0,651.5059850690782,0.02923439177188162,0.9992779761981526,0.07187871792216538,0.2551874,0.9999983376327474
0.3310714285714285,1.010666666666667,0.0,651.3388127084306,0.029070452950933783,1.0026531296394667,0.07185479921310885,0.25550100000000003,0.9999775539002429
0.3315714285714285,1.0181333333333338,0.0,651.1230576893521,0.02890743361902589,1.0060291876060854,0.07182982566129954,0.2558146,0.9998840844923809
0.3320714285714285,1.0256000000000003,0.0,650.8587239061058,0.02874532889761896,1.0094061504751581,0.07180379865229089,0.25612820000000003,0.9997178709605825
0.3325714285714285,1.033066666666667,0.0,650.5458207143333,0.028584133908174023,1.0127840186238337,0.07177671951834945,0.2564418,0.9994788548081169
0.3330714285714285,1.0405333333333338,0.0,650.1843629388317,0.028423843772152103,1.016162792429262,0.07174858953608959,0.2567554,0.9991669774900784
0.3335714285714285,1.0480000000000005,0.0,649.7743708808674,0.02826445361101422,1.019542472268592,0.07171940992409405,0.257069,0.9987821804133652
0.3340714285714285,1.0554666666666672,0.0,649.3158703260887,0.028105958546221402,1.0229230585189726,0.07168918184052488,0.2573826,0.9983244049366574
0.3345714285714285,1.0629333333333337,0.0,648.8088925517503,0.02794835369923467,1.0263045515575535,0.07165790638072722,0.25769620000000004,0.9977935923703954
0.3350714285714285,1.0704000000000005,0.0,648.2534743344546,0.027791634191515046,1.029686951761484,0.07162558457481881,0.2580098,0.997189683976758
0.3355714285714285,1.0778666666666672,0.0,647.6496579578804,0.02763579514452356,1.0330702595079129,0.07159221738527587,0.25832340000000004,0.9965126209696407
0.3360714285714285,1.0853333333333337,0.0,646.9974912200335,0.027480831679721235,1.03645447517399,0.07155780570450718,0.258637,0.9957623445146332
0.3365714285714285,1.0928000000000004,0.0,646.2970274412364,0.027326738918569092,1.039839599136864,0.0715223503524201,0.25895060000000003,0.9949387957289987
0.3370714285714285,1.1002666666666672,0.0,645.5483254713081,0.02717351198252816,1.0432256317736848,0.07148585207398274,0.2592642,0.9940419156816512
0.3375714285714285,1.107733333333334,0.0,644.7514496975584,0.027021145993059457,1.046612573461601,0.07144831153677293,0.2595778,0.9930716453931341
0.3380714285714285,1.1152000000000006,0.0,643.9064700520216,0.026869636071624008,1.0500004245777623,0.07140972932852703,0.2598914,0.9920279258355978
0.3385714285714285,1.1226666666666671,0.0,643.0134620194101,0.026718977339682842,1.0533891854993176,0.07137010595467969,0.260205,0.9909106979327789
0.3390714285714285,1.1301333333333339,0.0,642.0725066443539,0.02656916491869698,1.0567788566034166,0.07132944183589793,0.26051860000000004,0.9897199025599765
0.3395714285714285,1.1376000000000004,0.0,641.083690539345,0.026420193930127445,1.0601694382672082,0.0712877373056115,0.2608322,0.9884554805440325
0.3400714285714285,1.1450666666666671,0.0,640.0471058921739,0.026272059495435263,1.0635609308678418,0.07124499260753844,0.2611458,0.9871173726633081
0.3405714285714285,1.1525333333333339,0.0,638.9628504735783,0.026124756736081455,1.0669533347824665,0.07120120789320765,0.2614594,0.9857055196476625
0.3410714285714285,1.1600000000000006,0.0,637.8310276448283,0.02597828077352705,1.0703466503882315,0.07115638321947651,0.26177300000000003,0.9842198621784309
0.3415714285714285,1.1674666666666673,0.0,636.651746365382,0.025832626729233067,1.0737408780622866,0.07111051854604766,0.2620866,0.9826603408884024
0.3420714285714285,1.174933333333334,0.0,635.4251212005573,0.025687789724660536,1.0771360181817804,0.07106361373298377,0.26240020000000003,0.9810268963617986
0.3425714285714285,1.1824000000000006,0.0,634.1512723290491,0.025543764881270473,1.0805320711238626,0.07101566853822049,0.2627138,0.979319469134251
0.3430714285714285,1.1898666666666673,0.0,632.8303255507195,0.025400547320523912,1.0839290372656822,0.0709666826150778,0.2630274,0.9775379996927798
0.3435714285714285,1.1973333333333338,0.0,631.4624122940104,0.02525813216388187,1.0873269169843887,0.0709166555097742,0.263341,0.9756824284757707
0.34407142857142853,1.2048000000000005,0.0,630.0476696238661,0.02511651453280537,1.0907257106571309,0.07086558665893719,0.2636546,0.9737526958729547
0.34457142857142853,1.2122666666666673,0.0,628.5862402490422,0.02497568954875544,1.0941254186610585,0.07081347538711981,0.26396820000000004,0.9717487422253841
0.34507142857142853,1.219733333333334,0.0,627.0778986066649,0.024835653793045386,1.0975260484643476,0.0707603294180755,0.2642818,0.9696705034149544
0.34557142857142853,1.2272000000000007,0.0,625.5218919930061,0.02469640559890519,1.1009276176869087,0.07070616704426981,0.26459540000000004,0.9675179081251442
0.34607142857142853,1.2346666666666672,0.0,623.9192747419344,0.024557936836090293,1.1043301097915275,0.07065096822728843,0.264909,0.9652909062209434
0.34657142857142853,1.242133333333334,0.0,622.2701548780695,0.024420243427214126,1.1077335262799808,0.07059473612250078,0.26522260000000003,0.962989436592094
0.34707142857142853,1.2496000000000005,0.0,620.5746465212092,0.024283321294890105,1.1111378686540456,0.07053747383595903,0.2655362,0.9606134379816202
0.34757142857142853,1.2570666666666672,0.0,618.8328699173046,0.024147166361731656,1.1145431384154993,0.07047918442220892,0.2658498,0.958162848985739
0.34807142857142853,1.264533333333334,0.0,617.0449514691586,0.024011774550352208,1.1179493370661189,0.07041987088209856,0.26616340000000005,0.9556376080537725
0.34857142857142853,1.2720000000000007,0.0,615.2110237674232,0.023877141783365176,1.1213564661076814,0.07035953616058002,0.266477,0.9530376534880586
0.34907142857142853,1.2794666666666674,0.0,613.331225621631,0.023743263983383986,1.1247645270419637,0.07029818314451117,0.26679060000000004,0.950362923443862
0.34957142857142853,1.2869333333333342,0.0,611.4057020909506,0.023610137073022067,1.1281735213707431,0.07023581466045171,0.2671042,0.9476133559292846
0.35007142857142853,1.2944000000000007,0.0,609.4346045155664,0.02347775697489284,1.1315834505957967,0.0701724334724583,0.26741780000000004,0.9447888888051771
0.35057142857142853,1.3018666666666674,0.0,607.4180905474415,0.023346119611609723,1.1349943162189016,0.0701080422798769,0.2677314,0.9418894597850485
0.35107142857142853,1.309333333333334,0.0,605.3563241817656,0.023215220905786146,1.138406119741835,0.07004264371513451,0.26804500000000003,0.9389150064349772
0.35157142857142853,1.3168000000000006,0.0,603.2494757880049,0.023085056780035532,1.1418188626663734,0.06997624034152661,0.2683586,0.9358654661735214
0.35207142857142854,1.3242666666666674,0.0,601.0977221411863,0.022955623156971302,1.1452325464942945,0.06990883465101036,0.2686722,0.9327407762716281
0.35257142857142854,1.331733333333334,0.0,598.9012464531705,0.02282691595920688,1.1486471727273753,0.06984042906198998,0.26898580000000005,0.9295408738525442
0.35307142857142854,1.3392000000000008,0.0,596.6602384040222,0.022698931109355693,1.1520627428673924,0.06977102591710949,0.2692994,0.9262656958917261
0.35357142857142854,1.3466666666666676,0.0,594.3748941735358,0.02257166453003116,1.1554792584161235,0.06970062748104083,0.26961300000000005,0.9229151792167484
0.35407142857142854,1.354133333333334,0.0,592.0454164724295,0.02244511214384671,1.1588967208753456,0.06962923593828008,0.2699266,0.9194892605072147
0.35457142857142854,1.3616000000000008,0.0,589.672014574201,0.02231926987341576,1.1623151317468352,0.06955685339093694,0.27024020000000004,0.9159878762946668
0.35507142857142854,1.3690666666666673,0.0,587.2549043462532,0.022194133641351737,1.16573449253237,0.06948348185653638,0.2705538,0.9124109629624929
0.35557142857142854,1.376533333333334,0.0,584.7943082818957,0.022069699370268064,1.169154804733727,0.06940912326581619,0.27086740000000004,0.9087584567458377
0.35607142857142854,1.3840000000000008,0.0,582.2904555317393,0.021945962982778167,1.172576069852683,0.06933377946053265,0.271181,0.9050302937315111
0.35657142857142854,1.3914666666666675,0.0,579.7435819355977,0.021822920401495468,1.1759982893910153,0.06925745219126853,0.27149460000000003,0.9012264098578968
0.35707142857142854,1.3989333333333343,0.0,577.1539300540286,0.02170056754903339,1.1794214648505008,0.06918014311524612,0.27180820000000006,0.8973467409148613
0.35714285714285704,1.3999999999999997,0.0,576.7805021328876,0.021683144636755285,1.1799105680380881,0.06916901890630957,0.271853,0.8967863122073101
