Time [s],Phi [rad],STIM [ ],Fsee [N],Gamma [ ],Lcerel [ ],q [ ],Lmtc [m],fisomrel [ ]
0.0,1.8,1.0,17.967762851518103,1.0499195107811748e-05,1.3793396784754677,0.005000029367778079,0.288653,0.5411396949430128
0.0005,1.79999375,1.0,18.277206992321677,0.005619649611720777,1.3793023363766204,0.012941899219049414,0.2886527375,0.5412300306735878
0.001,1.799975,1.0,21.619165224423586,0.011197337129416729,1.3789382220744129,0.0356111756327092,0.28865195,0.5421104076884024
0.0015,1.79994375,1.0,31.07071381410072,0.016743738231042485,1.3780460778261494,0.07060526220514085,0.2886506375,0.5442639127559471
0.002,1.7999,1.0,53.585183762125254,0.02225902840779488,1.3763679503042734,0.11472204927146408,0.2886488,0.5483009119380102
0.0025,1.79984375,1.0,97.12336196519009,0.027743382166783796,1.3739349540646304,0.16457925764189224,0.28864643749999996,0.5541219710736057
0.003,1.7997750000000001,1.0,160.96392322699856,0.03319697303874857,1.3712141282904382,0.2172849571735536,0.28864354999999997,0.5605869609616394
0.0035,1.79969375,1.0,237.6898291480663,0.03861997357765034,1.368584534091097,0.27061736756720123,0.2886401375,0.5667903100409726
0.004,1.7996,1.0,321.4736958639175,0.04401255537145399,1.366155908992934,0.3229201388588015,0.2886362,0.572480390017724
0.0045000000000000005,1.7994937500000001,1.0,409.27494939247015,0.049374889047312784,1.3639226451886657,0.3730386251558402,0.2886317375,0.5776795545882799
0.005,1.799375,1.0,499.4208604773772,0.054707144262656555,1.3618581860264205,0.42025131379033454,0.28862675,0.5824574400690958
0.0055,1.79924375,1.0,590.7978576788603,0.06000948975266128,1.3599386896683276,0.4641772663563995,0.2886212375,0.5868754454076764
0.006,1.7991000000000001,1.0,682.5255682906153,0.06528209327340101,1.3581462791455057,0.5046832421348306,0.2886152,0.5909797281065994
0.006500000000000001,1.79894375,1.0,773.8890135890686,0.07052512165710459,1.3564671212222417,0.5418037569173279,0.2886086375,0.5948060953046163
0.007,1.798775,1.0,864.2932295072565,0.07573874079723579,1.3548902751672525,0.5756795156523221,0.28860155,0.5983829483154076
0.0075,1.79859375,1.0,953.2497058701797,0.08092311565627229,1.3534066793613395,0.6065124120863087,0.2885939375,0.6017337977767583
0.008,1.7984,1.0,1040.3640914668522,0.08607841024951648,1.3520085633530783,0.6345343345699839,0.2885858,0.6048787350959881
0.0085,1.79819375,1.0,1125.3257767752493,0.09120478778058103,1.3506890780038363,0.6599864566811071,0.2885771375,0.607835365334245
0.009000000000000001,1.797975,1.0,1207.8854125016107,0.09630241014652062,1.3494422368394483,0.6831062287613143,0.28856795,0.6106190150275603
0.0095,1.79774375,1.0,1287.8796527077698,0.10137143917497933,1.3482622899137533,0.7041193170040799,0.2885582375,0.6132441882143778
0.01,1.7975,1.0,1365.1725158170484,0.10641203510468072,1.3471443150193652,0.7232357859269601,0.288548,0.6157232925693106
0.0105,1.79724375,1.0,1439.665172823523,0.11142435694912119,1.3460838753776712,0.740648078784441,0.2885372375,0.6180674464399636
0.011,1.796975,1.0,1511.3128627958629,0.11640856332813507,1.3450766678744899,0.7565305087607045,0.28852595000000003,0.6202872872724459
0.0115,1.79669375,1.0,1580.1162361407996,0.12136481280673603,1.3441185401192561,0.7710398489721167,0.2885141375,0.6223929539100508
0.012,1.7964,1.0,1646.0704805981322,0.12629326185282436,1.3432060072959284,0.7843166333437599,0.28850180000000003,0.6243929737116937
0.0125,1.79609375,1.0,1709.1832968524257,0.1311940657874069,1.342335927713198,0.796486302325496,0.2884889375,0.6262950019028828
0.013000000000000001,1.7957750000000001,1.0,1769.4982419657947,0.13606737987517661,1.3415051665930957,0.8076604682023678,0.28847555,0.6281065726729016
0.0135,1.79544375,1.0,1827.0780810901847,0.14091335842309888,1.340710744475537,0.8179383869177934,0.2884616375,0.6298347850731036
0.014,1.7951000000000001,1.0,1881.9911642616314,0.14573215569888784,1.3399499419076946,0.8274083336736828,0.2884472,0.6314860873627395
0.0145,1.79474375,1.0,1934.2904695621357,0.15052392309430002,1.3392204791255817,0.8361488896206113,0.2884322375,0.6330659009624069
0.015,1.794375,1.0,1984.0499545617167,0.1552888120010919,1.3385200763652128,0.8442299019725225,0.28841675,0.6345795851329418
0.0155,1.79399375,1.0,2031.3519570268872,0.16002697296045013,1.3378465675242517,0.8517135429980873,0.2884007375,0.6360321964670959
0.016,1.7936,1.0,2076.292733199116,0.16473855728503678,1.3371978185755757,0.8586551905147841,0.2883842,0.6374286707521464
0.0165,1.7931937500000001,1.0,2118.9578050423306,0.16942371451595792,1.3365719646843395,0.8651043012745397,0.2883671375,0.6387733182032007
0.017,1.792775,1.0,2159.4138462804694,0.17408259150067387,1.3359674662552412,0.8711051229621042,0.28834955,0.6400697117921983
0.0175,1.7923437500000001,1.0,2197.7382410587456,0.17871533508664492,1.3353827836929786,0.8766972154596335,0.2883314375,0.6413213915891223
0.018000000000000002,1.7919,1.0,2234.0181885507145,0.18332209212133133,1.3348163774022501,0.8819160021615887,0.2883128,0.6425318667832718
0.0185,1.79144375,1.0,2268.3405601163367,0.18790300839370258,1.3342668005168208,0.8867932763458068,0.2882936375,0.6437044198732397
0.019,1.790975,1.0,2300.797764241336,0.1924582303540177,1.3337326297276804,0.8913576045084887,0.28827395,0.6448422571908387
0.0195,1.79049375,1.0,2331.4677400880632,0.19698790215188564,1.3332126544049827,0.895634739641144,0.2882537375,0.6459481088787805
0.02,1.79,1.0,2360.417011771355,0.20149216580014312,1.3327058339203928,0.8996479281657668,0.288233,0.6470243242198215
0.0205,1.78949375,1.0,2387.7171629535383,0.20597116331162696,1.3322111276455748,0.9034181524302008,0.2882117375,0.6480732355499222
0.021,1.788975,1.0,2413.4444150900663,0.21042503669917387,1.3317274949521936,0.9069643820245137,0.28818995000000003,0.6490971590967551
0.021500000000000002,1.78844375,1.0,2437.654798683717,0.21485392649092735,1.331254130197623,0.9103038437470464,0.2881676375,0.6500978993208424
0.022,1.7879,1.0,2460.4573193086326,0.21925797490522853,1.3307897532215067,0.9134520629626603,0.2881448,0.651078249884103
0.0225,1.7873442807037117,1.0,2481.9414883537097,0.22363732159753158,1.3303335474399174,0.9164232359437356,0.2881214597895559,0.6520400109558668
0.023,1.7867854231744107,1.0,2502.544380246426,0.22799210355935448,1.3298851758593788,0.9192303689931381,0.28809798777332524,0.6529839628451107
0.0235,1.7862265656451097,1.0,2522.439462745915,0.23232245778221527,1.3294443014864157,0.921885309260206,0.28807451575709464,0.653910880797601
0.024,1.7856677081158088,1.0,2541.653112418291,0.236628521257632,1.329010587327552,0.9243988639931975,0.288051043740864,0.6548215351606483
0.0245,1.7851088505865076,1.0,2560.212599717015,0.2409104309771227,1.3285836963893118,0.9267809060981976,0.28802757172463334,0.655716691540614
0.025,1.7845499930572066,1.0,2578.142750093989,0.24516832281158948,1.328163322417034,0.9290404724445704,0.2880040997084027,0.6565970466205798
0.025500000000000002,1.7839911355279057,1.0,2595.463839110675,0.24940233204685824,1.3277492085378866,0.9311858497472878,0.28798062769217203,0.6574631897410361
0.026000000000000002,1.7834322779986045,1.0,2612.1965380804504,0.2536125918018879,1.3273411001147244,0.9332246388911737,0.2879571556759414,0.6583157020908227
0.0265,1.7828734204693035,1.0,2628.361892466997,0.25779923489835166,1.3269387445882812,0.935163821852139,0.2879336836597107,0.6591551571653018
0.027,1.7823145629400026,1.0,2643.9795101233153,0.26196239232284,1.3265419078723797,0.9370098222739345,0.2879102116434801,0.6599820867444717
0.0275,1.7817557054107016,1.0,2659.0613770572636,0.26610218728855123,1.3261504307532774,0.9387685637029249,0.2878867396272495,0.6607968639013124
0.028,1.7811968478814004,1.0,2673.6503622501705,0.27021877151722107,1.3257638739788447,0.9404454783207785,0.2878632676110188,0.6616004413593604
0.0285,1.7806379903520995,1.0,2687.761390351839,0.2743122712256581,1.325382060618595,0.9420456084845147,0.2878397955947882,0.662393222664531
0.029,1.7800791328227985,1.0,2701.4097425464115,0.27838281263067083,1.325004813742042,0.9435736145103623,0.2878163235785575,0.6631756091980248
0.029500000000000002,1.7795202752934973,1.0,2714.6110382918255,0.2824305219490679,1.3246319564186992,0.9450338085595844,0.28779285156232687,0.6639480002288514
0.03,1.7789614177641964,1.0,2727.381217753475,0.28645552539765784,1.3242633117180802,0.9464301851148776,0.28776937954609627,0.6647107929643595
0.0305,1.7784025602348954,1.0,2739.736524931537,0.29045794919324924,1.3238987027096987,0.9477664484274742,0.2877459075298656,0.6654643825987698
0.031,1.7778437027055944,1.0,2751.693491483218,0.29443791955265064,1.323537952463068,0.9490460372689792,0.28772243551363497,0.6662091623597117
0.0315,1.7772848451762933,1.0,2763.2689212379537,0.29839556269267065,1.3231808840477015,0.9502721472818676,0.2876989634974043,0.6669455235527619
0.032,1.7767259876469923,1.0,2774.4798754075237,0.3023310048301178,1.3228273205331134,0.9514477511876088,0.28767549148117366,0.6676738556039876
0.0325,1.7761671301176913,1.0,2785.343658489939,0.3062443721818007,1.3224770849888166,0.9525756170809063,0.287652019464943,0.6683945461004961
0.033,1.7756082725883902,1.0,2795.876735507295,0.3101357895974811,1.3221300100883266,0.9536583257454836,0.28762854744871236,0.6691079610985159
0.0335,1.7750494150590892,1.0,2806.0858161688707,0.3140053709873686,1.3217860178356622,0.9546982921367635,0.28760507543248176,0.6698142816500858
0.034,1.7744905575297882,1.0,2815.997125098591,0.31785325645523127,1.3214448567392125,0.9556977589211955,0.2875816034162511,0.6705140436093977
0.0345,1.7739317000004873,1.0,2825.620366617498,0.321679564023826,1.3211064251688873,0.9566588328706523,0.28755813140002046,0.6712074735818169
0.035,1.773372842471186,1.0,2834.9653734082117,0.3254844117159097,1.3207706214945953,0.9575834848199747,0.2875346593837898,0.6718947971491425
0.035500000000000004,1.7728139849418851,1.0,2844.042100479008,0.3292679175542392,1.3204373440862462,0.9584735600212779,0.2875111873675592,0.6725762388869663
0.036000000000000004,1.7722551274125842,1.0,2852.860619356832,0.3330301995615713,1.320106491313749,0.9593307875957362,0.28748771535132855,0.6732520223813798
0.0365,1.771696269883283,1.0,2861.4311125095896,0.33677137576066296,1.3197779615470129,0.9601567891708672,0.2874642433350979,0.6739223702450164
0.037,1.771137412353982,1.0,2869.763867996962,0.34049156417427107,1.3194516531559473,0.9609530867818789,0.28744077131886725,0.6745875041324374
0.0375,1.770578554824681,1.0,2877.869274350699,0.3441908828251524,1.3191274645104611,0.9617211101073168,0.2874172993026366,0.6752476447548609
0.038,1.7700196972953801,1.0,2885.7578156836444,0.347869449736064,1.318805293980464,0.9624622031018646,0.28739382728640595,0.6759030118942282
0.0385,1.769460839766079,1.0,2893.440067027897,0.35152738292976254,1.3184850399358647,0.9631776300826113,0.2873703552701753,0.6765538244166156
0.039,1.768901982236778,1.0,2900.9245642979613,0.3551647959642618,1.318166619487945,0.9638685821766402,0.28734688325394464,0.6772002622564199
0.0395,1.768343124707477,1.0,2908.2166885312186,0.3587817980117948,1.3178499781599715,0.9645361833209332,0.28732341123771404,0.6778424470143675
0.04,1.7677842671781758,1.0,2915.3326723950795,0.3623785222231352,1.317534966495431,0.9651814891297977,0.2872999392214834,0.6784806921324793
0.0405,1.7672254096488749,1.0,2922.2781373122593,0.36595507851794445,1.3172215291485485,0.9658054994535382,0.28727646720525274,0.6791151194026039
0.041,1.766666552119574,1.0,2929.0587515499014,0.36951157681588376,1.316909610773549,0.9664091582265836,0.2872529951890221,0.6797458501255029
0.0415,1.766107694590273,1.0,2935.6802283215225,0.37304812703661444,1.316599156024658,0.9669933571786882,0.2872295231727915,0.6803730051163084
0.042,1.7655488370609718,1.0,2942.1483239572776,0.3765648390997978,1.3162901095561008,0.9675589392627977,0.28720605115656084,0.6809967047097887
0.0425,1.7649899795316708,1.0,2948.468836141903,0.3800618229250951,1.3159824160221025,0.9681067018239128,0.2871825791403302,0.6816170687654175
0.043000000000000003,1.7644311220023698,1.0,2954.6476022204383,0.38353918843216767,1.3156760200768884,0.968637399530972,0.28715910712409953,0.6822342166722446
0.043500000000000004,1.7638722644730687,1.0,2960.690497572135,0.3869970455406768,1.315370866374684,0.9691517470916963,0.2871356351078689,0.6828482673535754
0.044,1.7633134069437677,1.0,2966.603434051936,0.3904355041702837,1.3150668995697141,0.9696504217684937,0.28711216309163823,0.6834593392714531
0.0445,1.7627545494144667,1.0,2972.392358500355,0.39385467424064985,1.3147640643162044,0.9701340657118396,0.2870886910754076,0.684067550430945
0.045,1.7621956918851658,1.0,2978.063251320923,0.39725466567143636,1.3144623052683801,0.9706032881260522,0.287065219059177,0.684673018384235
0.0455,1.7616368343558646,1.0,2983.6218499359584,0.40063558730233395,1.3141615694729387,0.9710586673087653,0.2870417470429463,0.6852758554410074
0.046,1.7610779768265636,1.0,2989.067138769281,0.4039975238987474,1.3138618628929082,0.971500753544874,0.2870182750267157,0.6858760555529124
0.0465,1.7605191192972627,1.0,2994.4120934306006,0.4073406174496127,1.3135630701115142,0.9719300686787287,0.286994803010485,0.6864738554280665
0.047,1.7599602617679615,1.0,2999.6596539362467,0.4106649693262215,1.3132651631912988,0.9723471096632216,0.28697133099425437,0.6870693161056407
0.0475,1.7594014042386605,1.0,3004.8127769120138,0.4139706808998654,1.3129681141948035,0.9727523492477506,0.2869478589780238,0.687662498397157
0.048,1.7588425467093596,1.0,3009.8744350527923,0.41725785354183587,1.3126718951845704,0.9731462373831327,0.2869243869617931,0.688253462888039
0.0485,1.7582836891800586,1.0,3014.8476166004607,0.4205265886234245,1.312376478223141,0.9735292025323613,0.28690091494556247,0.6888422699391182
0.049,1.7577248316507574,1.0,3019.735324837782,0.4237769875159229,1.3120818353730574,0.9739016528943354,0.2868774429293318,0.6894289796880864
0.0495,1.7571659741214565,1.0,3024.540577600731,0.4270091515906226,1.3117879386968612,0.9742639775470782,0.28685397091310116,0.6900136520509004
0.05,1.7566071165921555,1.0,3029.266406807309,0.4302231822188151,1.311494760257094,0.9746165475164372,0.2868304988968705,0.6905963467231361
0.0505,1.7560482590628543,1.0,3033.915858004142,0.4334191807717921,1.3112022721162981,0.9749597167757497,0.28680702688063986,0.6911771231812931
0.051000000000000004,1.7554894015335534,1.0,3038.4919899302813,0.436597248620845,1.3109104463370151,0.97529382318151,0.2867835548644092,0.6917560406840499
0.051500000000000004,1.7549305440042524,1.0,3042.9978740983406,0.4397574871372654,1.3106192549817866,0.975619189349679,0.2867600828481786,0.6923331582734691
0.052000000000000005,1.7543716864749515,1.0,3047.4365943925286,0.442899997692345,1.3103286701131545,0.9759361234768819,0.28673661083194796,0.692908534776151
0.0525,1.7538128289456503,1.0,3051.811246684743,0.44602488165737514,1.3100386637936607,0.9762449201104246,0.2867131388157173,0.6934822288043412
0.053,1.7532539714163493,1.0,3056.1249384673474,0.4491322404036475,1.309749208085847,0.9765458608707286,0.28668966679948665,0.6940542987569854
0.0535,1.7526951138870484,1.0,3060.3762459939876,0.4522221408119027,1.3094603140460643,0.9768392140435102,0.28666619478325606,0.6946247258625997
0.054,1.7521362563577472,1.0,3064.5718295238344,0.45529471993670395,1.309171923370451,0.9771252391783259,0.2866427227670254,0.6951936281869131
0.0545,1.7515773988284462,1.0,3068.714305320327,0.4583500799546513,1.3088840125976386,0.9774041833345236,0.28661925075079475,0.6957610547244318
0.055,1.7510185412991452,1.0,3072.8050770125888,0.4613883130997348,1.308596568731565,0.9776762827771556,0.2865957787345641,0.6963270336961239
0.0555,1.750459683769844,1.0,3076.8455537473933,0.4644095116059444,1.3083095787761694,0.9779417638751893,0.28657230671833345,0.6968915932234089
0.056,1.749900826240543,1.0,3080.8371500568173,0.46741376770726994,1.3080230297353896,0.9782008435975823,0.2865488347021028,0.6974547613285436
0.0565,1.7493419687112421,1.0,3084.7812857290423,0.4704011736377015,1.3077369086131647,0.9784537299805554,0.28652536268587214,0.6980165659349895
0.057,1.7487831111819412,1.0,3088.6793856834242,0.473371821631229,1.307451202413433,0.9787006225679562,0.28650189066964155,0.6985770348677749
0.0575,1.74822425365264,1.0,3092.5328798488904,0.47632580392184226,1.3071658981401328,0.9789417128264709,0.2864784186534109,0.6991361958538442
0.058,1.747665396123339,1.0,3096.3432030463964,0.4792632127435314,1.3068809827972028,0.9791771845373106,0.28645494663718024,0.6996940765223947
0.0585,1.747106538594038,1.0,3100.111794874844,0.4821841403302862,1.3065964433885813,0.9794072141658813,0.2864314746209496,0.7002507044052056
0.059000000000000004,1.746547681064737,1.0,3103.8400996010273,0.4850886789160968,1.306312266918207,0.9796319712108437,0.28640800260471894,0.7008061069369551
0.059500000000000004,1.745988823535436,1.0,3107.5295660530787,0.487976920734953,1.3060284403900184,0.9798516185338606,0.28638453058848834,0.701360311455526
0.06,1.745429966006135,1.0,3111.181647517726,0.49084895802084477,1.305744950807954,0.9800663126712494,0.2863610585722577,0.7019133452023018
0.0605,1.744871108476834,1.0,3114.7978016415086,0.49370488300776216,1.305461785175952,0.9802762041286583,0.28633758655602704,0.7024652353224508
0.061,1.7443122509475328,1.0,3118.3794903354556,0.496544787929695,1.305178930497951,0.980481437659822,0.2863141145397964,0.7030160088652001
0.0615,1.7437533934182319,1.0,3121.9281796835094,0.49936876502063327,1.30489637377789,0.9806821525303676,0.28629064252356573,0.7035656927840981
0.062,1.743194535888931,1.0,3125.4453398550804,0.5021769065145669,1.3046141020197068,0.9808784827675825,0.2862671705073351,0.7041143139372692
0.0625,1.7426356783596297,1.0,3128.9286213119613,0.504969237878134,1.3043321346892618,0.9810705541178977,0.2862436984911044,0.7046618360825161
0.063,1.7420768208303288,1.0,3132.3831603411354,0.5077459296728446,1.304050427697115,0.9812584951271041,0.2862202264748738,0.705208346355872
0.0635,1.7415179633010278,1.0,3135.8098057335783,0.5105070688190841,1.30376897341469,0.9814424253177146,0.2861967544586432,0.7057538609393665
0.064,1.7409591057717269,1.0,3139.209161331065,0.5132527376099464,1.3034877663098738,0.9816224596407975,0.2861732824424125,0.7062983919012864
0.0645,1.7404002482424257,1.0,3142.5818328019864,0.5159830183385252,1.303206800850553,0.9817987089041572,0.28614981042618187,0.7068419512690467
0.065,1.7398413907131247,1.0,3145.9284276112667,0.5186979932979146,1.3029260715046145,0.9819712799518111,0.2861263384099512,0.7073845510292768
0.0655,1.7392825331838238,1.0,3149.249554991097,0.5213977447812084,1.3026455727399446,0.9821402758344402,0.2861028663937206,0.7079262031279046
0.066,1.7387236756545226,1.0,3152.545825911964,0.5240823550815005,1.30236529902443,0.9823057959713268,0.28607939437748997,0.7084669194702391
0.0665,1.7381648181252216,1.0,3155.8178530552696,0.5267519064918847,1.3020852448259577,0.9824679363042683,0.2860559223612593,0.7090067119210498
0.067,1.7376059605959207,1.0,3159.066250785644,0.5294064813054552,1.3018054046124141,0.9826267894439107,0.28603245034502867,0.7095455923046461
0.0675,1.7370471030666197,1.0,3162.291635124536,0.5320461618153056,1.301525772851686,0.9827824448089323,0.286008978328798,0.7100835724049537
0.068,1.7364882455373185,1.0,3165.4946237243416,0.53467103031453,1.30124634401166,0.9829349887584705,0.28598550631256736,0.7106206639655888
0.0685,1.7359293880080175,1.0,3168.6758358429647,0.5372811690962223,1.300967112560223,0.9830845047181684,0.2859620342963367,0.7111568786899303
0.069,1.7353705304787166,1.0,3171.835892319547,0.5398766604534762,1.3006880729652612,0.9832310733001846,0.2859385622801061,0.7116922282411918
0.0695,1.7348116729494154,1.0,3174.97541555028,0.5424575866793857,1.300409219694662,0.9833747724174995,0.28591509026387546,0.7122267242424883
0.07,1.7342528154201144,1.0,3178.095029465602,0.5450240300670447,1.3001305472163114,0.9835156773928274,0.2858916182476448,0.7127603782769052
0.07050000000000001,1.7336939578908135,1.0,3181.1953595073287,0.5475760729095471,1.2998520499980963,0.9836538610624173,0.28586814623141416,0.7132932018875611
0.07100000000000001,1.7331351003615125,1.0,3184.277032606958,0.5501137974999868,1.2995737225079038,0.9837893938750197,0.2858446742151835,0.7138252065776705
0.07150000000000001,1.7325762428322113,1.0,3187.3406771646573,0.5526372861314578,1.29929555921362,0.9839223439862781,0.2858212021989529,0.7143564038106076
0.07200000000000001,1.7320173853029104,1.0,3190.386923028427,0.5551466210970539,1.2990175545831317,0.984052777348778,0.28579773018272225,0.7148868050099613
0.0725,1.7314585277736094,1.0,3193.416401474657,0.5576418846898689,1.298739703084326,0.9841807577979863,0.2857742581664916,0.7154164215595943
0.073,1.7308996702443085,1.0,3196.429718529571,0.5601231580395813,1.298461999409014,0.9843063470796672,0.28575078615026095,0.7159452643774671
0.0735,1.7303408127150073,1.0,3199.4258506994356,0.5625904597109858,1.2981844519410481,0.9844296021536442,0.2857273141340303,0.7164733183055381
0.074,1.7297819551857063,1.0,3202.406848310794,0.5650439466039211,1.2979070432553605,0.9845505846097481,0.28570384211779964,0.7170006172794922
0.0745,1.7292230976564054,1.0,3205.372973286145,0.5674836913992972,1.2976297709612616,0.9846693501942679,0.285680370101569,0.7175271665738104
0.075,1.7286642401271042,1.0,3208.324488200835,0.5699097667780237,1.2973526326680611,0.9847859529325836,0.28565689808533834,0.7180529714457051
0.0755,1.7281053825978032,1.0,3211.261656275918,0.5723222454210106,1.297075625985069,0.9849004451933348,0.28563342606910774,0.7185780371351382
0.076,1.7275465250685023,1.0,3214.18474137084,0.5747212000091674,1.2967987485215953,0.985012877749807,0.2856099540528771,0.7191023688648432
0.0765,1.726987667539201,1.0,3217.09400797695,0.5771067032234037,1.2965219978869498,0.985123299838673,0.28558648203664644,0.7196259718403437
0.077,1.7264288100099001,1.0,3219.989721210355,0.5794788277446296,1.2962453716904427,0.9852317592162182,0.2855630100204158,0.7201488512499727
0.0775,1.7258699524805992,1.0,3222.8721468056247,0.5818376462537544,1.2959688675413836,0.985338302212174,0.2855395380041852,0.7206710122648945
0.078,1.7253110949512982,1.0,3225.7415511087515,0.5841832314316882,1.295692483049083,0.9854429737812722,0.28551606598795454,0.7211924600391191
0.0785,1.724752237421997,1.0,3228.5982010711778,0.5865156559593403,1.2954162158228504,0.9855458175526345,0.2854925939717239,0.7217131997095252
0.079,1.724193379892696,1.0,3231.442364243409,0.5888349925176208,1.2951400634719958,0.9856468758770975,0.28546912195549323,0.7222332363958746
0.0795,1.723634522363395,1.0,3234.274308768753,0.5911413137874393,1.2948640236058293,0.9857461898725716,0.2854456499392626,0.7227525752008321
0.08,1.723075664834094,1.0,3237.094303377439,0.5934346924497055,1.294588093833661,0.9858437994675272,0.28542217792303193,0.7232712212099814
0.0805,1.722516807304793,1.0,3239.902617380609,0.5957152011853292,1.2943122717648003,0.9859397434426991,0.2853987059068013,0.7237891794918441
0.081,1.721957949775492,1.0,3242.69952066462,0.59798291267522,1.2940365550085575,0.9860340594710865,0.2853752338905707,0.7243064550978939
0.0815,1.721399092246191,1.0,3245.485283685146,0.6002378996002876,1.2937609411742428,0.9861267841563324,0.28535176187434,0.7248230530625737
0.082,1.7208402347168898,1.0,3248.260177462196,0.6024802346414418,1.2934854278711658,0.9862179530695565,0.2853282898581094,0.7253389784033123
0.0825,1.720281377187589,1.0,3251.024473574187,0.6047099904795924,1.2932100127086366,0.9863076007847111,0.2853048178418787,0.7258542361205396
0.083,1.719722519658288,1.0,3253.7784441530002,0.6069272397956491,1.292934693295965,0.9863957609125289,0.28528134582564807,0.7263688311977005
0.0835,1.7191636621289867,1.0,3256.5223618787318,0.6091320552705215,1.2926594672424612,0.986482466133125,0.2852578738094175,0.7268827686012718
0.084,1.7186048045996858,1.0,3259.2564999745064,0.6113245095851193,1.2923843321574349,0.9865677482273164,0.2852344017931868,0.7273960532807742
0.0845,1.7180459470703848,1.0,3261.9805553678166,0.61350462600377,1.2921092904464002,0.9866516361638293,0.28521092977695617,0.7279086812337392
0.085,1.7174870895410836,1.0,3264.6951912156774,0.6156725249934136,1.2918343364807572,0.9867341619813603,0.2851874577607255,0.7284206634274113
0.0855,1.7169282320117827,1.0,3267.400654734138,0.6178282822252935,1.2915594680972642,0.9868153550720593,0.28516398574449486,0.7289320043457921
0.08600000000000001,1.7163693744824817,1.0,3270.0970719918405,0.6199719618527592,1.291284684142726,0.9868952435940229,0.2851405137282642,0.7294427065812259
0.08650000000000001,1.7158105169531808,1.0,3272.784569334365,0.6221036280291602,1.291009983463947,0.9869738549576608,0.28511704171203356,0.7299527727178358
0.08700000000000001,1.7152516594238796,1.0,3275.4632733821604,0.6242233449078463,1.290735364907732,0.9870512158498372,0.2850935696958029,0.7304622053315304
0.08750000000000001,1.7146928018945786,1.0,3278.133311028249,0.6263311766421671,1.2904608273208855,0.9871273522571083,0.2850700976795723,0.7309710069900087
0.088,1.7141339443652777,1.0,3280.7948094360695,0.628427187385472,1.2901863695502123,0.9872022894880872,0.28504662566334166,0.7314791802527667
0.0885,1.7135750868359767,1.0,3283.447896037746,0.6305114412911109,1.2899119904425165,0.9872760521949829,0.285023153647111,0.7319867276711041
0.089,1.7130162293066755,1.0,3286.092698531846,0.6325840025124334,1.289637688844603,0.9873486643943379,0.28499968163088035,0.732493651788128
0.0895,1.7124573717773746,1.0,3288.7293448814917,0.6346449352027891,1.2893634636032767,0.9874201494870081,0.28497620961464976,0.73299995513876
0.09,1.7118985142480736,1.0,3291.357963312103,0.6366943035155275,1.2890893135653416,0.9874905302774081,0.2849527375984191,0.7335056402497436
0.0905,1.7113396567187724,1.0,3293.9786823098607,0.6387321716039983,1.2888152375776027,0.98755982899206,0.28492926558218845,0.7340107096396458
0.091,1.7107807991894715,1.0,3296.5916306195413,0.6407586036215511,1.2885412344868645,0.9876280672974692,0.2849057935659578,0.7345151658188657
0.0915,1.7102219416601705,1.0,3299.1969372427493,0.6427736637215357,1.2882673031399317,0.9876952663173569,0.28488232154972715,0.7350190112896389
0.092,1.7096630841308693,1.0,3301.794731436032,0.6447774160573014,1.2879934423836086,0.9877614466492772,0.2848588495334965,0.7355222485460431
0.0925,1.7091042266015684,1.0,3304.3851427090594,0.6467699247821981,1.2877196510647,0.98782662838064,0.28483537751726584,0.7360248800740028
0.093,1.7085453690722674,1.0,3306.96830082287,0.6487512540495752,1.2874459280300103,0.9878908311041693,0.28481190550103525,0.7365269083512951
0.0935,1.7079865115429664,1.0,3309.5443357878567,0.6507214680127825,1.2871722721263446,0.9879540739328148,0.2847884334848046,0.7370283358475533
0.094,1.7074276540136653,1.0,3312.113377862543,0.6526806308251696,1.2868986822005068,0.9880163755141402,0.28476496146857394,0.7375291650242748
0.0945,1.7068687964843643,1.0,3314.6755575514467,0.654628806640086,1.286625157099302,0.9880777540442119,0.2847414894523433,0.738029398334823
0.095,1.7063099389550633,1.0,3317.231005603661,0.6565660596108815,1.2863516956695344,0.988138227281004,0.2847180174361127,0.7385290382244335
0.0955,1.7057510814257624,1.0,3319.7796514429892,0.6584924194454813,1.2860782984193315,0.9881978113944984,0.28469454541988204,0.7390280840991706
0.096,1.7051922238964612,1.0,3322.321703143657,0.6604079730697592,1.2858049635605089,0.9882565241097919,0.2846710734036514,0.7395265395541333
0.0965,1.7046333663671602,1.0,3324.85734512529,0.662312798918537,1.2855316895026463,0.9883143824374312,0.28464760138742073,0.7400244078117487
0.097,1.7040745088378593,1.0,3327.3866441762243,0.6642069536181321,1.285258475626364,0.9883714022623002,0.2846241293711901,0.7405216903167189
0.0975,1.703515651308558,1.0,3329.9096672233823,0.666090493794862,1.2849853213122822,0.9884275990992947,0.28460065735495943,0.74101838850936
0.098,1.7029567937792571,1.0,3332.4264813316663,0.6679634760750442,1.2847122259410206,0.988482988103888,0.2845771853387288,0.7415145038256035
0.0985,1.7023979362499562,1.0,3334.9371537028924,0.6698259570849961,1.2844391888931994,0.9885375840823483,0.2845537133224981,0.7420100376969988
0.099,1.701839078720655,1.0,3337.441751675165,0.6716779934510353,1.2841662095494388,0.9885914015016163,0.2845302413062675,0.7425049915507156
0.0995,1.701280221191354,1.0,3339.94034272201,0.6735196417994791,1.2838932872903583,0.9886444544988601,0.2845067692900369,0.7429993668095474
0.1,1.700721363662053,1.0,3342.432994451366,0.6753509587566451,1.2836204214965785,0.9886967568907153,0.2844832972738062,0.7434931648919105
0.1005,1.700162506132752,1.0,3344.919774605352,0.6771720009488507,1.2833476115487192,0.9887483221822263,0.28445982525757557,0.7439863872118498
0.101,1.699603648603451,1.0,3347.4007510589486,0.6789828250024134,1.2830748568274004,0.9887991635754955,0.2844363532413449,0.7444790351790394
0.1015,1.69904479107415,1.0,3349.8759918196733,0.6807834875436507,1.282802156713242,0.9888492939780563,0.2844128812251143,0.7449711101987849
0.10200000000000001,1.698485933544849,1.0,3352.345565026245,0.68257404519888,1.2825295105868644,0.9888987260109753,0.28438940920888367,0.7454626136720246
0.10250000000000001,1.6979270760155478,1.0,3354.8095389485275,0.6843545545944187,1.2822569178288872,0.9889474720166954,0.284365937192653,0.7459535469953342
0.10300000000000001,1.6973682184862469,1.0,3357.2679819863224,0.6861250723565845,1.2819843778199307,0.9889955440666318,0.28434246517642237,0.7464439115609266
0.10350000000000001,1.696809360956946,1.0,3359.7209626688536,0.6878856551116947,1.2817118899406148,0.9890429539685248,0.2843189931601917,0.7469337087566548
0.10400000000000001,1.696250503427645,1.0,3362.1685496539085,0.6896363594860668,1.2814394535715596,0.9890897132735629,0.28429552114396106,0.7474229399660138
0.1045,1.6956916458983438,1.0,3364.610811727266,0.6913772421060183,1.2811670680933853,0.9891358332832814,0.2842720491277304,0.747911606568143
0.105,1.6951327883690428,1.0,3367.0478178018875,0.6931083595978665,1.2808947328867117,0.9891813250562466,0.2842485771114998,0.748399709937828
0.1055,1.6945739308397418,1.0,3369.4796369171845,0.6948297685879292,1.2806224473321588,0.9892261994145318,0.28422510509526916,0.7488872514455032
0.106,1.6940150733104407,1.0,3371.906338238515,0.6965415257025236,1.2803502108103468,0.9892704669499932,0.2842016330790385,0.7493742324572515
0.1065,1.6934562157811397,1.0,3374.3279195342816,0.6982436655740694,1.2800780232865967,0.989314137383815,0.28417816106280785,0.7498606532904101
0.107,1.6928973582518387,1.0,3376.7444368530605,0.6999362469407127,1.2798058842501339,0.9893572209444096,0.28415468904657726,0.7503465151116093
0.1075,1.6923385007225378,1.0,3379.156020524741,0.7016193498564458,1.2795337925842174,0.9893997282630789,0.2841312170303466,0.75083182016417
0.108,1.6917796431932366,1.0,3381.5627090311727,0.7032930243036913,1.2792617479238906,0.989441668878031,0.28410774501411595,0.7513165693446856
0.1085,1.6912207856639356,1.0,3383.9645409325326,0.7049573202648719,1.2789897499041958,0.9894830521307318,0.2840842729978853,0.7518007635471757
0.109,1.6906619281346347,1.0,3386.3615548670873,0.7066122877224099,1.2787177981601758,0.9895238871709369,0.28406080098165465,0.7522844036630851
0.1095,1.6901030706053335,1.0,3388.753789550526,0.7082579766587279,1.2784458923268738,0.989564182961572,0.284037328965424,0.7527674905812851
0.11,1.6895442130760325,1.0,3391.1412837761022,0.7098944370562487,1.2781740320393322,0.9896039482834733,0.28401385694919334,0.7532500251880758
0.1105,1.6889853555467316,1.0,3393.5240764137466,0.7115217188973947,1.277902216932594,0.9896431917399849,0.2839903849329627,0.7537320083671859
0.111,1.6884264980174306,1.0,3395.9022064101077,0.7131398721645884,1.2776304466417021,0.9896819217614238,0.2839669129167321,0.7542134409997736
0.1115,1.6878676404881294,1.0,3398.275712787744,0.7147489468402526,1.277358720801699,0.9897201466094134,0.28394344090050144,0.7546943239644298
0.112,1.6873087829588285,1.0,3400.6446346452426,0.7163489929068096,1.2770870390476277,0.9897578743810929,0.2839199688842708,0.7551746581371763
0.1125,1.6867499254295275,1.0,3403.0090111565646,0.7179400603466822,1.276815401014531,0.9897951130132027,0.28389649686804014,0.7556544443914682
0.113,1.6861910679002263,1.0,3405.3688815707656,0.7195221991422929,1.2765438063374515,0.9898318702860549,0.2838730248518095,0.7561336835981957
0.1135,1.6856322103709254,1.0,3407.724285211716,0.7210954592760641,1.2762722546514322,0.9898681538273885,0.2838495528355789,0.7566123766256829
0.114,1.6850733528416244,1.0,3410.0752614774947,0.7226598907304187,1.2760007455915159,0.9899039711161147,0.28382608081934824,0.7570905243396917
0.1145,1.6845144953123234,1.0,3412.4218498403725,0.724215543487779,1.2757292787927454,0.9899393294859572,0.2838026088031176,0.7575681276034198
0.115,1.6839556377830223,1.0,3414.7640898463223,0.7257624675305676,1.2754578538901633,0.9899742361289866,0.28377913678688693,0.7580451872775046
0.1155,1.6833967802537213,1.0,3417.1020211146433,0.7273007128412071,1.2751864705188127,0.9900086980990589,0.2837556647706563,0.7585217042200211
0.116,1.6828379227244203,1.0,3419.4356833376205,0.7288303294021202,1.274915128313736,0.9900427223151552,0.2837321927544256,0.7589976792864861
0.1165,1.6822790651951192,1.0,3421.765116280303,0.7303513671957294,1.2746438269099767,0.9900763155646283,0.283708720738195,0.7594731133298558
0.117,1.6817202076658182,1.0,3424.090359780134,0.731863876204457,1.2743725659425769,0.99010948450636,0.2836852487219644,0.7599480072005304
0.11750000000000001,1.6811613501365172,1.0,3426.411414976037,0.7333678850568434,1.2741013453611134,0.9901422351160644,0.2836617767057337,0.7604223611965167
0.11800000000000001,1.6806024926072163,1.0,3428.728267360946,0.7348634175738796,1.2738301652422097,0.9901745731354691,0.2836383046895031,0.7608961753935719
0.11850000000000001,1.680043635077915,1.0,3431.041057403664,0.7363505836720634,1.2735590244060428,0.9902065064262542,0.2836148326732724,0.7613694520599938
0.11900000000000001,1.6794847775486141,1.0,3433.349807445105,0.7378294267273589,1.2732879226318379,0.990238040989218,0.2835913606570418,0.7618421917843579
0.11950000000000001,1.6789259200193132,1.0,3435.6545398728263,0.7392999901157298,1.2730168596988194,0.9902691827148625,0.28356788864081117,0.7623143951536836
0.12,1.678367062490012,1.0,3437.955277121247,0.7407623172131403,1.2727458353862124,0.9902999373859399,0.2835444166245805,0.7627860627534346
0.1205,1.677808204960711,1.0,3440.252041671015,0.7422164513955546,1.272474849473242,0.9903303106799336,0.28352094460834987,0.7632571951675194
0.121,1.67724934743141,1.0,3442.5448560492955,0.7436624360389364,1.2722039017391331,0.9903603081714712,0.2834974725921192,0.763727792978292
0.1215,1.6766904899021091,1.0,3444.83374282907,0.74510031451925,1.2719329919631106,0.9903899353346747,0.28347400057588856,0.7641978567665524
0.122,1.676131632372808,1.0,3447.118724629393,0.7465301302124593,1.2716621199243994,0.9904191975454486,0.2834505285596579,0.7646673871115475
0.1225,1.675572774843507,1.0,3449.399824114945,0.7479519264945282,1.2713912854022242,0.9904481000837086,0.28342705654342726,0.7651363845909709
0.123,1.675013917314206,1.0,3451.677063996036,0.7493657467414211,1.2711204881758102,0.990476648135551,0.28340358452719666,0.7656048497809641
0.1235,1.674455059784905,1.0,3453.9504670280157,0.7507716343291015,1.2708497280243822,0.9905048467953653,0.283380112510966,0.7660727832561167
0.124,1.6738962022556039,1.0,3456.220056011645,0.752169632633534,1.2705790047271655,0.9905327010678943,0.28335664049473536,0.7665401855894661
0.1245,1.673337344726303,1.0,3458.4858537926175,0.7535597850306822,1.2703083180633843,0.9905602158702383,0.2833331684785047,0.767007057352501
0.125,1.672778487197002,1.0,3460.7478832614593,0.7549421348965102,1.270037667812264,0.990587396033809,0.2833096964622741,0.7674733991151574
0.1255,1.6722196296677008,1.0,3463.006167353122,0.7563167256069822,1.2697670537530295,0.9906142463062334,0.28328622444604346,0.7679392114458231
0.126,1.6716607721383998,1.0,3465.260729047141,0.757683600538062,1.2694964756649054,0.9906407713532092,0.2832627524298128,0.7684044949113362
0.1265,1.6711019146090988,1.0,3467.5115913672744,0.7590428030657139,1.2692259333271172,0.990666975760312,0.28323928041358215,0.7688692500769855
0.127,1.6705430570797977,1.0,3469.758777381436,0.7603943765659017,1.2689554265188894,0.9906928640347578,0.2832158083973515,0.7693334775065124
0.1275,1.6699841995504967,1.0,3472.00231020134,0.7617383644145894,1.268684955019447,0.9907184406071199,0.28319233638112085,0.7697971777621102
0.128,1.6694253420211957,1.0,3474.2422129824704,0.7630748099877411,1.268414518608015,0.9907437098330044,0.2831688643648902,0.7702603514044248
0.1285,1.6688664844918946,1.0,3476.478508923875,0.764403756661321,1.2681441170638181,0.9907686759946817,0.28314539234865954,0.7707229989925555
0.129,1.6683076269625936,1.0,3478.7112212681427,0.7657252478112928,1.2678737501660815,0.9907933433026781,0.28312192033242894,0.7711851210840553
0.1295,1.6677487694332926,1.0,3480.940373300749,0.7670393268136209,1.26760341769403,0.9908177158973285,0.2830984483161983,0.7716467182349314
0.13,1.6671899119039917,1.0,3483.1659883504844,0.768346037044269,1.2673331194268886,0.9908417978502899,0.28307497629996764,0.7721077909996457
0.1305,1.6666310543746905,1.0,3485.388089788946,0.7696454218792012,1.267062855143882,0.9908655931660171,0.283051504283737,0.7725683399311156
0.131,1.6660721968453895,1.0,3487.606701030564,0.7709375246943815,1.2667926246242354,0.9908891057832028,0.2830280322675064,0.7730283655807137
0.1315,1.6655133393160886,1.0,3489.82177097835,0.7722223253769607,1.2665224282464882,0.9909123381161651,0.28300456025127574,0.7734878674795777
0.132,1.6649544817867876,1.0,3492.0333945567586,0.7734999381642376,1.2662522652153132,0.9909352956196026,0.2829810882350451,0.773946847154702
0.1325,1.6643956242574864,1.0,3494.2415865384287,0.7747704015114605,1.2659821353803582,0.9909579819292419,0.28295761621881443,0.7744053050334975
0.133,1.6638367667281855,1.0,3496.446360344343,0.7760337526230672,1.2657120386023755,0.9909804005939306,0.2829341442025838,0.7748632415235004
0.1335,1.6632779091988845,1.0,3498.647729424566,0.7772900287034953,1.2654419747421177,0.9910025551057392,0.28291067218635313,0.7753206570312657
0.134,1.6627190516695833,1.0,3500.845707258296,0.7785392669571825,1.2651719436603377,0.9910244489011331,0.2828872001701225,0.7757775519623683
0.1345,1.6621601941402824,1.0,3503.0403073536863,0.7797815045885664,1.2649019452177879,0.9910460853621148,0.2828637281538918,0.7762339267214035
0.135,1.6616013366109814,1.0,3505.2315432477435,0.7810167788020846,1.2646319792752212,0.9910674678173416,0.28284025613766123,0.7766897817119863
0.1355,1.6610424790816802,1.0,3507.419428506044,0.782245126802175,1.26436204569339,0.9910885995432154,0.2828167841214306,0.7771451173367538
0.136,1.6604836215523793,1.0,3509.6039767230404,0.7834665857932749,1.264092144333047,0.9911094837649477,0.2827933121051999,0.777599933997363
0.1365,1.6599247640230783,1.0,3511.7852015217413,0.7846811929798222,1.2638222750549448,0.9911301236576009,0.28276984008896927,0.7780542320944932
0.137,1.6593659064937774,1.0,3513.963116553496,0.7858889855662544,1.2635524377198362,0.9911505223471029,0.2827463680727387,0.778508012027844
0.1375,1.6588070489644762,1.0,3516.137735498013,0.7870900007570093,1.2632826321884734,0.9911706829112413,0.282722896056508,0.7789612741961386
0.138,1.6582481914351752,1.0,3518.309072063255,0.7882842757565245,1.2630128583216096,0.9911906083806324,0.28269942404027737,0.7794140189971203
0.1385,1.6576893339058743,1.0,3520.477139985572,0.7894718477692376,1.2627431159799969,0.9912103017396691,0.2826759520240467,0.7798662468275571
0.139,1.6571304763765733,1.0,3522.6419530290013,0.7906527539995863,1.2624734050243882,0.9912297659274473,0.28265248000781606,0.7803179580832381
0.1395,1.656571618847272,1.0,3524.803524985806,0.7918270316520083,1.2622037253155363,0.9912490038386708,0.2826290079915854,0.7807691531589758
0.14,1.6560127613179711,1.0,3526.961869676119,0.7929947179309411,1.2619340767141936,0.9912680183245351,0.28260553597535476,0.7812198324486064
0.1405,1.6554539037886702,1.0,3529.117000947733,0.7941558500408225,1.2616644590811126,0.9912868121935933,0.28258206395912416,0.7816699963449897
0.14100000000000001,1.654895046259369,1.0,3531.2689326760797,0.79531046518609,1.2613948722770463,0.9913053882126,0.2825585919428935,0.7821196452400085
0.14150000000000001,1.654336188730068,1.0,3533.417678764322,0.7964586005711815,1.261125316162747,0.9913237491073369,0.28253511992666286,0.782568779524571
0.14200000000000002,1.653777331200767,1.0,3535.5632531430315,0.7976002934005344,1.2608557905989672,0.9913418975634223,0.2825116479104322,0.7830173995886089
0.14250000000000002,1.653218473671466,1.0,3537.7056697701382,0.7987355808785864,1.2605862954464602,0.9913598362270986,0.28248817589420155,0.7834655058210784
0.14300000000000002,1.652659616142165,1.0,3539.844942631052,0.7998645002097754,1.260316830565978,0.9913775677060059,0.28246470387797096,0.7839130986099614
0.14350000000000002,1.652100758612864,1.0,3541.981085738054,0.8009870885985387,1.2600473958182734,0.9913950945699359,0.2824412318617403,0.7843601783422648
0.14400000000000002,1.651541901083563,1.0,3544.114113130832,0.8021033832493142,1.2597779910640992,0.9914124193515705,0.28241775984550965,0.7848067454040205
0.1445,1.650983043554262,1.0,3546.244038875868,0.8032134213665393,1.259508616164208,0.9914295445472044,0.282394287829279,0.7852528001802863
0.145,1.6504241860249609,1.0,3548.370847229399,0.8043172005333348,1.2592392712172193,0.9914464717908372,0.28237081581304835,0.7856983426618782
0.1455,1.64986532849566,1.0,3550.494570124671,0.8054147874968443,1.2589699559417082,0.991463204131424,0.2823473437968177,0.7861433734679518
0.146,1.649306470966359,1.0,3552.6152297949425,0.8065062331510466,1.258700670133917,0.9914797442463693,0.28232387178058704,0.7865878930875712
0.1465,1.6487476134370578,1.0,3554.732834828024,0.8075915694069371,1.2584314136990626,0.9914960943834127,0.2823003997643564,0.7870319018287754
0.147,1.6481887559077568,1.0,3556.847393831731,0.8086708281755111,1.258162186542362,0.9915122567587166,0.2822769277481258,0.7874753999989371
0.1475,1.6476298983784559,1.0,3558.958915433601,0.8097440413677636,1.2578929885690322,0.9915282335574553,0.28225345573189514,0.7879183879047609
0.148,1.6470710408491547,1.0,3561.0674082811274,0.8108112408946899,1.2576238196842897,0.9915440269343956,0.2822299837156645,0.788360865852285
0.1485,1.6465121833198537,1.0,3563.1728810414766,0.8118724586672853,1.257354679793352,0.9915596390144624,0.28220651169943384,0.7888028341468791
0.149,1.6459533257905528,1.0,3565.27534240165,0.812927726596545,1.2570855688014355,0.9915750718932947,0.28218303968320324,0.7892442930932474
0.1495,1.6453944682612516,1.0,3567.3748010679374,0.8139770765934643,1.2568164866137577,0.9915903276377872,0.2821595676669726,0.7896852429954262
0.15,1.6448356107319506,1.0,3569.4712657664923,0.8150205405690383,1.2565474331355349,0.9916054082866235,0.28213609565074194,0.7901256841567866
0.1505,1.6442767532026497,1.0,3571.564745242897,0.8160581504342622,1.2562784082719844,0.9916203158507971,0.2821126236345113,0.7905656168800321
0.151,1.6437178956733487,1.0,3573.6552482621787,0.8170899381001314,1.2560094119283232,0.9916350523141206,0.28208915161828063,0.7910050414672007
0.1515,1.6431590381440475,1.0,3575.7427836086717,0.818115935477641,1.255740444009768,0.9916496196337266,0.28206567960205,0.7914439582196644
0.152,1.6426001806147466,1.0,3577.82736008611,0.8191361744777863,1.2554715044215357,0.9916640197405555,0.2820422075858193,0.7918823674381291
0.1525,1.6420413230854456,1.0,3579.9089865176425,0.8201506870115625,1.2552025930688433,0.9916782545398365,0.28201873556958873,0.7923202694226351
0.153,1.6414824655561446,1.0,3581.9876717452084,0.8211595049899648,1.2549337098569076,0.9916923259115561,0.2819952635533581,0.7927576644725577
0.1535,1.6409236080268434,1.0,3584.0634246302698,0.8221626603239884,1.2546648546909458,0.9917062357109185,0.2819717915371274,0.7931945528866055
0.154,1.6403647504975425,1.0,3586.1362540531477,0.8231601849246286,1.2543960274761747,0.9917199857687965,0.2819483195208968,0.7936309349628232
0.1545,1.6398058929682415,1.0,3588.2061689134184,0.8241521107028806,1.2541272281178113,0.9917335778921726,0.2819248475046661,0.7940668109985902
0.155,1.6392470354389403,1.0,3590.273178129513,0.8251384695697397,1.2538584565210722,0.9917470138645718,0.2819013754884355,0.7945021812906214
0.1555,1.6386881779096394,1.0,3592.3372906385475,0.826119293436201,1.2535897125911748,0.991760295446486,0.28187790347220487,0.7949370461349661
0.156,1.6381293203803384,1.0,3594.3985153968674,0.8270946142132599,1.2533209962333356,0.9917734243757894,0.2818544314559742,0.7953714058270102
0.1565,1.6375704628510372,1.0,3596.4568613794618,0.8280644638119113,1.2530523073527717,0.9917864023681447,0.28183095943974357,0.7958052606614744
0.157,1.6370116053217363,1.0,3598.5123375799803,0.8290288741431509,1.2527836458547,0.9917992311174039,0.2818074874235129,0.796238610932416
0.1575,1.6364527477924353,1.0,3600.5649530107894,0.8299878771179735,1.2525150116443375,0.9918119122959983,0.28178401540728226,0.7966714569332273
0.158,1.6358938902631344,1.0,3602.614716702952,0.8309415046473746,1.252246404626901,0.9918244475553222,0.2817605433910516,0.7971037989566381
0.1585,1.6353350327338332,1.0,3604.6616270568597,0.8318897680018461,1.2519778247918383,0.9918368381278212,0.28173707137482096,0.7975356371593547
0.159,1.6347761752045322,1.0,3606.7056899155946,0.8328326960315192,1.2517092720697967,0.9918490855684529,0.28171359935859036,0.7979669717923887
0.1595,1.6342173176752313,1.0,3608.746927403621,0.8337703487393376,1.251440746262832,0.991861192010751,0.2816901273423597,0.7983978033124683
0.16,1.6336584601459303,1.0,3610.7853453214516,0.8347027534960044,1.251172247302271,0.9918731589381585,0.28166665532612906,0.7988281319678788
0.1605,1.6330996026166291,1.0,3612.820949484212,0.8356299376722226,1.2509037751194403,0.9918849878157936,0.2816431833098984,0.7992579580064201
0.161,1.6325407450873282,1.0,3614.8537457216025,0.8365519286386952,1.250635329645666,0.9918966800907633,0.2816197112936678,0.7996872816754091
0.1615,1.6319818875580272,1.0,3616.88373987763,0.8374687537661255,1.2503669108122752,0.9919082371924742,0.28159623927743715,0.800116103221678
0.162,1.631423030028726,1.0,3618.910937811096,0.8383804404252164,1.2500985185505944,0.9919196605329365,0.2815727672612065,0.8005444228915752
0.1625,1.630864172499425,1.0,3620.9353453950653,0.839287015986671,1.2498301527919498,0.9919309515070606,0.28154929524497585,0.8009722409309663
0.163,1.630305314970124,1.0,3622.9569685170895,0.8401885078211925,1.2495618134676683,0.9919421114929504,0.2815258232287452,0.801399557585232
0.1635,1.629746457440823,1.0,3624.975813079092,0.8410849432994839,1.2492935005090764,0.9919531418521896,0.28150235121251455,0.8018263730992702
0.164,1.629187599911522,1.0,3626.991884997327,0.8419763497922483,1.2490252138475004,0.991964043930124,0.2814788791962839,0.8022526877174958
0.1645,1.628628742382221,1.0,3629.0051902023015,0.8428627546701889,1.2487569534142675,0.9919748190561367,0.2814554071800533,0.8026785016838391
0.165,1.6280698848529198,1.0,3631.015734638775,0.8437441853040086,1.2484887191407037,0.9919854685439204,0.28143193516382264,0.803103815241749
0.1655,1.6275110273236189,1.0,3633.0235242657545,0.8446206690644106,1.2482205109581357,0.9919959936917422,0.281408463147592,0.8035286286341902
0.166,1.626952169794318,1.0,3635.028565056381,0.8454922333220979,1.2479523287978902,0.9920063957827058,0.28138499113136134,0.8039529421036447
0.1665,1.626393312265017,1.0,3637.030862998004,0.8463589054477737,1.2476841725912937,0.9920166760850075,0.2813615191151307,0.8043767558921118
0.167,1.6258344547357158,1.0,3639.0304240919872,0.847220712812141,1.247416042269673,0.9920268358521886,0.2813380470989001,0.8048000702411078
0.1675,1.6252755972064148,1.0,3641.0272543537117,0.8480776827859029,1.2471479377643542,0.9920368763233812,0.28131457508266944,0.8052228853916674
0.168,1.6247167396771138,1.0,3643.021359812683,0.8489298427397625,1.246879859006664,0.9920467987235517,0.2812911030664388,0.805645201584342
0.1685,1.6241578821478129,1.0,3645.0127465122687,0.8497772200444229,1.2466118059279294,0.9920566042637388,0.28126763105020813,0.8060670190592005
0.169,1.6235990246185117,1.0,3647.0014205099233,0.8506198420705872,1.2463437784594764,0.9920662941412873,0.2812441590339775,0.8064883380558304
0.1695,1.6230401670892107,1.0,3648.9873878768435,0.8514577361889584,1.246075776532632,0.9920758695400778,0.28122068701774683,0.8069091588133359
0.17,1.6224813095599098,1.0,3650.9706546981606,0.8522909297702396,1.2458078000787227,0.9920853316307517,0.2811972150015162,0.8073294815703402
0.1705,1.6219224520306086,1.0,3652.9512270728237,0.853119450185134,1.2455398490290748,0.9920946815709343,0.2811737429852855,0.8077493065649846
0.171,1.6213635945013076,1.0,3654.9291111135603,0.8539433248043445,1.2452719233150151,0.9921039205054492,0.2811502709690549,0.8081686340349278
0.1715,1.6208047369720067,1.0,3656.9043129467636,0.8547625809985745,1.24500402286787,0.9921130495665352,0.2811267989528243,0.8085874642173476
0.17200000000000001,1.6202458794427055,1.0,3658.87683660753,0.85557724050139,1.2447361476354928,0.9921220697718306,0.2811033269365936,0.809005797323145
0.17250000000000001,1.6196870219134045,1.0,3660.846677037883,0.8563873021393352,1.2444682976371944,0.9921309817132097,0.28107985492036297,0.8094236334514419
0.17300000000000001,1.6191281643841036,1.0,3662.8138541213566,0.8571928323396857,1.2442004726965934,0.992139787195676,0.2810563829041324,0.8098409730062511
0.17350000000000002,1.6185693068548026,1.0,3664.778371960691,0.8579938545788446,1.2439326727613211,0.9921484872325174,0.2810329108879017,0.8102578161974433
0.17400000000000002,1.6180104493255014,1.0,3666.7402346702142,0.858790392333215,1.2436648977790086,0.9921570828260267,0.28100943887167107,0.8106741632345195
0.17450000000000002,1.6174515917962005,1.0,3668.699446375435,0.8595824690792,1.243397147697287,0.9921655749676763,0.2809859668554404,0.8110900143266107
0.17500000000000002,1.6168927342668995,1.0,3670.6560112130887,0.8603701082932027,1.2431294224637877,0.992173964638293,0.28096249483920976,0.8115053696824779
0.17550000000000002,1.6163338767375985,1.0,3672.609933331185,0.8611533334516263,1.2428617220261418,0.9921822528082266,0.2809390228229791,0.8119202295105136
0.176,1.6157750192082974,1.0,3674.5612168889406,0.8619321680308737,1.2425940463319807,0.9921904404375186,0.28091555080674846,0.8123345940187399
0.1765,1.6152161616789964,1.0,3676.5098660568656,0.8627066355073482,1.2423263953289352,0.992198528476066,0.28089207879051786,0.8127484634148107
0.177,1.6146573041496954,1.0,3678.4558850163526,0.8634767593574528,1.242058768964637,0.9922065178637834,0.2808686067742872,0.8131618379060093
0.1775,1.6140984466203943,1.0,3680.3992779600303,0.8642425630575906,1.241791167186717,0.9922144095307618,0.28084513475805656,0.8135747176992508
0.178,1.6135395890910933,1.0,3682.3400490917725,0.8650040700841648,1.2415235899428065,0.9922222043974247,0.2808216627418259,0.8139871030010811
0.1785,1.6129807315617923,1.0,3684.2782026264786,0.8657613039135784,1.2412560371805368,0.9922299033746826,0.2807981907255953,0.8143989940176768
0.179,1.6124218740324914,1.0,3686.213742789779,0.8665142880222346,1.240988508847539,0.9922375073640834,0.28077471870936466,0.8148103909548458
0.1795,1.6118630165031902,1.0,3688.1466738186546,0.8672630458865365,1.2407210048914443,0.9922450172579613,0.280751246693134,0.8152212940180269
0.18,1.6113041589738892,1.0,3690.07699996095,0.8680076009828871,1.240453525259884,0.992252433939583,0.28072777467690335,0.8156317034122905
0.1805,1.6107453014445883,1.0,3692.004725475424,0.8687479767876894,1.2401860699004894,0.9922597582832909,0.2807043026606727,0.8160416193423381
0.181,1.610186443915287,1.0,3693.9298546319083,0.8694841967773469,1.2399186387608914,0.9922669911546461,0.28068083064444205,0.816451042012503
0.1815,1.6096275863859861,1.0,3695.8523917108255,0.8702162844282624,1.2396512317887216,0.9922741334105646,0.2806573586282114,0.8168599716267488
0.182,1.6090687288566852,1.0,3697.772341003845,0.8709442632168389,1.2393838489316107,0.9922811858994567,0.28063388661198074,0.8172684083886728
0.1825,1.6085098713273842,1.0,3699.689706813209,0.8716681566194799,1.2391164901371905,0.9922881494613603,0.28061041459575015,0.8176763525015016
0.183,1.607951013798083,1.0,3701.604493451966,0.8723879881125881,1.2388491553530918,0.992295024928073,0.2805869425795195,0.8180838041680951
0.1835,1.607392156268782,1.0,3703.5167052441425,0.8731037811725669,1.2385818445269459,0.9923018131232824,0.28056347056328884,0.8184907635909446
0.184,1.606833298739481,1.0,3705.4263465242484,0.8738155592758192,1.238314557606384,0.9923085148626947,0.2805399985470582,0.8188972309721729
0.1845,1.60627444121018,1.0,3707.33342163779,0.8745233458987482,1.2380472945390377,0.9923151309541597,0.28051652653082754,0.8193032065135352
0.185,1.605715583680879,1.0,3709.2379349409707,0.8752271645177571,1.2377800552725375,0.9923216621977952,0.28049305451459694,0.819708690416419
0.1855,1.605156726151578,1.0,3711.1398908002843,0.8759270386092487,1.2375128397545152,0.9923281093861084,0.2804695824983663,0.820113682881843
0.186,1.6045978686222768,1.0,3713.039278718388,0.8766229398982243,1.2372456480485268,0.9923344724120265,0.28044611048213564,0.8205181839350593
0.1865,1.6040390110929759,1.0,3714.936117483513,0.8773149434645047,1.2369784799899175,0.9923407529456694,0.280422638465905,0.8209221939466462
0.187,1.603480153563675,1.0,3716.8304130376337,0.8780030797161961,1.2367113355142938,0.9923469518765725,0.28039916644967433,0.821325713134692
0.1875,1.602921296034374,1.0,3718.7221682844147,0.8786873684097738,1.2364442145810177,0.9923530699036383,0.2803756944334437,0.821728741681013
0.188,1.6023624385050728,1.0,3720.611386136446,0.8793678293017133,1.2361771171494516,0.99235910771915,0.280352222417213,0.8221312797671373
0.1885,1.6018035809757718,1.0,3722.498069515375,0.8800444821484898,1.2359100431789578,0.9923650660088718,0.28032875040098243,0.8225333275743056
0.189,1.6012447234464708,1.0,3724.382221351498,0.8807173467065786,1.2356429926288985,0.9923709454521455,0.2803052783847518,0.8229348852834721
0.1895,1.6006858659171699,1.0,3726.263844584396,0.8813864427324553,1.2353759654586363,0.9923767467219883,0.2802818063685211,0.8233359530753025
0.19,1.6001270083878687,1.0,3728.1429421624885,0.8820517899825948,1.235108961627533,0.9923824704851871,0.2802583343522905,0.8237365311301761
0.1905,1.5995681508585677,1.0,3730.0195170430907,0.8827134082134728,1.2348419810949511,0.9923881174023925,0.2802348623360599,0.8241366196281844
0.191,1.5990092933292668,1.0,3731.8935721922,0.8833713171815644,1.2345750238202529,0.9923936881282105,0.2802113903198292,0.8245362187491321
0.1915,1.5984504357999656,1.0,3733.7651105848963,0.8840255366433449,1.2343080897628005,0.9923991833112933,0.28018791830359857,0.8249353286725365
0.192,1.5978915782706646,1.0,3735.634135205017,0.8846760863552898,1.2340411788819565,0.9924046035944293,0.2801644462873679,0.8253339495776276
0.1925,1.5973327207413637,1.0,3737.5006490452083,0.8853229860738745,1.2337742911370828,0.9924099496146302,0.28014097427113727,0.8257320816433497
0.193,1.5967738632120625,1.0,3739.3646551068323,0.8859662555555741,1.233507426487542,0.9924152220032186,0.2801175022549066,0.8261297250483582
0.1935,1.5962150056827615,1.0,3741.22615640025,0.886605914556864,1.2332405848926962,0.9924204213859127,0.28009403023867596,0.8265268799710236
0.194,1.5956561481534606,1.0,3743.0851559443413,0.8872419828342196,1.2329737663119076,0.9924255483829104,0.2800705582224453,0.8269235465894282
0.1945,1.5950972906241596,1.0,3744.9416567668295,0.8878744801441162,1.2327069707045384,0.9924306036089727,0.2800470862062147,0.8273197250813684
0.195,1.5945384330948584,1.0,3746.7956619039524,0.888503426243029,1.2324401980299513,0.9924355876735054,0.28002361418998406,0.8277154156243528
0.1955,1.5939795755655575,1.0,3748.6471744009045,0.8891288408874336,1.2321734482475082,0.9924405011806383,0.2800001421737534,0.8281106183956047
0.196,1.5934207180362565,1.0,3750.496197311392,0.889750743833805,1.2319067213165715,0.9924453447293061,0.27997667015752276,0.82850533357206
0.1965,1.5928618605069556,1.0,3752.342733697959,0.8903691548386189,1.2316400171965034,0.9924501189133248,0.27995319814129216,0.8288995613303687
0.197,1.5923030029776544,1.0,3754.1867866313514,0.8909840936583503,1.2313733358466663,0.9924548243214701,0.2799297261250615,0.8292933018468934
0.1975,1.5917441454483534,1.0,3756.028359191343,0.8915955800494747,1.2311066772264223,0.9924594615375519,0.27990625410883085,0.8296865552977113
0.198,1.5911852879190524,1.0,3757.8674544660985,0.8922036337684673,1.2308400412951337,0.9924640311404896,0.2798827820926002,0.8300793218586129
0.1985,1.5906264303897513,1.0,3759.704075552423,0.8928082745718037,1.230573428012163,0.9924685337043858,0.27985931007636955,0.8304716017051017
0.199,1.5900675728604503,1.0,3761.5382255555496,0.8934095222159589,1.2303068373368722,0.9924729697985982,0.2798358380601389,0.8308633950123964
0.1995,1.5895087153311493,1.0,3763.3699075893883,0.8940073964574085,1.2300402692286236,0.9924773399878114,0.27981236604390824,0.8312547019554284
0.2,1.5889498578018482,1.0,3765.1991247762344,0.8946019170526276,1.2297737236467798,0.9924816448321069,0.2797888940276776,0.8316455227088433
0.2005,1.5883910002725472,1.0,3767.025880246943,0.8951931037580917,1.2295072005507026,0.9924858848870335,0.279765422011447,0.8320358574470011
0.201,1.5878321427432462,1.0,3768.8501771407155,0.8957809763302761,1.2292406998997547,0.9924900607036736,0.27974194999521634,0.8324257063439752
0.2015,1.587273285213945,1.0,3770.67201860531,0.896365554525656,1.228974221653298,0.9924941728287132,0.2797184779789857,0.8328150695735536
0.202,1.586714427684644,1.0,3772.4914077968288,0.896946858100707,1.228707765770695,0.992498221804506,0.27969500596275504,0.8332039473092375
0.2025,1.5861555701553431,1.0,3774.308339489845,0.8975248642695851,1.2284413322761618,0.9925022074678497,0.27967153394652444,0.8335923396297584
0.203,1.5855967126260422,1.0,3776.122824215792,0.8980996317547078,1.2281749210721462,0.9925061309967141,0.2796480619302938,0.8339802467911985
0.20350000000000001,1.585037855096741,1.0,3777.9348660795263,0.8986711871459139,1.2279085321108703,0.992509993033477,0.27962458991406314,0.8343676689766213
0.20400000000000001,1.58447899756744,1.0,3779.744467192074,0.899239546850433,1.2276421653600262,0.992513794048645,0.2796011178978325,0.8347546063462962
0.20450000000000002,1.583920140038139,1.0,3781.5516296719866,0.8998047272754948,1.2273758207873062,0.992517534508965,0.27957764588160183,0.835141059060264
0.20500000000000002,1.5833612825088381,1.0,3783.3563556449335,0.9003667448283286,1.2271094983604025,0.9925212148774744,0.2795541738653712,0.8355270272783365
0.20550000000000002,1.582802424979537,1.0,3785.158647243802,0.900925615916164,1.2268431980470076,0.9925248356135576,0.27953070184914053,0.835912511160096
0.20600000000000002,1.582243567450236,1.0,3786.958506608918,0.9014813569462309,1.226576919814813,0.9925283971729957,0.2795072298329099,0.8362975108648972
0.20650000000000002,1.581684709920935,1.0,3788.755935887754,0.9020339843257585,1.2263106636315115,0.9925319000080194,0.2794837578166793,0.836682026551865
0.20700000000000002,1.5811258523916338,1.0,3790.5509372348006,0.9025835144619765,1.2260444294647952,0.9925353445673594,0.2794602858004486,0.8370660583798955
0.20750000000000002,1.5805669948623329,1.0,3792.3435128119363,0.9031299637621144,1.2257782172823561,0.9925387312962964,0.279436813784218,0.8374496065076569
0.20800000000000002,1.580008137333032,1.0,3794.1336647882576,0.9036733486334018,1.2255120270518867,0.9925420606367111,0.2794133417679873,0.8378326710935878
0.2085,1.579449279803731,1.0,3795.9213953399862,0.9042136854830682,1.2252458587410788,0.9925453330271333,0.2793898697517567,0.8382152522958991
0.209,1.5788904222744298,1.0,3797.706706650297,0.9047509907183433,1.224979712317625,0.9925485489027888,0.2793663977355261,0.8385973502725725
0.2095,1.5783315647451288,1.0,3799.489600909729,0.9052852807464564,1.2247135877492172,0.9925517086956485,0.2793429257192954,0.8389789651813612
0.21,1.5777727072158279,1.0,3801.2700803158596,0.9058165719746374,1.2244474850035476,0.992554812834474,0.27931945370306477,0.8393600971797904
0.2105,1.577213849686527,1.0,3803.0481470733303,0.9063448808101157,1.2241814040483088,0.9925578617448647,0.2792959816868341,0.8397407464251561
0.211,1.5766549921572257,1.0,3804.8238033940197,0.9068702236601207,1.2239153448511926,0.9925608558493036,0.27927250967060346,0.8401209130745265
0.2115,1.5760961346279247,1.0,3806.597051496645,0.9073926169318821,1.2236493073798913,0.9925637955672016,0.2792490376543728,0.8405005972847414
0.212,1.5755372770986238,1.0,3808.3678936072865,0.9079120770326295,1.223383291602097,0.9925666813149426,0.2792255656381422,0.8408797992124123
0.2125,1.5749784195693226,1.0,3810.136331958599,0.9084286203695924,1.2231172974855022,0.992569513505927,0.27920209362191156,0.8412585190139219
0.213,1.5744195620400216,1.0,3811.9023687906456,0.9089422633500004,1.222851324997799,0.9925722925506155,0.2791786216056809,0.8416367568454253
0.2135,1.5738607045107207,1.0,3813.6660063504196,0.909453022381083,1.2225853741066794,0.9925750188565714,0.27915514958945026,0.8420145128628493
0.214,1.5733018469814195,1.0,3815.4272468918302,0.9099609138700698,1.2223194447798358,0.9925776928285028,0.2791316775732196,0.8423917872218927
0.2145,1.5727429894521185,1.0,3817.1860926759164,0.9104659542241904,1.22205353698496,0.9925803148683046,0.279108205556989,0.842768580078026
0.215,1.5721841319228176,1.0,3818.9425459703675,0.9109681598506743,1.221787650689745,0.9925828853750991,0.27908473354075836,0.8431448915864914
0.2155,1.5716252743935166,1.0,3820.69660905013,0.9114675471567509,1.2215217858618823,0.9925854047452768,0.2790612615245277,0.8435207219023034
0.216,1.5710664168642154,1.0,3822.4482841969234,0.9119641325496501,1.2212559424690643,0.9925878733725366,0.27903778950829705,0.843896071180249
0.2165,1.5705075593349145,1.0,3824.1975736994614,0.9124579324366012,1.2209901204789835,0.9925902916479252,0.2790143174920664,0.8442709395748864
0.217,1.5699487018056135,1.0,3825.9444798532777,0.912948963224834,1.2207243198593316,0.9925926599598758,0.27899084547583575,0.8446453272405468
0.2175,1.5693898442763123,1.0,3827.6890049609083,0.9134372413215777,1.220458540577801,0.9925949786942471,0.2789673734596051,0.8450192343313332
0.218,1.5688309867470114,1.0,3829.4311513316006,0.9139227831340622,1.220192782602084,0.9925972482343604,0.27894390144337444,0.8453926610011205
0.2185,1.5682721292177104,1.0,3831.170921281612,0.9144056050695167,1.2199270458998728,0.9925994689610385,0.27892042942714385,0.8457656074035563
0.219,1.5677132716884095,1.0,3832.9083124226127,0.9148856891749314,1.219661330474997,0.9926016407039804,0.2788969574109132,0.8461380736414355
0.2195,1.5671544141591083,1.0,3834.643331331827,0.9153630821791243,1.2193956362625529,0.9926037643242163,0.27887348539468254,0.8465100599137423
0.22,1.5665955566298073,1.0,3836.3759809584867,0.9158378072991983,1.2191299632255332,0.9926058403040444,0.2788500133784519,0.846881566380027
0.2205,1.5660366991005064,1.0,3838.106262908442,0.9163098781609227,1.2188643113372857,0.9926078689702816,0.2788265413622213,0.8472525931851266
0.221,1.5654778415712052,1.0,3839.834178793345,0.9167793083900674,1.2185986805711582,0.9926098506475662,0.27880306934599064,0.8476231404736887
0.2215,1.5649189840419042,1.0,3841.559730231297,0.917246111612402,1.2183330709004982,0.9926117856583899,0.27877959732976,0.8479932083901722
0.222,1.5643601265126033,1.0,3843.282918846334,0.917710301453696,1.2180674822986532,0.9926136743231256,0.27875612531352933,0.8483627970788474
0.2225,1.563801268983302,1.0,3845.0037462686428,0.9181718915397192,1.217801914738971,0.992615516960059,0.2787326532972987,0.8487319066837948
0.223,1.5632424114540011,1.0,3846.7222141343186,0.9186308954962411,1.2175363681947988,0.9926173138854161,0.27870918128106803,0.849100537348906
0.2235,1.5626835539247002,1.0,3848.438324085702,0.9190873269490315,1.2172708426394847,0.9926190654133936,0.2786857092648374,0.8494686892178835
0.224,1.5621246963953992,1.0,3850.152077771094,0.91954119952386,1.2170053380463761,0.9926207718561861,0.2786622372486068,0.8498363624342411
0.2245,1.561565838866098,1.0,3851.8634768447423,0.9199925268464961,1.2167398543888204,0.9926224335240151,0.27863876523237613,0.850203557141304
0.225,1.561006981336797,1.0,3853.572522966909,0.9204413225427097,1.2164743916401655,0.9926240507251566,0.2786152932161455,0.8505702734822075
0.2255,1.560448123807496,1.0,3855.279217804013,0.9208876002382702,1.216208949773759,0.9926256237659682,0.2785918211999148,0.8509365115998986
0.226,1.5598892662781951,1.0,3856.983563028384,0.9213313735589473,1.2159435287629483,0.9926271529509176,0.27856834918368417,0.8513022716371356
0.2265,1.559330408748894,1.0,3858.6855603182885,0.9217726561305107,1.2156781285810812,0.9926286385826076,0.2785448771674536,0.851667553736488
0.227,1.558771551219593,1.0,3860.385211357918,0.9222114615787301,1.2154127492015052,0.9926300809618043,0.2785214051512229,0.8520323580403362
0.2275,1.558212693690292,1.0,3862.082517837494,0.922647803529375,1.215147390597568,0.992631480387462,0.27849793313499227,0.8523966846908722
0.228,1.5576538361609908,1.0,3863.777481453217,0.9230816956082152,1.2148820527426172,0.99263283715675,0.2784744611187616,0.8527605338300992
0.2285,1.5570949786316899,1.0,3865.470103907175,0.9235131514410201,1.2146167356100002,0.9926341515650782,0.27845098910253097,0.8531239055998319
0.229,1.556536121102389,1.0,3867.1603869072537,0.9239421846535596,1.2143514391730648,0.9926354239061218,0.2784275170863003,0.8534868001416962
0.2295,1.5559772635730877,1.0,3868.848332167398,0.9243688088716031,1.2140861634051585,0.9926366544718471,0.27840404507006966,0.8538492175971294
0.23,1.5554184060437868,1.0,3870.533941407482,0.9247930377209205,1.213820908279629,0.9926378435525357,0.278380573053839,0.8542111581073805
0.2305,1.5548595485144858,1.0,3872.2172163531027,0.9252148848272812,1.2135556737698239,0.9926389914368089,0.2783571010376084,0.8545726218135095
0.231,1.5543006909851849,1.0,3873.8981587356434,0.925634363816455,1.2132904598490908,0.9926400984116521,0.27833362902137776,0.8549336088563884
0.2315,1.5537418334558837,1.0,3875.576770292655,0.9260514883142116,1.2130252664907772,0.9926411647624391,0.2783101570051471,0.8552941193767007
0.232,1.5531829759265827,1.0,3877.253052767217,0.9264662719463205,1.212760093668231,0.9926421907729543,0.27828668498891646,0.8556541535149412
0.2325,1.5526241183972818,1.0,3878.927007908631,0.9268787283385513,1.2124949413547994,0.992643176725418,0.27826321297268586,0.856013711411417
0.233,1.5520652608679808,1.0,3880.5986374714657,0.9272888711166738,1.2122298095238304,0.9926441229005075,0.2782397409564552,0.8563727932062457
0.2335,1.5515064033386796,1.0,3882.267943216567,0.9276967139064576,1.2119646981486714,0.9926450295773817,0.27821626894022455,0.8567313990393579
0.234,1.5509475458093787,1.0,3883.9349269103377,0.9281022703336722,1.2116996072026698,0.9926458970337019,0.2781927969239939,0.8570895290504953
0.23450000000000001,1.5503886882800777,1.0,3885.599590325041,0.9285055540240874,1.2114345366591734,0.9926467255456556,0.27816932490776325,0.8574471833792112
0.23500000000000001,1.5498298307507765,1.0,3887.2619352386696,0.9289065786034728,1.2111694864915301,0.9926475153879772,0.2781458528915326,0.8578043621648708
0.23550000000000001,1.5492709732214756,1.0,3888.921960540899,0.929305329970539,1.2109044566951261,0.9926482664006898,0.27812238087530194,0.8581610655170079
0.23600000000000002,1.5487121156921746,1.0,3890.579670708774,0.9297018452327656,1.2106394472228346,0.9926489792230792,0.27809890885907135,0.858517293602228
0.23650000000000002,1.5481532581628734,1.0,3892.2350679893502,0.9300961446178253,1.2103744580445615,0.9926496542288412,0.2780754368428407,0.8588730465639575
0.23700000000000002,1.5475944006335725,1.0,3893.888153652349,0.9304882394415592,1.2101094891376993,0.9926502916510532,0.27805196482661004,0.8592283245353796
0.23750000000000002,1.5470355431042715,1.0,3895.538928972673,0.930878141019808,1.20984454047964,0.9926508917215202,0.2780284928103794,0.8595831276495176
0.23800000000000002,1.5464766855749703,1.0,3897.18739523055,0.9312658606684127,1.209579612047776,0.9926514546707937,0.27800502079414874,0.8599374560392338
0.23850000000000002,1.5459178280456694,1.0,3898.8335537114835,0.9316514097032139,1.209314703819499,0.9926519807281875,0.27798154877791814,0.8602913098372305
0.23900000000000002,1.5453589705163684,1.0,3900.4774057059717,0.9320347994400526,1.2090498157722012,0.9926524701217968,0.2779580767616875,0.8606446891760483
0.23950000000000002,1.5448001129870672,1.0,3902.118952509885,0.9324160411947696,1.2087849478832748,0.992652923078514,0.27793460474545684,0.8609975941880683
0.24,1.5442412554577665,1.0,3903.758195424302,0.9327951462832059,1.208520100130112,0.9926533398240469,0.2779111327292262,0.8613500250055104
0.2405,1.5436823979284653,1.0,3905.3951357555375,0.9331721260212021,1.2082552724901048,0.9926537205829342,0.27788766071299553,0.8617019817604343
0.241,1.5431235403991643,1.0,3907.029774815015,0.9335469917245992,1.2079904649406454,0.9926540655785634,0.2778641886967649,0.862053464584739
0.2415,1.5425646828698634,1.0,3908.6621139193735,0.9339197547092379,1.207725677459126,0.9926543750331861,0.2778407166805342,0.862404473610163
0.242,1.5420058253405622,1.0,3910.2921543904213,0.9342904262909593,1.2074609100229385,0.9926546491679357,0.2778172446643036,0.862755008968285
0.2425,1.5414469678112612,1.0,3911.91989755516,0.934659017785604,1.2071961626094752,0.992654888202842,0.277793772648073,0.8631050707905228
0.243,1.5408881102819603,1.0,3913.5453447455034,0.9350255405090129,1.2069314351961282,0.9926550923568477,0.2777703006318423,0.8634546592081332
0.2435,1.540329252752659,1.0,3915.1684972988573,0.9353900057770268,1.2066667277602896,0.9926552618478253,0.2777468286156117,0.8638037743522141
0.244,1.5397703952233581,1.0,3916.789356557476,0.9357524249054867,1.2064020402793516,0.9926553968925906,0.277723356599381,0.864152416353702
0.2445,1.5392115376940572,1.0,3918.4079238690088,0.9361128092102333,1.206137372730706,0.9926554977069204,0.2776998845831504,0.8645005853433736
0.245,1.538652680164756,1.0,3920.0242005858163,0.9364711700071076,1.2058727250917456,0.9926555645055655,0.2776764125669198,0.8648482814518449
0.2455,1.538093822635455,1.0,3921.638188065751,0.9368275186119501,1.2056080973398617,0.992655597502268,0.2776529405506891,0.8651955048095725
0.246,1.537534965106154,1.0,3923.249887671437,0.9371818663406021,1.205343489452447,0.9926555969097749,0.27762946853445847,0.8655422555468519
0.2465,1.536976107576853,1.0,3924.859300770851,0.9375342245089041,1.2050789014068937,0.9926555629398531,0.2776059965182278,0.8658885337938189
0.247,1.536417250047552,1.0,3926.466428736877,0.937884604432697,1.2048143331805932,0.992655495803305,0.27758252450199716,0.8662343396804495
0.2475,1.535858392518251,1.0,3928.0712729474594,0.9382330174278218,1.2045497847509383,0.9926553957099816,0.2775590524857665,0.8665796733365587
0.248,1.53529953498895,1.0,3929.6738347857436,0.9385794748101192,1.204285256095321,0.9926552628687976,0.2775355804695359,0.866924534891802
0.2485,1.534740677459649,1.0,3931.274115639561,0.9389239878954301,1.2040207471911333,0.9926550974877462,0.27751210845330526,0.867268924475675
0.249,1.5341818199303479,1.0,3932.8721169020837,0.9392665679995953,1.2037562580157675,0.9926548997739122,0.2774886364370746,0.8676128422175128
0.2495,1.533622962401047,1.0,3934.4678399714617,0.9396072264384556,1.2034917885466152,0.9926546699334862,0.27746516442084396,0.8679562882464912
0.25,1.533064104871746,1.0,3936.061286250853,0.939945974527852,1.2032273387610692,0.9926544081717785,0.27744169240461336,0.868299262691625
0.2505,1.5325052473424448,1.0,3937.652457148175,0.9402828235836252,1.2029629086365214,0.9926541146932331,0.2774182203883827,0.86864176568177
0.251,1.5319463898131438,1.0,3939.2413540766515,0.9406177849216162,1.2026984981503637,0.9926537897014402,0.27739474837215206,0.8689837973456218
0.2515,1.5313875322838428,1.0,3940.8279784542838,0.9409508698576656,1.2024341072799885,0.992653433399151,0.2773712763559214,0.8693253578117159
0.252,1.5308286747545417,1.0,3942.4123271912786,0.9412820517360672,1.2021697360369197,0.9926530454029425,0.27734780433969075,0.8696664471644204
0.2525,1.5302698172252407,1.0,3943.994405840518,0.9416113733914414,1.2019053843673382,0.992652626400114,0.2773243323234601,0.8700070655723132
0.253,1.5297109596959397,1.0,3945.574217121733,0.9419388579487101,1.201641052238905,0.9926521767730047,0.27730086030722945,0.8703472131759796
0.2535,1.5291521021666385,1.0,3947.151762033037,0.942264514599733,1.2013767396323414,0.9926516966883709,0.2772773882909988,0.8706868900990057
0.254,1.5285932446373376,1.0,3948.7270415769613,0.9425883525363702,1.201112446528368,0.9926511863122329,0.27725391627476814,0.8710260964648415
0.2545,1.5280343871080366,1.0,3950.3000567607614,0.9429103809504814,1.2008481729077065,0.9926506458098856,0.27723044425853755,0.8713648323967986
0.255,1.5274755295787357,1.0,3951.870808596016,0.9432306090339266,1.2005839187510774,0.9926500753459094,0.2772069722423069,0.8717030980180522
0.2555,1.5269166720494347,1.0,3953.4392980990892,0.9435490459785659,1.200319684039202,0.9926494750841803,0.27718350022607624,0.8720408934516398
0.256,1.5263578145201335,1.0,3955.005526290733,0.9438657009762591,1.2000554687528016,0.9926488451878802,0.2771600282098456,0.8723782188204618
0.2565,1.5257989569908326,1.0,3956.5694941963884,0.944180583218866,1.199791272872597,0.9926481858195069,0.277136556193615,0.8727150742472816
0.257,1.5252400994615316,1.0,3958.1312028457846,0.9444937018982466,1.1995270963793092,0.9926474971408837,0.27711308417738434,0.8730514598547253
0.2575,1.5246812419322304,1.0,3959.6906532733274,0.9448050662062608,1.1992629392536593,0.9926467793131709,0.2770896121611537,0.8733873757652821
0.258,1.5241223844029295,1.0,3961.247846518011,0.9451146853347685,1.1989988014763686,0.9926460324968737,0.27706614014492303,0.8737228221013037
0.2585,1.5235635268736285,1.0,3962.802783623172,0.9454225684756298,1.198734683028158,0.9926452568518529,0.2770426681286924,0.874057798985005
0.259,1.5230046693443273,1.0,3964.3554656366387,0.9457287248207042,1.1984705838897487,0.9926444525373356,0.27701919611246173,0.8743923065384638
0.2595,1.5224458118150264,1.0,3965.905893610921,0.9460331635618521,1.1982065040418615,0.9926436197119222,0.2769957240962311,0.8747263448836211
0.26,1.5218869542857254,1.0,3967.454068602849,0.9463358938909332,1.1979424434652177,0.992642758533599,0.2769722520800005,0.8750599141422802
0.2605,1.5213280967564242,1.0,3968.9999916735596,0.9466369249998073,1.1976784021405382,0.9926418691597445,0.27694878006376983,0.8753930144361086
0.261,1.5207692392271233,1.0,3970.5436638889673,0.9469362660803344,1.1974143800485444,0.9926409517471414,0.2769253080475392,0.8757256458866355
0.2615,1.5202103816978223,1.0,3972.0850863193186,0.9472339263243746,1.197150377169957,0.9926400064519846,0.2769018360313085,0.8760578086152542
0.262,1.5196515241685213,1.0,3973.6242600393043,0.9475299149237876,1.1968863934854972,0.9926390334298899,0.2768783640150779,0.8763895027432206
0.2625,1.5190926666392202,1.0,3975.161186127889,0.9478242410704333,1.1966224289758862,0.9926380328359042,0.2768548919988473,0.8767207283916536
0.263,1.5185338091099192,1.0,3976.6958656687025,0.9481169139561717,1.1963584836218448,0.9926370048245138,0.2768314199826166,0.877051485681536
0.2635,1.5179749515806182,1.0,3978.2282997496377,0.9484079427728628,1.1960945574040944,0.9926359495496533,0.27680794796638597,0.8773817747337127
0.264,1.5174160940513173,1.0,3979.758489463073,0.9486973367123663,1.1958306503033558,0.9926348671647146,0.2767844759501553,0.8777115956688928
0.2645,1.516857236522016,1.0,3981.28643590583,0.9489851049665423,1.19556676230035,0.992633757822556,0.27676100393392467,0.8780409486076479
0.265,1.5162983789927151,1.0,3982.8121401790454,0.9492712567272507,1.1953028933757985,0.9926326216755099,0.276737531917694,0.8783698336704129
0.2655,1.5157395214634142,1.0,3984.335603388202,0.9495558011863513,1.195039043510422,0.992631458875393,0.27671405990146336,0.8786982509774864
0.266,1.515180663934113,1.0,3985.856826643239,0.9498387475357041,1.1947752126849416,0.9926302695735125,0.2766905878852327,0.8790262006490299
0.2665,1.514621806404812,1.0,3987.3758110585836,0.950120104967169,1.1945114008800786,0.9926290539206768,0.2766671158690021,0.8793536828050682
0.267,1.514062948875511,1.0,3988.8925577526297,0.9503998826726059,1.1942476080765538,0.9926278120672029,0.27664364385277146,0.8796806975654896
0.2675,1.51350409134621,1.0,3990.407067848558,0.9506780898438747,1.1939838342550884,0.9926265441629241,0.2766201718365408,0.880007245050046
0.268,1.512945233816909,1.0,3991.919342473699,0.9509547356728354,1.1937200793964033,0.9926252503571994,0.27659669982031015,0.880333325378352
0.2685,1.512386376287608,1.0,3993.4293827597567,0.9512298293513478,1.19345634348122,0.9926239307989209,0.27657322780407956,0.880658938669886
0.269,1.5118275187583068,1.0,3994.9371898426484,0.951503380071272,1.193192626490259,0.9926225856365221,0.2765497557878489,0.8809840850439901
0.2695,1.5112686612290058,1.0,3996.4427648627675,0.9517753970244677,1.192928928404242,0.9926212150179857,0.27652628377161825,0.881308764619869
0.27,1.5107098036997049,1.0,3997.946108964703,0.9520458894027949,1.1926652492038896,0.9926198190908518,0.2765028117553876,0.8816329775165915
0.2705,1.510150946170404,1.0,3999.4472232974676,0.9523148663981136,1.1924015888699229,0.9926183980022258,0.27647933973915695,0.8819567238530905
0.271,1.509592088641103,1.0,4000.94610901433,0.9525823372022835,1.1921379473830631,0.9926169518987855,0.2764558677229263,0.882280003748161
0.2715,1.5090332311118018,1.0,4002.4427672083984,0.9528483097574411,1.1918743247245147,0.9926154809076491,0.27643239570669564,0.8826028173198708
0.272,1.5084743735825008,1.0,4003.9371974208475,0.9531127553842407,1.1916107208871618,0.9926139845946245,0.27640892369046505,0.882925164671882
0.2725,1.5079155160531998,1.0,4005.429403178375,0.953375726451601,1.1913471358340046,0.9926124637664634,0.2763854516742344,0.8832470459442697
0.273,1.5073566585238987,1.0,4006.91938529358,0.9536372303110059,1.1910835695484512,0.9926109185400516,0.27636197965800374,0.8835684612519841
0.2735,1.5067978009945977,1.0,4008.40714458301,0.9538972743139397,1.1908200220139098,0.9926093490318937,0.2763385076417731,0.8838894107098565
0.274,1.5062389434652967,1.0,4009.8926818672726,0.9541558658118863,1.1905564932137886,0.9926077553581206,0.2763150356255425,0.8842098944325999
0.2745,1.5056800859359956,1.0,4011.375997970714,0.9544130121563297,1.1902929831314957,0.9926061376344947,0.27629156360931184,0.8845299125348096
0.275,1.5051212284066946,1.0,4012.857093721886,0.954668720698754,1.1900294917504395,0.9926044959764161,0.2762680915930812,0.884849465130962
0.2755,1.5045623708773936,1.0,4014.335969953224,0.9549229987906432,1.189766019054028,0.9926028304989287,0.27624461957685054,0.8851685523354155
0.276,1.5040035133480925,1.0,4015.812627501118,0.9551758537834815,1.1895025650256692,0.9926011413167253,0.2762211475606199,0.8854871742624107
0.2765,1.5034446558187915,1.0,4017.287067205825,0.9554272930287528,1.1892391296487719,0.9925994285441544,0.27619767554438923,0.8858053310260692
0.277,1.5028857982894905,1.0,4018.7592899117035,0.9556773238779412,1.1889757129067435,0.9925976922952247,0.2761742035281586,0.8861230227403956
0.2775,1.5023269407601896,1.0,4020.2292964668445,0.9559259536825309,1.188712314782993,0.992595932683612,0.2761507315119279,0.8864402495192748
0.278,1.5017680832308886,1.0,4021.697087723589,0.9561731897940056,1.188448935260928,0.9925941498226639,0.27612725949569733,0.8867570114764751
0.2785,1.5012092257015874,1.0,4023.162664537796,0.9564190395638497,1.1881855743239567,0.9925923438254063,0.2761037874794667,0.887073308725646
0.279,1.5006503681722865,1.0,4024.6260277694782,0.9566635103435469,1.1879222319554876,0.9925905148045481,0.276080315463236,0.8873891413803185
0.2795,1.5000915106429855,1.0,4026.087178282558,0.9569066094845816,1.1876589081389288,0.9925886628724868,0.2760568434470054,0.8877045095539065
0.28,1.4995326531136843,1.0,4027.546116944773,0.9571483443384377,1.1873956028576884,0.9925867881413147,0.2760333714307747,0.8880194133597051
0.2805,1.4989737955843834,1.0,4029.002844627838,0.9573887222565991,1.1871323160951746,0.992584890722824,0.2760098994145441,0.8883338529108918
0.281,1.4984149380550824,1.0,4030.457362207192,0.9576277505905502,1.1868690478347956,0.9925829707285112,0.27598642739831347,0.8886478283205257
0.28150000000000003,1.4978560805257812,1.0,4031.9096705622737,0.9578654366917746,1.1866057980599598,0.9925810282695839,0.2759629553820828,0.8889613397015481
0.28200000000000003,1.4972972229964803,1.0,4033.3597705765146,0.9581017879117567,1.186342566754075,0.9925790634569658,0.27593948336585217,0.8892743871667829
0.28250000000000003,1.4967383654671793,1.0,4034.8076631369718,0.9583368116019805,1.1860793539005496,0.9925770764013004,0.2759160113496215,0.889586970828935
0.28300000000000003,1.4961795079378781,1.0,4036.2533491348013,0.9585705151139299,1.1858161594827916,0.9925750672129589,0.27589253933339086,0.8898990908005924
0.28350000000000003,1.4956206504085772,1.0,4037.6968294647727,0.9588029057990891,1.1855529834842096,0.992573036002043,0.2758690673171602,0.890210747194224
0.28400000000000003,1.4950617928792762,1.0,4039.1381050256996,0.959033991008942,1.1852898258882114,0.992570982878391,0.2758455953009296,0.8905219401221821
0.28450000000000003,1.494502935349975,1.0,4040.577176719995,0.9592637780949729,1.1850266866782053,0.9925689079515834,0.27582212328469896,0.8908326696967004
0.28500000000000003,1.493944077820674,1.0,4042.014045454143,0.9594922744086655,1.1847635658375997,0.9925668113309468,0.2757986512684683,0.8911429360298947
0.28550000000000003,1.493385220291373,1.0,4043.4487121384545,0.9597194873015041,1.1845004633498024,0.9925646931255597,0.27577517925223766,0.8914527392337634
0.28600000000000003,1.4928263627620721,1.0,4044.8811776868974,0.9599454241249726,1.184237379198222,0.9925625534442578,0.27575170723600706,0.8917620794201868
0.28650000000000003,1.4922675052327712,1.0,4046.311443017252,0.9601700922305553,1.1839743133662664,0.9925603923956378,0.2757282352197764,0.8920709567009274
0.28700000000000003,1.49170864770347,1.0,4047.739509051263,0.9603934989697359,1.1837112658373437,0.9925582100880632,0.27570476320354576,0.8923793711876302
0.28750000000000003,1.491149790174169,1.0,4049.165376714394,0.9606156516939988,1.1834482365948624,0.9925560066296694,0.2756812911873151,0.892687322991822
0.28800000000000003,1.490590932644868,1.0,4050.589046935819,0.9608365577548277,1.1831852256222304,0.9925537821283666,0.27565781917108445,0.8929948122249125
0.2885,1.490032075115567,1.0,4052.0105206486587,0.9610562245037069,1.1829222329028561,0.9925515366918479,0.2756343471548538,0.8933018389981928
0.289,1.489473217586266,1.0,4053.429798789649,0.9612746592921204,1.1826592584201476,0.9925492704275913,0.27561087513862315,0.8936084034228371
0.2895,1.488914360056965,1.0,4054.8468822994605,0.9614918694715522,1.1823963021575132,0.992546983442865,0.2755874031223925,0.8939145056099016
0.29,1.488355502527664,1.0,4056.2617721223646,0.9617078623934864,1.1821333640983611,0.9925446758447325,0.2755639311061619,0.8942201456703247
0.2905,1.487796644998363,1.0,4057.6744692064754,0.961922645409407,1.1818704442260992,0.9925423477400581,0.27554045908993124,0.8945253237149278
0.291,1.4872377874690619,1.0,4059.084974503653,0.9621362258707981,1.181607542524136,0.9925399992355095,0.2755169870737006,0.8948300398544138
0.2915,1.486678929939761,1.0,4060.49328882053,0.962348600624665,1.1813446589769896,0.9925376302765369,0.27549351505746994,0.8951342941980847
0.292,1.48612007241046,1.0,4061.899413415418,0.9625597668060558,1.1810817935658404,0.9925352408126858,0.27547004304123934,0.8954380868589871
0.2925,1.4855612148811588,1.0,4063.3033496201097,0.9627697553169314,1.1808189462713499,0.9925328313110463,0.2754465710250087,0.8957414179506336
0.293,1.4850023573518578,1.0,4064.705098122441,0.9629785720368763,1.1805561170790055,0.992530401855029,0.27542309900877804,0.8960442875808432
0.2935,1.4844434998225569,1.0,4066.1046596139363,0.963186222845475,1.180293305974295,0.9925279525278629,0.2753996269925474,0.8963466958573317
0.294,1.4838846422932557,1.0,4067.5020347894747,0.963392713622312,1.1800305129427062,0.9925254834125978,0.27537615497631673,0.8966486428877107
0.2945,1.4833257847639547,1.0,4068.897224347371,0.9635980502469721,1.1797677379697271,0.9925229945921101,0.2753526829600861,0.8969501287794883
0.295,1.4827669272346538,1.0,4070.290228989726,0.9638022385990397,1.1795049810408451,0.9925204861491042,0.27532921094385543,0.8972511536400697
0.2955,1.4822080697053526,1.0,4071.6810494218225,0.9640052845580993,1.1792422421415483,0.9925179581661167,0.2753057389276248,0.8975517175767557
0.296,1.4816492121760516,1.0,4073.0696863528383,0.9642071940037357,1.1789795212573242,0.9925154107255201,0.2752822669113942,0.8978518206967444
0.2965,1.4810903546467507,1.0,4074.456140494882,0.9644079728155334,1.1787168183736607,0.9925128439095261,0.2752587948951635,0.89815146310713
0.297,1.4805314971174497,1.0,4075.8404125639445,0.9646076268730768,1.1784541334760457,0.9925102578001888,0.2752353228789329,0.8984506449149033
0.2975,1.4799726395881485,1.0,4077.2225032795363,0.9648061620559506,1.1781914665499666,0.9925076524794079,0.2752118508627022,0.8987493662269519
0.298,1.4794137820588475,1.0,4078.602413364401,0.9650035842437393,1.1779288175809117,0.9925050280289327,0.27518837884647157,0.8990476271500595
0.2985,1.4788549245295466,1.0,4079.980143544987,0.9651998993160276,1.1776661865543685,0.9925023845303654,0.275164906830241,0.8993454277909066
0.299,1.4782960670002456,1.0,4081.3556945508444,0.9653951131524,1.1774035734558248,0.9924997220651632,0.2751414348140103,0.8996427682560707
0.2995,1.4777372094709444,1.0,4082.7290671153787,0.965589231632441,1.1771409782707682,0.9924970407146436,0.27511796279777967,0.8999396486520256
0.3,1.4771783519416435,1.0,4084.1002619752044,0.9657822606357354,1.1768784009846869,0.9924943405599853,0.275094490781549,0.9002360690851413
0.3005,1.4766194944123425,1.0,4085.469279870541,0.9659742060418673,1.1766158415830683,0.9924916216822338,0.27507101876531836,0.9005320296616853
0.301,1.4760606368830413,1.0,4086.8361215448826,0.9661650737304218,1.1763533000514002,0.9924888841623032,0.2750475467490877,0.9008275304878215
0.3015,1.4755017793537404,1.0,4088.200787745278,0.9663548695809832,1.1760907763751707,0.9924861280809794,0.2750240747328571,0.9011225716696099
0.302,1.4749429218244394,1.0,4089.5632792221227,0.9665435994731361,1.175828270539867,0.9924833535189239,0.27500060271662646,0.9014171533130081
0.3025,1.4743840642951382,1.0,4090.92359672923,0.966731269286465,1.1755657825309775,0.9924805605566768,0.2749771307003958,0.9017112755238696
0.303,1.4738252067658373,1.0,4092.281741023952,0.9669178849005546,1.1753033123339895,0.9924777492746597,0.27495365868416516,0.9020049384079455
0.3035,1.4732663492365363,1.0,4093.637712866805,0.9671034521949894,1.1750408599343911,0.992474919753179,0.2749301866679345,0.9022981420708829
0.304,1.4727074917072351,1.0,4094.9915130220334,0.967287977049354,1.1747784253176698,0.9924720720724289,0.27490671465170385,0.9025908866182261
0.3045,1.4721486341779342,1.0,4096.343142257118,0.9674714653432329,1.1745160084693138,0.9924692063124946,0.27488324263547326,0.9028831721554158
0.305,1.4715897766486332,1.0,4097.692601342728,0.9676539229562108,1.1742536093748104,0.9924663225533554,0.2748597706192426,0.9031749987877902
0.3055,1.4710309191193323,1.0,4099.039891053244,0.9678353557678722,1.1739912280196476,0.9924634208748873,0.27483629860301195,0.9034663666205835
0.306,1.4704720615900313,1.0,4100.385012166304,0.9680157696578016,1.1737288643893131,0.9924605013568666,0.2748128265867813,0.9037572757589275
0.3065,1.4699132040607301,1.0,4101.727965462842,0.9681951705055836,1.1734665184692947,0.992457564078973,0.27478935457055065,0.9040477263078502
0.307,1.4693543465314292,1.0,4103.068751727359,0.9683735641908028,1.1732041902450803,0.9924546091207915,0.27476588255432,0.9043377183722769
0.3075,1.4687954890021282,1.0,4104.407371747523,0.9685509565930438,1.1729418797021576,0.9924516365618166,0.2747424105380894,0.9046272520570295
0.308,1.468236631472827,1.0,4105.743826314358,0.9687273535918911,1.1726795868260143,0.9924486464814549,0.27471893852185875,0.9049163274668272
0.3085,1.467677773943526,1.0,4107.078116222398,0.9689027610669294,1.1724173116021381,0.9924456389590273,0.2746954665056281,0.9052049447062858
0.309,1.467118916414225,1.0,4108.410242269367,0.9690771848977431,1.1721550540160173,0.9924426140737731,0.27467199448939744,0.9054931038799177
0.3095,1.466560058884924,1.0,4109.740205256488,0.9692506309639168,1.1718928140531388,0.9924395719048519,0.2746485224731668,0.9057808050921334
0.31,1.466001201355623,1.0,4111.068005988157,0.9694231051450352,1.171630591698991,0.9924365125313471,0.27462505045693614,0.9060680484472392
0.3105,1.465442343826322,1.0,4112.393645272344,0.9695946133206828,1.1713683869390616,0.9924334360322683,0.27460157844070554,0.906354834049439
0.311,1.4648834862970208,1.0,4113.717123919856,0.969765161370444,1.1711061997588383,0.992430342486554,0.2745781064244749,0.9066411620028333
0.3115,1.4643246287677198,1.0,4115.038442639156,0.9699347394434717,1.1708440301445953,0.9924272317302933,0.27455463440824424,0.9069270324105633
0.312,1.463765771238419,1.0,4116.357602740278,0.9701033606630008,1.1705818780781756,0.9924241039538723,0.2745311623920136,0.9072124453804925
0.3125,1.463206913709118,1.0,4117.674605039758,0.9702710413269547,1.1703197435451018,0.9924209593968224,0.27450769037578293,0.9074974010163608
0.313,1.4626480561798167,1.0,4118.989450135749,0.9704377861377191,1.1700576265325369,0.992417798119699,0.2744842183595523,0.9077818994200262
0.3135,1.4620891986505158,1.0,4120.3021386297605,0.9706035997976802,1.1697955270276432,0.9924146201829834,0.2744607463433217,0.9080659406932554
0.314,1.4615303411212148,1.0,4121.612671126,0.9707684870092235,1.1695334450175838,0.992411425647085,0.27443727432709103,0.9083495249377228
0.3145,1.4609714835919139,1.0,4122.921048232221,0.9709324524747351,1.1692713804895212,0.9924082145723433,0.2744138023108604,0.908632652255012
0.315,1.4604126260626127,1.0,4124.2272705591495,0.9710955008966008,1.169009333430618,0.9924049870190303,0.2743903302946297,0.9089153227466141
0.3155,1.4598537685333117,1.0,4125.531338720683,0.9712576369772064,1.1687473038280372,0.9924017430473526,0.2743668582783991,0.909197536513929
0.316,1.4592949110040108,1.0,4126.833253333929,0.9714188654189378,1.1684852916689412,0.9923984827174535,0.2743433862621685,0.9094792936582647
0.3165,1.4587360534747096,1.0,4128.133015018825,0.9715791909241811,1.1682232969404929,0.9923952060894147,0.2743199142459378,0.9097605942808379
0.317,1.4581771959454086,1.0,4129.430624398715,0.9717386181953218,1.167961319629855,0.9923919132232589,0.27429644222970717,0.9100414384827732
0.3175,1.4576183384161077,1.0,4130.726082099968,0.971897151934746,1.1676993597241903,0.9923886041789518,0.2742729702134765,0.9103218263651041
0.318,1.4570594808868065,1.0,4132.019388751981,0.9720547968448395,1.1674374172106612,0.9923852790164043,0.27424949819724587,0.9106017580287723
0.3185,1.4565006233575055,1.0,4133.31054498741,0.9722115576279882,1.1671754920764306,0.9923819377954738,0.2742260261810152,0.9108812335746279
0.319,1.4559417658282046,1.0,4134.599551441808,0.972367438986578,1.166913584308661,0.9923785805759674,0.27420255416478456,0.9111602531034295
0.3195,1.4553829082989034,1.0,4135.8864087540605,0.9725224456229946,1.1666516938945155,0.9923752074176427,0.2741790821485539,0.911438816715844
0.32,1.4548240507696024,1.0,4137.171117565936,0.972676582239624,1.1663898208211567,0.9923718183802113,0.2741556101323233,0.911716924512447
0.3205,1.4542651932403015,1.0,4138.4536785222845,0.9728298535388521,1.166127965075747,0.9923684135233393,0.27413213811609266,0.9119945765937225
0.321,1.4537063357110005,1.0,4139.734092271113,0.9729822642230648,1.1658661266454495,0.9923649929066497,0.274108666099862,0.9122717730600628
0.3215,1.4531474781816995,1.0,4141.0123594635825,0.9731338189946477,1.1656043055174266,0.9923615565897258,0.27408519408363136,0.9125485140117693
0.322,1.4525886206523984,1.0,4142.288480753753,0.973284522555987,1.165342501678841,0.9923581046321113,0.2740617220674007,0.9128247995490512
0.3225,1.4520297631230974,1.0,4143.562456798915,0.9734343796094683,1.1650807151168558,0.992354637093313,0.2740382500511701,0.9131006297720264
0.323,1.4514709055937964,1.0,4144.834288259127,0.9735833948574777,1.1648189458186333,0.9923511540328027,0.27401477803493945,0.913376004780722
0.3235,1.4509120480644953,1.0,4146.103975797823,0.973731573002401,1.1645571937713364,0.9923476555100196,0.2739913060187088,0.9136509246750729
0.324,1.4503531905351943,1.0,4147.371520081286,0.9738789187466239,1.1642954589621277,0.992344141584372,0.27396783400247815,0.9139253895549229
0.3245,1.4497943330058933,1.0,4148.636921778953,0.9740254367925325,1.1640337413781698,0.9923406123152384,0.2739443619862475,0.9141993995200246
0.325,1.4492354754765921,1.0,4149.900181563187,0.9741711318425126,1.163772041006626,0.9923370677619708,0.27392088997001685,0.9144729546700384
0.3255,1.4486766179472912,1.0,4151.161300109619,0.97431600859895,1.1635103578346582,0.9923335079838956,0.27389741795378625,0.9147460551045346
0.326,1.4481177604179902,1.0,4152.420278096503,0.9744600717642306,1.1632486918494296,0.9923299330403158,0.2738739459375556,0.915018700922991
0.3265,1.447558902888689,1.0,4153.67711620544,0.9746033260407403,1.1629870430381026,0.992326342990513,0.27385047392132494,0.9152908922247949
0.327,1.447000045359388,1.0,4154.931815120968,0.9747457761308649,1.1627254113878402,0.992322737893749,0.2738270019050943,0.9155626291092416
0.3275,1.4464411878300871,1.0,4156.1843755305545,0.9748874267369904,1.1624637968858051,0.9923191178092685,0.27380352988886364,0.9158339116755352
0.328,1.4458823303007862,1.0,4157.4347981249575,0.9750282825615024,1.1622021995191598,0.9923154827962993,0.27378005787263304,0.9161047400227891
0.3285,1.4453234727714852,1.0,4158.683083597414,0.9751683483067871,1.1619406192750672,0.9923118329140558,0.2737565858564024,0.9163751142500247
0.329,1.444764615242184,1.0,4159.929232644603,0.9753076286752301,1.16167905614069,0.9923081682217398,0.27373311384017174,0.9166450344561723
0.3295,1.444205757712883,1.0,4161.1732459661125,0.9754461283692175,1.1614175101031907,0.9923044887785434,0.2737096418239411,0.9169145007400712
0.33,1.443646900183582,1.0,4162.4151242644,0.9755838520911351,1.161155981149732,0.9923007946436493,0.27368616980771043,0.9171835132004694
0.3305,1.443088042654281,1.0,4163.6548682449875,0.9757208045433686,1.160894469267477,0.9922970858762337,0.2736626977914798,0.9174520719360233
0.331,1.44252918512498,1.0,4164.892478616332,0.9758569904283041,1.160632974443588,0.9922933625354681,0.27363922577524913,0.9177201770452985
0.3315,1.441970327595679,1.0,4166.127953133117,0.9759923801366568,1.1603714966869831,0.992289624145204,0.27361575375901853,0.9179878286045183
0.332,1.4414114700663778,1.0,4167.361295933031,0.9761270121554978,1.160110035959631,0.9922858712912463,0.2735922817427879,0.9182550267379007
0.3325,1.4408526125370769,1.0,4168.592508016909,0.9762608954271986,1.1598485922466124,0.9922821040989593,0.2735688097265572,0.9185217715458426
0.333,1.440293755007776,1.0,4169.82158989158,0.9763940335924881,1.1595871655366623,0.9922783226110078,0.2735453377103266,0.9187880631249169
0.3335,1.4397348974784747,1.0,4171.048542066697,0.9765264302920953,1.159325755818516,0.9922745268700384,0.2735218656940959,0.9190539015716156
0.334,1.4391760399491738,1.0,4172.273365054901,0.976658089166749,1.159064363080908,0.9922707169186804,0.27349839367786527,0.9193192869823503
0.3345,1.4386171824198728,1.0,4173.496059371649,0.9767890138571782,1.1588029873125736,0.9922668927995466,0.2734749216616347,0.9195842194534521
0.335,1.4380583248905718,1.0,4174.7166255348875,0.9769192080041118,1.1585416285022472,0.9922630545552366,0.273451449645404,0.9198486990811717
0.3355,1.4374994673612707,1.0,4175.93506406566,0.977048675248279,1.1582802866386643,0.9922592022283351,0.27342797762917337,0.9201127259616781
0.336,1.4369406098319697,1.0,4177.151375487852,0.9771774192304084,1.1580189617105594,0.9922553358614157,0.2734045056129427,0.9203763001910611
0.3365,1.4363817523026687,1.0,4178.365560327992,0.9773054435912291,1.1577576537066676,0.992251455497041,0.27338103359671206,0.9206394218653289
0.337,1.4358228947733678,1.0,4179.5776191154855,0.97743275197147,1.157496362615724,0.9922475611777646,0.2733575615804814,0.9209020910804094
0.3375,1.4352640372440666,1.0,4180.787552382651,0.9775593480118601,1.157235088426463,0.9922436529461311,0.2733340895642508,0.9211643079321503
0.338,1.4347051797147656,1.0,4181.99536066419,0.9776852353531283,1.15697383112762,0.9922397308446791,0.27331061754802016,0.9214260725163183
0.3385,1.4341463221854647,1.0,4183.201044498,0.9778104176360036,1.1567125907079299,0.9922357949159408,0.2732871455317895,0.9216873849285997
0.339,1.4335874646561635,1.0,4184.404604424671,0.977934898501215,1.1564513671561272,0.9922318452024448,0.27326367351555886,0.9219482452646004
0.3395,1.4330286071268625,1.0,4185.606040987449,0.9780586815894912,1.1561901604609472,0.9922278817467158,0.2732402014993282,0.9222086536198455
0.34,1.4324697495975616,1.0,4186.805354732517,0.9781817705415613,1.1559289706111249,0.9922239045912773,0.2732167294830976,0.9224686100897799
0.3405,1.4319108920682604,1.0,4188.00254620858,0.9783041689981542,1.1556677975953948,0.9922199137786518,0.27319325746686696,0.9227281147697678
0.341,1.4313520345389594,1.0,4189.19761596731,0.9784258805999989,1.1554066414024922,0.9922159093513626,0.2731697854506363,0.9229871677550932
0.3415,1.4307931770096585,1.0,4190.3905645630975,0.9785469089878244,1.1551455020211518,0.9922118913519349,0.27314631343440565,0.9232457691409591
0.342,1.4302343194803573,1.0,4191.581392553087,0.9786672578023594,1.1548843794401087,0.9922078598228967,0.273122841418175,0.9235039190224886
0.3425,1.4296754619510563,1.0,4192.770100497138,0.9787869306843331,1.1546232736480977,0.9922038148067805,0.27309936940194435,0.9237616174947242
0.343,1.4291166044217554,1.0,4193.956688957889,0.9789059312744743,1.1543621846338536,0.9921997563461245,0.2730758973857137,0.9240188646526278
0.3435,1.4285577468924544,1.0,4195.141158500811,0.9790242632135121,1.1541011123861116,0.9921956844834735,0.2730524253694831,0.924275660591081
0.34400000000000003,1.4279988893631534,1.0,4196.323509693823,0.9791419301421752,1.1538400568936065,0.9921915992613801,0.27302895335325245,0.924532005404885
0.34450000000000003,1.4274400318338523,1.0,4197.503743107865,0.9792589357011927,1.1535790181450734,0.9921875007224061,0.2730054813370218,0.9247878991887603
0.34500000000000003,1.4268811743045513,1.0,4198.681859316528,0.9793752835312936,1.1533179961292468,0.9921833889091238,0.27298200932079114,0.9250433420373478
0.34550000000000003,1.4263223167752503,1.0,4199.857858896122,0.9794909772732067,1.1530569908348618,0.9921792638641168,0.2729585373045605,0.9252983340452073
0.34600000000000003,1.4257634592459492,1.0,4201.0317424256045,0.979606020567661,1.1527960022506534,0.9921751256299819,0.27293506528832984,0.9255528753068186
0.34650000000000003,1.4252046017166482,1.0,4202.203510486808,0.9797204170553854,1.1525350303653565,0.9921709742493291,0.27291159327209924,0.9258069659165808
0.34700000000000003,1.4246457441873472,1.0,4203.373163664079,0.979834170377109,1.152274075167706,0.992166809764784,0.2728881212558686,0.9260606059688131
0.34750000000000003,1.424086886658046,1.0,4204.540702544632,0.9799472841735605,1.152013136646437,0.9921626322189883,0.27286464923963794,0.9263137955577541
0.34800000000000003,1.423528029128745,1.0,4205.706127718307,0.980059762085469,1.1517522147902841,0.9921584416546008,0.2728411772234073,0.9265665347775621
0.34850000000000003,1.4229691715994441,1.0,4206.869439777645,0.9801716077535634,1.1514913095879826,0.9921542381142994,0.27281770520717663,0.926818823722315
0.34900000000000003,1.422410314070143,1.0,4208.030639318089,0.9802828248185728,1.151230421028267,0.9921500216407813,0.272794233190946,0.9270706624860112
0.34950000000000003,1.421851456540842,1.0,4209.189726937442,0.9803934169212258,1.1509695490998724,0.9921457922767648,0.2727707611747154,0.9273220511625677
0.35000000000000003,1.421292599011541,1.0,4210.346703236326,0.9805033877022516,1.1507086937915338,0.9921415500649903,0.27274728915848473,0.9275729898458217
0.35050000000000003,1.42073374148224,1.0,4211.501568818122,0.9806127408023791,1.150447855091986,0.9921372950482208,0.2727238171422541,0.9278234786295305
0.35100000000000003,1.420174883952939,1.0,4212.654324288815,0.9807214798623373,1.1501870329899642,0.9921330272692443,0.2727003451260234,0.9280735176073706
0.35150000000000003,1.419616026423638,1.0,4213.804970257139,0.9808296085228551,1.1499262274742028,0.9921287467708739,0.2726768731097928,0.9283231068729387
0.352,1.419057168894337,1.0,4214.953507334429,0.9809371304246612,1.1496654385334373,0.9921244535959493,0.2726534010935622,0.928572246519751
0.3525,1.418498311365036,1.0,4216.099936134679,0.9810440492084849,1.1494046661564021,0.9921201477873375,0.2726299290773315,0.9288209366412437
0.353,1.4179394538357348,1.0,4217.244257274593,0.981150368515055,1.1491439103318324,0.9921158293879346,0.27260645706110087,0.9290691773307728
0.3535,1.4173805963064339,1.0,4218.386471373487,0.9812560919851004,1.1488831710484633,0.9921114984406669,0.2725829850448702,0.9293169686816136
0.354,1.416821738777133,1.0,4219.52657905338,0.9813612232593502,1.1486224482950294,0.9921071549884911,0.27255951302863957,0.9295643107869621
0.3545,1.4162628812478317,1.0,4220.664580939019,0.9814657659785331,1.1483617420602656,0.9921027990743965,0.2725360410124089,0.9298112037399336
0.355,1.4157040237185308,1.0,4221.800477657515,0.9815697237833783,1.1481010523329072,0.9920984307414049,0.27251256899617826,0.9300576476335635
0.3555,1.4151451661892298,1.0,4222.934269839068,0.9816731003146144,1.1478403791016887,0.9920940500325731,0.27248909697994766,0.9303036425608067
0.356,1.4145863086599288,1.0,4224.065958256006,0.9817758904370065,1.1475797223543225,0.9920896568512281,0.272465624963717,0.930549188615501
0.3565,1.4140274511306279,1.0,4225.195544154829,0.9818780861830637,1.1473190820750785,0.9920852510552841,0.27244215294748636,0.930794285894631
0.357,1.4134685936013267,1.0,4226.323027893911,0.9819797138153659,1.1470584582547352,0.99208083304805,0.2724186809312557,0.9310389344889678
0.3575,1.4129097360720257,1.0,4227.4484099217125,0.982080776088411,1.1467978508834318,0.9920764028586775,0.27239520891502506,0.9312831344898141
0.358,1.4123508785427248,1.0,4228.571690689171,0.9821812757566972,1.1465372599513073,0.9920719605163327,0.27237173689879446,0.9315268859884024
0.3585,1.4117920210134236,1.0,4229.6928706495355,0.9822812155747221,1.1462766854485014,0.9920675060501974,0.2723482648825638,0.9317701890758935
0.359,1.4112331634841226,1.0,4230.811950258854,0.9823805982969839,1.1460161273651528,0.992063039489469,0.27232479286633315,0.9320130438433785
0.3595,1.4106743059548217,1.0,4231.928929975518,0.9824794266779803,1.1457555856914012,0.9920585608633616,0.2723013208501025,0.9322554503818768
0.36,1.4101154484255205,1.0,4233.0438102605885,0.9825777034722093,1.1454950604173855,0.992054070201108,0.27227784883387185,0.9324974087823386
0.3605,1.4095565908962195,1.0,4234.156591577382,0.982675431434169,1.1452345515332452,0.9920495675319585,0.2722543768176412,0.9327389191356414
0.361,1.4089977333669186,1.0,4235.267274392081,0.9827726133183572,1.144974059029119,0.9920450528851823,0.2722309048014106,0.9329799815325941
0.3615,1.4084388758376174,1.0,4236.375859172789,0.9828692518792719,1.144713582895147,0.9920405262900696,0.27220743278517995,0.9332205960639331
0.362,1.4078800183083164,1.0,4237.482346390673,0.9829653498714108,1.1444531231214674,0.99203598777593,0.2721839607689493,0.9334607628203259
0.3625,1.4073211607790155,1.0,4238.5867365190625,0.9830609100492722,1.1441926796982202,0.9920314373720959,0.27216048875271864,0.9337004818923675
0.363,1.4067623032497145,1.0,4239.689030033928,0.9831559351673539,1.1439322526155444,0.9920268751079209,0.272137016736488,0.9339397533705839
0.3635,1.4062034457204136,1.0,4240.789227413645,0.9832504279801537,1.143671841863579,0.9920223010127815,0.2721135447202574,0.9341785773454298
0.364,1.4056445881911124,1.0,4241.887329138977,0.9833443912421698,1.1434114474324635,0.9920177151160791,0.27209007270402674,0.9344169539072888
0.3645,1.4050857306618114,1.0,4242.983335693328,0.9834378277078999,1.1431510693123372,0.9920131174472379,0.2720666006877961,0.9346548831464746
0.365,1.4045268731325105,1.0,4244.077247562489,0.9835307401318419,1.142890707493339,0.9920085080357082,0.27204312867156544,0.9348923651532304
0.3655,1.4039680156032093,1.0,4245.169065234755,0.983623131268494,1.1426303619656082,0.9920038869109666,0.2720196566553348,0.9351294000177283
0.366,1.4034091580739083,1.0,4246.258789200803,0.9837150038723539,1.1423700327192843,0.9919992541025154,0.27199618463910413,0.93536598783007
0.3665,1.4028503005446074,1.0,4247.346419953851,0.9838063606979197,1.1421097197445063,0.991994609639885,0.2719727126228735,0.9356021286802867
0.367,1.4022914430153062,1.0,4248.431957989571,0.9838972044996892,1.1418494230314133,0.9919899535526338,0.27194924060664283,0.9358378226583391
0.3675,1.4017325854860052,1.0,4249.5154038060855,0.9839875380321604,1.141589142570145,0.9919852858703487,0.27192576859041223,0.9360730698541172
0.368,1.4011737279567043,1.0,4250.5967579038015,0.9840773640498313,1.1413288783508402,0.991980606622647,0.2719022965741816,0.9363078703574408
0.3685,1.400614870427403,1.0,4251.676020785777,0.9841666853071998,1.1410686303636381,0.9919759158391753,0.2718788245579509,0.9365422242580588
0.369,1.400056012898102,1.0,4252.753192957425,0.9842555045587636,1.1408083985986783,0.9919712135496122,0.2718553525417203,0.9367761316456497
0.3695,1.3994971553688011,1.0,4253.82827492664,0.984343824559021,1.1405481830460997,0.9919664997836676,0.2718318805254896,0.9370095926098215
0.37,1.3989382978395,1.0,4254.901267203789,0.9844316480624697,1.1402879836960416,0.9919617745710837,0.271808408509259,0.9372426072401122
0.3705,1.398379440310199,1.0,4255.972170301424,0.9845189778236079,1.1400278005386433,0.9919570379416365,0.2717849364930284,0.9374751756259884
0.371,1.397820582780898,1.0,4257.04098473481,0.9846058165969332,1.1397676335640439,0.9919522899251353,0.2717614644767977,0.9377072978568468
0.3715,1.397261725251597,1.0,4258.107711021471,0.9846921671369437,1.1395074827623828,0.9919475305514248,0.27173799246056707,0.9379389740220136
0.372,1.3967028677222961,1.0,4259.172349681475,0.9847780321981374,1.139247348123799,0.9919427598503843,0.2717145204443364,0.9381702042107447
0.3725,1.396144010192995,1.0,4260.234901237179,0.9848634145350121,1.138987229638432,0.9919379778519294,0.27169104842810576,0.938400988512225
0.373,1.395585152663694,1.0,4261.29536621348,0.9849483169020657,1.138727127296421,0.9919331845860128,0.27166757641187517,0.9386313270155695
0.3735,1.395026295134393,1.0,4262.353745137517,0.9850327420537964,1.1384670410879048,0.9919283800826245,0.2716441043956445,0.9388612198098231
0.374,1.3944674376050918,1.0,4263.410038538916,0.9851166927447019,1.1382069710030231,0.9919235643717922,0.27162063237941386,0.9390906669839589
0.3745,1.3939085800757909,1.0,4264.4642469497885,0.9852001717292803,1.137946917031915,0.9919187374835831,0.2715971603631832,0.9393196686268813
0.375,1.39334972254649,1.0,4265.51637090448,0.9852831817620293,1.1376868791647197,0.9919138994481035,0.27157368834695256,0.9395482248274231
0.3755,1.3927908650171887,1.0,4266.566410939976,0.9853657255974472,1.1374268573915762,0.9919090502955005,0.2715502163307219,0.9397763356743475
0.376,1.3922320074878878,1.0,4267.614367595489,0.9854478059900315,1.137166851702624,0.9919041900559615,0.2715267443144913,0.9400040012563468
0.3765,1.3916731499585868,1.0,4268.660241412496,0.9855294256942805,1.1369068620880025,0.9918993187597162,0.27150327229826066,0.940231221662043
0.377,1.3911142924292856,1.0,4269.704032935025,0.9856105874646919,1.1366468885378505,0.9918944364370361,0.27147980028203,0.9404579969799881
0.3775,1.3905554348999847,1.0,4270.74574270948,0.9856912940557637,1.1363869310423076,0.9918895431182361,0.27145632826579935,0.9406843272986634
0.378,1.3899965773706837,1.0,4271.7853712846445,0.9857715482219939,1.1361269895915127,0.9918846388336742,0.2714328562495687,0.9409102127064802
0.3785,1.3894377198413828,1.0,4272.822919211636,0.9858513527178804,1.135867064175605,0.9918797236137535,0.27140938423333805,0.9411356532917794
0.379,1.3888788623120818,1.0,4273.8583870440225,0.9859307102979211,1.1356071547847242,0.9918747974889219,0.27138591221710745,0.9413606491428312
0.3795,1.3883200047827806,1.0,4274.891775337492,0.986009623716614,1.135347261409009,0.9918698604896727,0.2713624402008768,0.9415852003478361
0.38,1.3877611472534797,1.0,4275.923084650344,0.9860880957284571,1.135087384038599,0.9918649126465461,0.27133896818464615,0.9418093069949236
0.3805,1.3872022897241787,1.0,4276.952315543193,0.9861661290879482,1.1348275226636333,0.9918599539901288,0.2713154961684155,0.9420329691721538
0.381,1.3866434321948775,1.0,4277.979469497803,0.9862437106366599,1.1345676772675797,0.9918549842912382,0.27129202415218484,0.9422561869732414
0.3815,1.3860845746655766,1.0,4279.004546966364,0.9863208536666372,1.1343078478414017,0.9918500037522013,0.2712685521359542,0.9424789604853664
0.382,1.3855257171362756,1.0,4280.027548033651,0.9863975677264225,1.1340480343787451,0.9918450125146725,0.2712450801197236,0.9427012897933507
0.3825,1.3849668596069744,1.0,4281.048473106924,0.9864738549000102,1.1337882368709307,0.9918400105985389,0.27122160810349294,0.9429231749839533
0.383,1.3844080020776734,1.0,4282.067322595948,0.9865497172713947,1.1335284553092786,0.9918349980237147,0.2711981360872623,0.9431446161438711
0.3835,1.3838491445483725,1.0,4283.084096912426,0.9866251569245705,1.1332686896851099,0.9918299748101425,0.27117466407103163,0.9433656133597382
0.384,1.3832902870190713,1.0,4284.09879647056,0.986700175943532,1.1330089399897447,0.9918249409777933,0.271151192054801,0.9435861667181266
0.3845,1.3827314294897703,1.0,4285.111421686691,0.9867747764122737,1.1327492062145044,0.9918198965466664,0.27112772003857033,0.9438062763055453
0.385,1.3821725719604694,1.0,4286.121972979568,0.98684896041479,1.1324894883507088,0.9918148415367908,0.27110424802233973,0.9440259422084419
0.3855,1.3816137144311684,1.0,4287.130450769867,0.9869227300350754,1.1322297863896789,0.9918097759682247,0.2710807760061091,0.9442451645132012
0.386,1.3810548569018672,1.0,4288.136855480751,0.9869960873571243,1.1319701003227354,0.9918046998610575,0.27105730398987843,0.9444639433061452
0.3865,1.3804959993725663,1.0,4289.141187537632,0.987069034464931,1.1317104301411987,0.9917996132354087,0.2710338319736478,0.9446822786735345
0.387,1.3799371418432653,1.0,4290.14344736807,0.9871415734424902,1.1314507758363896,0.9917945161114284,0.2710103599574171,0.9449001707015665
0.3875,1.3793782843139644,1.0,4291.143635402037,0.9872137063737962,1.1311911373996284,0.9917894085092994,0.2709868879411865,0.945117619476377
0.388,1.3788194267846632,1.0,4292.141752071403,0.9872854353428435,1.130931514822236,0.991784290449236,0.2709634159249559,0.9453346250840389
0.3885,1.3782605692553622,1.0,4293.137797810556,0.9873567624336265,1.1306719080955332,0.9917791619514853,0.2709399439087252,0.9455511876105629
0.389,1.3777017117260613,1.0,4294.131773056031,0.9874276897301396,1.1304123172108402,0.9917740230363271,0.27091647189249457,0.9457673071418979
0.3895,1.37714285419676,1.0,4295.1236782465485,0.9874982193163773,1.1301527421594777,0.991768873724075,0.2708929998762639,0.9459829837639302
0.39,1.3765839966674591,1.0,4296.11351382313,0.9875683532763341,1.1298931829327665,0.9917637140350763,0.27086952786003327,0.9461982175624836
0.3905,1.3760251391381582,1.0,4297.1012802289315,0.9876380936940043,1.1296336395220272,0.9917585439897133,0.2708460558438026,0.9464130086233199
0.391,1.375466281608857,1.0,4298.086977909327,0.9877074426533824,1.1293741119185803,0.9917533636084024,0.27082258382757196,0.9466273570321386
0.3915,1.374907424079556,1.0,4299.070607312109,0.987776402238463,1.1291146001137462,0.9917481729115958,0.27079911181134136,0.9468412628745773
0.392,1.374348566550255,1.0,4300.052168886948,0.9878449745332403,1.128855104098846,0.9917429719197816,0.2707756397951107,0.9470547262362103
0.3925,1.3737897090209539,1.0,4301.0316630858015,0.9879131616217088,1.1285956238652,0.9917377606534833,0.27075216777888006,0.947267747202551
0.393,1.373230851491653,1.0,4302.009090363083,0.9879809655878631,1.1283361594041288,0.9917325391332624,0.2707286957626494,0.9474803258590498
0.3935,1.372671993962352,1.0,4302.984451175151,0.9880483885156974,1.1280767107069531,0.9917273073797167,0.27070522374641875,0.9476924622910952
0.394,1.372113136433051,1.0,4303.957745980733,0.9881154324892064,1.1278172777649937,0.9917220654134817,0.27068175173018816,0.9479041565840128
0.3945,1.37155427890375,1.0,4304.928975240499,0.9881820995923843,1.1275578605695709,0.9917168132552311,0.2706582797139575,0.9481154088230673
0.395,1.3709954213744489,1.0,4305.898139417561,0.9882483919092258,1.1272984591120054,0.9917115509256773,0.27063480769772685,0.94832621909346
0.3955,1.370436563845148,1.0,4306.865238977048,0.9883143115237251,1.127039073383618,0.9917062784455712,0.2706113356814962,0.9485365874803308
0.396,1.369877706315847,1.0,4307.830274386443,0.9883798605198767,1.1267797033757292,0.9917009958357037,0.27058786366526555,0.9487465140687568
0.3965,1.3693188487865458,1.0,4308.793246115331,0.9884450409816751,1.1265203490796596,0.9916957031169051,0.2705643916490349,0.9489559989437535
0.397,1.3687599912572448,1.0,4309.7541546354705,0.9885098549931147,1.1262610104867297,0.9916904003100461,0.2705409196328043,0.9491650421902741
0.3975,1.3682011337279438,1.0,4310.713000420716,0.9885743046381901,1.1260016875882601,0.9916850874360384,0.27051744761657365,0.9493736438932094
0.398,1.3676422761986426,1.0,4311.669783947176,0.9886383920008955,1.1257423803755717,0.9916797645158347,0.270493975600343,0.9495818041373885
0.3985,1.3670834186693417,1.0,4312.624505693131,0.9887021191652254,1.125483088839985,0.9916744315704292,0.27047050358411234,0.949789523007578
0.399,1.3665245611400407,1.0,4313.577166139028,0.9887654882151744,1.1252238129728205,0.9916690886208586,0.2704470315678817,0.9499968005884823
0.3995,1.3659657036107395,1.0,4314.527765767556,0.9888285012347369,1.1249645527653989,0.9916637356882015,0.27042355955165104,0.9502036369647444
0.4,1.3654068460814386,1.0,4315.4763050634065,0.9888911603079071,1.1247053082090408,0.9916583727935807,0.27040008753542044,0.9504100322209443
0.4005,1.3648479885521376,1.0,4316.422784513424,0.9889534675186797,1.1244460792950668,0.9916529999581607,0.2703766155191898,0.9506159864416006
0.401,1.3642891310228367,1.0,4317.367204606772,0.989015424951049,1.1241868660147976,0.9916476172031513,0.27035314350295914,0.9508214997111694
0.4015,1.3637302734935355,1.0,4318.309565834647,0.9890770346890096,1.1239276683595538,0.9916422245498058,0.2703296714867285,0.9510265721140447
0.402,1.3631714159642345,1.0,4319.249868690474,0.9891382988165558,1.1236684863206559,0.9916368220194225,0.27030619947049783,0.9512312037345592
0.4025,1.3626125584349336,1.0,4320.188113669739,0.9891992194176821,1.1234093198894244,0.9916314096333448,0.2702827274542672,0.9514353946569826
0.403,1.3620537009056326,1.0,4321.124301270156,0.9892597985763829,1.1231501690571803,0.9916259874129619,0.2702592554380366,0.9516391449655226
0.4035,1.3614948433763314,1.0,4322.058431991454,0.9893200383766527,1.1228910338152438,0.9916205553797084,0.27023578342180593,0.9518424547443259
0.404,1.3609359858470305,1.0,4322.990506335582,0.9893799409024859,1.122631914154936,0.9916151135550662,0.2702123114055753,0.9520453240774759
0.4045,1.3603771283177295,1.0,4323.92052480662,0.989439508237877,1.122372810067577,0.9916096619605632,0.2701888393893446,0.9522477530489947
0.405,1.3598182707884283,1.0,4324.848487910783,0.9894987424668203,1.1221137215444879,0.9916042006177757,0.270165367373114,0.9524497417428421
0.4055,1.3592594132591274,1.0,4325.774395847891,0.9895576424253808,1.1218546485792162,0.9915987294939143,0.2701418953568833,0.9526512902411853
0.406,1.3587005557298264,1.0,4326.698247168724,0.9896161863576992,1.1215955911772315,0.9915932482108776,0.2701184233406527,0.9528523986168992
0.40650000000000003,1.3581416982005252,1.0,4327.620045408082,0.9896744063224816,1.1213365493080303,0.9915877572923072,0.2700949513244221,0.9530530669707269
0.40700000000000003,1.3575828406712243,1.0,4328.539790922715,0.9897323038387412,1.1210775229640761,0.9915822567505932,0.2700714793081914,0.9532532953854707
0.40750000000000003,1.3570239831419233,1.0,4329.457484071133,0.9897898804254911,1.1208185121378331,0.9915767465981525,0.27004800729196077,0.9534530839438784
0.40800000000000003,1.3564651256126221,1.0,4330.373125214099,0.9898471376017447,1.1205595168217646,0.9915712268474302,0.2700245352757301,0.9536524327286438
0.40850000000000003,1.3559062680833212,1.0,4331.2867147142915,0.9899040768865152,1.1203005370083345,0.9915656975108991,0.27000106325949946,0.9538513418224054
0.40900000000000003,1.3553474105540202,1.0,4332.198252936474,0.9899606997988156,1.1200415726900068,0.9915601586010606,0.26997759124326887,0.9540498113077481
0.40950000000000003,1.3547885530247192,1.0,4333.107740247318,0.9900170078576593,1.1197826238592448,0.9915546101304452,0.2699541192270382,0.9542478412672024
0.41000000000000003,1.3542296954954183,1.0,4334.015177015782,0.9900730025820597,1.1195236905085122,0.9915490521116116,0.26993064721080756,0.9544454317832443
0.41050000000000003,1.353670837966117,1.0,4334.920563612606,0.9901286854910297,1.119264772630273,0.9915434845571485,0.2699071751945769,0.954642582938295
0.41100000000000003,1.3531119804368161,1.0,4335.823900410766,0.9901840581035827,1.1190058702169907,0.9915379074796733,0.26988370317834626,0.9548392948147219
0.41150000000000003,1.3525531229075152,1.0,4336.725187785184,0.9902391219387319,1.1187469832611294,0.991532320891834,0.26986023116211566,0.9550355674948375
0.41200000000000003,1.351994265378214,1.0,4337.6244261126385,0.9902938785154903,1.1184881117551524,0.9915267248063084,0.269836759145885,0.9552314010609009
0.41250000000000003,1.351435407848913,1.0,4338.521615772139,0.9903483293528715,1.1182292556915236,0.991521119235805,0.26981328712965436,0.9554267955951158
0.41300000000000003,1.350876550319612,1.0,4339.41675714471,0.9904024759698886,1.1179704150627068,0.9915155041930622,0.2697898151134237,0.9556217511796323
0.41350000000000003,1.3503176927903109,1.0,4340.309850613355,0.9904563198855547,1.1177115898611654,0.9915098796908505,0.26976634309719305,0.955816267896546
0.41400000000000003,1.34975883526101,1.0,4341.200896563007,0.9905098626188831,1.1174527800793634,0.9915042457419706,0.2697428710809624,0.9560103458278976
0.41450000000000004,1.349199977731709,1.0,4342.08989538065,0.9905631056888871,1.1171939857097648,0.9914986023592556,0.26971939906473175,0.9562039850556743
0.41500000000000004,1.3486411202024078,1.0,4342.976847455447,0.9906160506145797,1.1169352067448328,0.9914929495555701,0.2696959270485011,0.9563971856618086
0.41550000000000004,1.3480822626731068,1.0,4343.861753178355,0.9906686989149742,1.1166764431770313,0.9914872873438103,0.2696724550322705,0.9565899477281792
0.41600000000000004,1.3475234051438059,1.0,4344.744612942335,0.990721052109084,1.116417694998824,0.9914816157369061,0.26964898301603984,0.9567822713366096
0.4165,1.346964547614505,1.0,4345.625427142479,0.9907731117159222,1.1161589622026749,0.9914759347478185,0.2696255109998092,0.9569741565688697
0.417,1.346405690085204,1.0,4346.504196175789,0.990824879254502,1.1159002447810473,0.9914702443895426,0.26960203898357854,0.9571656035066751
0.4175,1.3458468325559028,1.0,4347.380920441304,0.9908763562438367,1.1156415427264053,0.9914645446751065,0.2695785669673479,0.9573566122316868
0.418,1.3452879750266018,1.0,4348.255600340141,0.9909275442029395,1.1153828560312122,0.9914588356175718,0.2695550949511173,0.957547182825512
0.4185,1.3447291174973008,1.0,4349.128236275162,0.9909784446508235,1.115124184687932,0.9914531172300336,0.26953162293488664,0.9577373153697032
0.419,1.3441702599679997,1.0,4349.998828651376,0.991029059106502,1.1148655286890286,0.9914473895256214,0.269508150918656,0.9579270099457589
0.4195,1.3436114024386987,1.0,4350.867377875825,0.9910793890889883,1.1146068880269655,0.9914416525174996,0.26948467890242533,0.9581162666351231
0.42,1.3430525449093977,1.0,4351.733884357533,0.9911294361172955,1.1143482626942063,0.991435906218866,0.2694612068861947,0.9583050855191863
0.4205,1.3424936873800968,1.0,4352.59834850725,0.9911792017104369,1.1140896526832151,0.9914301506429545,0.26943773486996403,0.9584934666792836
0.421,1.3419348298507956,1.0,4353.46077073817,0.9912286873874259,1.1138310579864552,0.9914243858030336,0.26941426285373343,0.9586814101966973
0.4215,1.3413759723214946,1.0,4354.3211514649565,0.9912778946672752,1.1135724785963905,0.9914186117124075,0.2693907908375028,0.9588689161526543
0.422,1.3408171147921937,1.0,4355.179491104581,0.9913268250689986,1.113313914505485,0.9914128283844164,0.26936731882127213,0.959055984628328
0.4225,1.3402582572628927,1.0,4356.035790075859,0.991375480111609,1.113055365706202,0.9914070358324357,0.2693438468050415,0.9592426157048373
0.423,1.3396993997335915,1.0,4356.890048799659,0.9914238613141196,1.1127968321910053,0.9914012340698783,0.2693203747888108,0.9594288094632467
0.4235,1.3391405422042906,1.0,4357.742267698771,0.9914719701955439,1.1125383139523588,0.9913954231101932,0.2692969027725802,0.9596145659845674
0.424,1.3385816846749896,1.0,4358.592447197824,0.9915198082748948,1.112279810982726,0.9913896029668661,0.2692734307563496,0.9597998853497555
0.4245,1.3380228271456884,1.0,4359.440587723575,0.9915673770711857,1.112021323274571,0.9913837736534199,0.2692499587401189,0.9599847676397132
0.425,1.3374639696163875,1.0,4360.28668970465,0.9916146781034298,1.1117628508203572,0.9913779351834153,0.26922648672388827,0.9601692129352889
0.4255,1.3369051120870865,1.0,4361.130753571677,0.9916617128906403,1.1115043936125484,0.9913720875704501,0.2692030147076576,0.9603532213172764
0.426,1.3363462545577853,1.0,4361.972779757274,0.9917084829518305,1.1112459516436082,0.9913662308281611,0.26917954269142697,0.9605367928664158
0.4265,1.3357873970284844,1.0,4362.812768695888,0.9917549898060134,1.1109875249060006,0.9913603649702223,0.2691560706751963,0.9607199276633925
0.427,1.3352285394991834,1.0,4363.6507208240755,0.9918012349722025,1.1107291133921893,0.9913544900103466,0.2691325986589657,0.9609026257888383
0.4275,1.3346696819698822,1.0,4364.486636580091,0.9918472199694108,1.1104707170946377,0.9913486059622865,0.26910912664273506,0.9610848873233307
0.428,1.3341108244405813,1.0,4365.32051640438,0.9918929463166518,1.1102123360058098,0.9913427128398321,0.2690856546265044,0.9612667123473931
0.4285,1.3335519669112803,1.0,4366.15236073916,0.9919384155329384,1.1099539701181693,0.9913368106568141,0.26906218261027376,0.9614481009414947
0.429,1.3329931093819793,1.0,4366.982170028711,0.991983629137284,1.1096956194241798,0.9913308994271024,0.2690387105940431,0.9616290531860507
0.4295,1.3324342518526784,1.0,4367.809944719292,0.9920285886487018,1.1094372839163051,0.9913249791646067,0.2690152385778125,0.9618095691614222
0.43,1.3318753943233772,1.0,4368.635685258757,0.9920732955862049,1.109178963587009,0.9913190498832772,0.26899176656158186,0.9619896489479163
0.4305,1.3313165367940762,1.0,4369.459392097307,0.9921177514688068,1.1089206584287552,0.9913131115971042,0.2689682945453512,0.9621692926257859
0.431,1.3307576792647753,1.0,4370.281065686821,0.9921619578155204,1.1086623684340073,0.991307164320119,0.26894482252912055,0.9623485002752298
0.4315,1.330198821735474,1.0,4371.100706481103,0.9922059161453592,1.1084040935952293,0.991301208066394,0.2689213505128899,0.9625272719763928
0.432,1.3296399642061731,1.0,4371.918314936126,0.9922496279773363,1.1081458339048844,0.9912952428500421,0.26889787849665925,0.9627056078093659
0.4325,1.3290811066768722,1.0,4372.733891509534,0.9922930948304648,1.1078875893554367,0.9912892686852187,0.26887440648042865,0.9628835078541857
0.433,1.328522249147571,1.0,4373.547436660806,0.9923363182237581,1.10762935993935,0.9912832855861207,0.268850934464198,0.9630609721908349
0.4335,1.32796339161827,1.0,4374.358950851625,0.9923792996762295,1.107371145649088,0.9912772935669865,0.26882746244796735,0.9632380008992422
0.434,1.327404534088969,1.0,4375.168434545461,0.992422040706892,1.1071129464771141,0.9912712926420978,0.2688039904317367,0.9634145940592822
0.4345,1.326845676559668,1.0,4375.97588820761,0.9924645428347588,1.1068547624158924,0.9912652828257781,0.26878051841550604,0.9635907517507755
0.435,1.326286819030367,1.0,4376.781312305358,0.9925068075788434,1.1065965934578863,0.9912592641323944,0.2687570463992754,0.9637664740534889
0.4355,1.325727961501066,1.0,4377.584707308021,0.9925488364581587,1.1063384395955598,0.9912532365763561,0.2687335743830448,0.9639417610471348
0.436,1.325169103971765,1.0,4378.38607374229,0.9925906286183867,1.1060803008209756,0.9912472001307817,0.26871010236681414,0.9641166128116432
0.4365,1.3246102464424638,1.0,4379.185412757072,0.9926321684553486,1.105822177121748,0.9912411545116177,0.2686866303505835,0.9642910294298896
0.437,1.3240513889131629,1.0,4379.982724446468,0.992673478420631,1.105564068493074,0.9912351000977705,0.26866315833435284,0.9644650109795585
0.4375,1.323492531383862,1.0,4380.778009140808,0.9927145595920667,1.1053059749284693,0.9912290368962032,0.2686396863181222,0.964638557539428
0.438,1.322933673854561,1.0,4381.571267172139,0.9927554130474884,1.105047896421449,0.9912229649139036,0.26861621430189153,0.9648116691882287
0.4385,1.3223748163252598,1.0,4382.362498874427,0.9927960398647292,1.104789832965529,0.9912168841578844,0.2685927422856609,0.9649843460046446
0.439,1.3218159587959588,1.0,4383.151704583553,0.992836441121622,1.1045317845542244,0.991210794635184,0.2685692702694303,0.9651565880673125
0.4395,1.3212571012666579,1.0,4383.938884636981,0.9928766178959993,1.104273751181051,0.9912046963528656,0.26854579825319963,0.9653283954548223
0.44,1.3206982437373567,1.0,4384.724039374129,0.9929165712656944,1.1040157328395241,0.9911985893180181,0.268522326236969,0.9654997682457166
0.4405,1.3201393862080557,1.0,4385.507169136407,0.99295630230854,1.103757729523159,0.991192473537757,0.2684988542207383,0.9656707065184916
0.441,1.3195805286787547,1.0,4386.2882742668035,0.9929958121023691,1.1034997412254717,0.9911863490192224,0.2684753822045077,0.9658412103515956
0.4415,1.3190216711494536,1.0,4387.067355110376,0.9930351017250143,1.103241767939977,0.9911802157695815,0.2684519101882771,0.9660112798234308
0.442,1.3184628136201526,1.0,4387.844412013632,0.9930741722543087,1.1029838096601912,0.9911740737960277,0.2684284381720464,0.9661809150123518
0.4425,1.3179039560908516,1.0,4388.619445325309,0.9931130247680852,1.1027258663796289,0.9911679231057803,0.26840496615581577,0.9663501159966665
0.443,1.3173450985615505,1.0,4389.392455395718,0.9931516603441765,1.102467938091806,0.9911617637060857,0.2683814941395851,0.9665188828546358
0.4435,1.3167862410322495,1.0,4390.163442577058,0.9931900800604155,1.1022100247902382,0.991155595604217,0.26835802212335447,0.9666872156644735
0.444,1.3162273835029485,1.0,4390.932407223267,0.9932282849946352,1.1019521264684407,0.9911494188074742,0.2683345501071238,0.9668551145043466
0.4445,1.3156685259736476,1.0,4391.699349690333,0.9932662762246685,1.1016942431199288,0.9911432333231845,0.2683110780908932,0.967022579452375
0.445,1.3151096684443466,1.0,4392.464270335644,0.993304054828348,1.1014363747382183,0.9911370391587028,0.26828760607466257,0.9671896105866319
0.4455,1.3145508109150454,1.0,4393.22716951872,0.9933416218835069,1.1011785213168246,0.9911308363214106,0.2682641340584319,0.9673562079851431
0.446,1.3139919533857445,1.0,4393.988047600765,0.993378978467978,1.100920682849263,0.9911246248187181,0.26824066204220126,0.967522371725888
0.4465,1.3134330958564435,1.0,4394.746904944822,0.9934161256595939,1.1006628593290493,0.9911184046580627,0.2682171900259706,0.9676881018867985
0.447,1.3128742383271423,1.0,4395.503741915733,0.9934530645361878,1.1004050507496985,0.99111217584691,0.26819371800973996,0.9678533985457605
0.4475,1.3123153807978414,1.0,4396.258558880183,0.9934897961755925,1.1001472571047266,0.991105938392754,0.26817024599350936,0.9680182617806116
0.448,1.3117565232685404,1.0,4397.011356206439,0.9935263216556408,1.0998894783876487,0.9910996923031162,0.2681467739772787,0.9681826916691437
0.4485,1.3111976657392392,1.0,4397.762134264772,0.9935626420541656,1.0996317145919805,0.9910934375855481,0.26812330196104806,0.9683466882891012
0.449,1.3106388082099383,1.0,4398.510893427198,0.9935987584489997,1.0993739657112374,0.9910871742476285,0.2680998299448174,0.9685102517181818
0.4495,1.3100799506806373,1.0,4399.257634067485,0.9936346719179762,1.0991162317389347,0.9910809022969663,0.26807635792858675,0.9686733820340363
0.45,1.3095210931513361,1.0,4400.002356561266,0.9936703835389278,1.0988585126685881,0.9910746217411983,0.2680528859123561,0.9688360793142685
0.4505,1.3089622356220352,1.0,4400.745061285837,0.9937058943896874,1.0986008084937129,0.9910683325879913,0.26802941389612545,0.9689983436364354
0.451,1.3084033780927342,1.0,4401.485748620441,0.9937412055480878,1.0983431192078248,0.9910620348450414,0.26800594187989485,0.9691601750780471
0.4515,1.3078445205634333,1.0,4402.224418945806,0.993776318091962,1.0980854448044393,0.9910557285200741,0.2679824698636642,0.9693215737165667
0.452,1.3072856630341323,1.0,4402.961072644775,0.9938112330991429,1.0978277852770715,0.9910494136208444,0.26795899784743354,0.9694825396294107
0.4525,1.3067268055048311,1.0,4403.695710101761,0.9938459516474633,1.097570140619237,0.991043090155138,0.2679355258312029,0.9696430728939487
0.453,1.3061679479755302,1.0,4404.428331703066,0.9938804748147559,1.0973125108244517,0.9910367581307699,0.26791205381497224,0.9698031735875031
0.4535,1.3056090904462292,1.0,4405.158937836773,0.993914803678854,1.0970548958862305,0.991030417555586,0.26788858179874164,0.96996284178735
0.454,1.305050232916928,1.0,4405.887528892435,0.9939489393175901,1.0967972957980894,0.9910240684374615,0.267865109782511,0.9701220775707181
0.4545,1.304491375387627,1.0,4406.614105261795,0.9939828828087972,1.0965397105535433,0.9910177107843038,0.26784163776628034,0.9702808810147898
0.455,1.303932517858326,1.0,4407.338667338149,0.9940166352303083,1.096282140146108,0.99101134460405,0.2678181657500497,0.9704392521967002
0.4555,1.303373660329025,1.0,4408.0612155165145,0.9940501976599561,1.096024584569299,0.9910049699046686,0.26779469373381903,0.970597191193538
0.456,1.302814802799724,1.0,4408.781750193794,0.9940835711755734,1.095767043816632,0.9909985866941586,0.2677712217175884,0.9707546980823446
0.4565,1.302255945270423,1.0,4409.500271768692,0.9941167568549933,1.0955095178816219,0.990992194980551,0.2677477497013578,0.9709117729401153
0.457,1.3016970877411218,1.0,4410.216780641293,0.9941497557760486,1.0952520067577847,0.990985794771908,0.26772427768512713,0.9710684158437977
0.4575,1.3011382302118208,1.0,4410.9312772139365,0.9941825690165721,1.0949945104386354,0.9909793860763232,0.2677008056688965,0.9712246268702933
0.458,1.3005793726825199,1.0,4411.64376189038,0.9942151976543968,1.0947370289176899,0.9909729689019223,0.2676773336526658,0.9713804060964566
0.4585,1.3000205151532187,1.0,4412.354235076339,0.9942476427673554,1.0944795621884633,0.9909665432568631,0.2676538616364352,0.9715357535990953
0.459,1.299461657623918,1.0,4413.062697179113,0.9942799054332809,1.0942221102444716,0.9909601091493347,0.2676303896202046,0.9716906694549702
0.4595,1.2989028000946168,1.0,4413.769148607742,0.9943119867300063,1.0939646730792296,0.9909536665875595,0.2676069176039739,0.9718451537407956
0.46,1.2983439425653158,1.0,4414.473589773141,0.9943438877353642,1.0937072506862533,0.9909472155797922,0.2675834455877433,0.9719992065332388
0.4605,1.2977850850360149,1.0,4415.176021087918,0.9943756095271876,1.093449843059058,0.9909407561343192,0.2675599735715126,0.9721528279089203
0.461,1.2972262275067137,1.0,4415.876442966385,0.9944071531833094,1.0931924501911592,0.9909342882594611,0.26753650155528197,0.9723060179444143
0.4615,1.2966673699774127,1.0,4416.574855824628,0.9944385197815624,1.0929350720760722,0.9909278119635705,0.2675130295390513,0.9724587767162477
0.462,1.2961085124481118,1.0,4417.27126008043,0.9944697103997796,1.0926777087073127,0.9909213272550336,0.26748955752282066,0.9726111043009008
0.4625,1.2955496549188106,1.0,4417.965656153346,0.9945007261157938,1.0924203600783964,0.9909148341422697,0.26746608550659,0.9727630007748073
0.463,1.2949907973895096,1.0,4418.658044464705,0.9945315680074378,1.0921630261828381,0.9909083326337317,0.2674426134903594,0.9729144662143543
0.4635,1.2944319398602087,1.0,4419.348425437356,0.9945622371525445,1.0919057070141538,0.990901822737906,0.26741914147412876,0.9730655006958817
0.464,1.2938730823309075,1.0,4420.036799496125,0.994592734628947,1.0916484025658588,0.9908953044633131,0.2673956694578981,0.9732161042956833
0.4645,1.2933142248016067,1.0,4420.723167067436,0.9946230615144779,1.0913911128314686,0.9908887778185075,0.26737219744166746,0.9733662770900057
0.465,1.2927553672723056,1.0,4421.40752857948,0.9946532188869702,1.0911338378044986,0.9908822428120775,0.2673487254254368,0.9735160191550489
0.4655,1.2921965097430044,1.0,4422.089884462207,0.9946832078242567,1.0908765774784643,0.9908756994526461,0.2673252534092062,0.9736653305669665
0.466,1.2916376522137036,1.0,4422.770235147035,0.9947130294041704,1.0906193318468815,0.9908691477488705,0.26730178139297556,0.9738142114018646
0.4665,1.2910787946844025,1.0,4423.448581101251,0.9947426829738234,1.0903621009030235,0.9908625876780569,0.2672783093767449,0.9739626617359433
0.467,1.2905199371551015,1.0,4424.124923205649,0.9947721575578908,1.0901048846372239,0.990856019030096,0.26725483736051425,0.9741106816470426
0.4675,1.2899610796258005,1.0,4424.799261682232,0.9948014690361431,1.0898476830445316,0.9908494420820184,0.2672313653442836,0.974258271210234
0.468,1.2894022220964994,1.0,4425.471596841063,0.9948306181733685,1.0895904961193794,0.9908428568369957,0.26720789332805295,0.9744054305009039
0.4685,1.2888433645671984,1.0,4426.141928993874,0.9948596057343554,1.0893333238562,0.9908362632982202,0.26718442131182235,0.9745521595943982
0.46900000000000003,1.2882845070378974,1.0,4426.810258453812,0.9948884324838924,1.0890761662494266,0.9908296614689034,0.2671609492955917,0.974698458566022
0.46950000000000003,1.2877256495085962,1.0,4427.476585536022,0.9949170991867677,1.0888190232934916,0.9908230513522779,0.26713747727936105,0.9748443274910402
0.47000000000000003,1.2871667919792953,1.0,4428.140910557147,0.9949456066077699,1.0885618949828282,0.9908164329515962,0.2671140052631304,0.9749897664446764
0.47050000000000003,1.2866079344499943,1.0,4428.803233835574,0.9949739555116873,1.088304781311869,0.9908098062701308,0.26709053324689974,0.9751347755021141
0.47100000000000003,1.2860490769206931,1.0,4429.463555691182,0.9950021466633083,1.088047682275047,0.9908031713111752,0.2670670612306691,0.9752793547384961
0.47150000000000003,1.2854902193913922,1.0,4430.121876445839,0.9950301808274215,1.0877905978667948,0.9907965280780437,0.2670435892144385,0.9754235042289245
0.47200000000000003,1.2849313618620912,1.0,4430.778196422656,0.9950580587688149,1.0875335280815455,0.9907898765740712,0.26702011719820784,0.9755672240484607
0.47250000000000003,1.28437250433279,1.0,4431.432515946643,0.9950857812522773,1.0872764729137316,0.9907832168026129,0.2669966451819772,0.9757105142721259
0.47300000000000003,1.283813646803489,1.0,4432.084835344426,0.995113349042597,1.0870194323577864,0.9907765487670458,0.26697317316574654,0.9758533749749
0.47350000000000003,1.2832547892741881,1.0,4432.735154944193,0.9951407629045622,1.0867624064081427,0.9907698724707673,0.2669497011495159,0.9759958062317229
0.47400000000000003,1.282695931744887,1.0,4433.383475075991,0.9951680236029616,1.086505395059233,0.9907631879171965,0.26692622913328523,0.9761378081174937
0.47450000000000003,1.2821370742155862,1.0,4434.029796071431,0.9951951319025836,1.0862483983054902,0.9907564951097734,0.26690275711705463,0.9762793807070711
0.47500000000000003,1.281578216686285,1.0,4434.674118263433,0.9952220885682164,1.0859914161413475,0.9907497940519595,0.266879285100824,0.9764205240752729
0.47550000000000003,1.281019359156984,1.0,4435.316441987062,0.9952488943646485,1.0857344485612372,0.9907430847472379,0.26685581308459333,0.9765612382968768
0.47600000000000003,1.280460501627683,1.0,4435.956767578691,0.9952755500566682,1.0854774955595927,0.9907363671991134,0.2668323410683627,0.9767015234466193
0.47650000000000003,1.279901644098382,1.0,4436.5950953765805,0.9953020564090642,1.0852205571308464,0.9907296414111122,0.266808869052132,0.9768413795991969
0.47700000000000004,1.279342786569081,1.0,4437.231425720423,0.9953284141866247,1.0849636332694315,0.9907229073867827,0.2667853970359014,0.9769808068292651
0.47750000000000004,1.27878392903978,1.0,4437.865758951671,0.9953546241541381,1.0847067239697803,0.990716165129695,0.2667619250196708,0.9771198052114396
0.47800000000000004,1.2782250715104788,1.0,4438.498095413241,0.9953806870763929,1.0844498292263263,0.9907094146434413,0.2667384530034401,0.9772583748202944
0.47850000000000004,1.2776662139811779,1.0,4439.128435449854,0.9954066037181775,1.0841929490335018,0.9907026559316363,0.26671498098720947,0.977396515730364
0.47900000000000004,1.277107356451877,1.0,4439.756779407772,0.9954323748442802,1.08393608338574,0.9906958889979164,0.2666915089709788,0.9775342280161419
0.47950000000000004,1.2765484989225757,1.0,4440.383127635018,0.9954580012194895,1.0836792322774735,0.9906891138459408,0.26666803695474817,0.9776715117520811
0.48,1.275989641393275,1.0,4441.00748048107,0.9954834836085937,1.0834223957031355,0.9906823304793909,0.2666445649385175,0.977808367012594
0.4805,1.2754307838639738,1.0,4441.629838297281,0.9955088227763815,1.0831655736571584,0.9906755389019712,0.2666210929222869,0.9779447938720528
0.481,1.2748719263346728,1.0,4442.25020143617,0.995534019487641,1.0829087661339751,0.9906687391174084,0.26659762090605627,0.978080792404789
0.4815,1.2743130688053719,1.0,4442.868570252253,0.9955590745071607,1.0826519731280189,0.9906619311294521,0.2665741488898256,0.9782163626850933
0.482,1.2737542112760707,1.0,4443.484945101667,0.9955839885997291,1.082395194633722,0.9906551149418753,0.26655067687359496,0.9783515047872164
0.4825,1.2731953537467697,1.0,4444.099326341996,0.9956087625301344,1.0821384306455177,0.9906482905584734,0.2665272048573643,0.9784862187853682
0.483,1.2726364962174688,1.0,4444.7117143325695,0.9956333970631653,1.0818816811578387,0.9906414579830651,0.2665037328411337,0.9786205047537183
0.4835,1.2720776386881676,1.0,4445.322109434202,0.99565789296361,1.0816249461651177,0.990634617219493,0.26648026082490306,0.9787543627663955
0.484,1.2715187811588666,1.0,4445.9305120094505,0.995682250996257,1.0813682256617878,0.9906277682716222,0.2664567888086724,0.9788877928974884
0.4845,1.2709599236295657,1.0,4446.536922422395,0.9957064719258946,1.0811115196422816,0.9906209111433419,0.26643331679244175,0.9790207952210452
0.485,1.2704010661002645,1.0,4447.14134103881,0.9957305565173112,1.080854828101032,0.9906140458385646,0.2664098447762111,0.9791533698110733
0.4855,1.2698422085709637,1.0,4447.743768225911,0.9957545055352955,1.080598151032472,0.9906071723612263,0.26638637275998045,0.9792855167415396
0.486,1.2692833510416626,1.0,4448.344204352808,0.9957783197446356,1.0803414884310343,0.9906002907152874,0.2663629007437498,0.9794172360863711
0.4865,1.2687244935123614,1.0,4448.942649789884,0.99580199991012,1.0800848402911518,0.9905934009047319,0.26633942872751915,0.9795485279194538
0.487,1.2681656359830606,1.0,4449.539104909456,0.9958255467965371,1.0798282066072573,0.9905865029335675,0.26631595671128855,0.9796793923146334
0.4875,1.2676067784537595,1.0,4450.133570085023,0.9958489611686754,1.0795715873737837,0.9905795968058265,0.2662924846950579,0.9798098293457153
0.488,1.2670479209244585,1.0,4450.7260456920585,0.9958722437913232,1.0793149825851638,0.9905726825255654,0.26626901267882724,0.9799398390864642
0.4885,1.2664890633951575,1.0,4451.31653210751,0.9958953954292689,1.0790583922358303,0.9905657600968651,0.2662455406625966,0.9800694216106046
0.489,1.2659302058658564,1.0,4451.905029709873,0.995918416847301,1.0788018163202162,0.9905588295238303,0.26622206864636594,0.9801985769918204
0.4895,1.2653713483365554,1.0,4452.491538879406,0.9959413088102078,1.0785452548327543,0.9905518908105915,0.26619859663013534,0.9803273053037553
0.49,1.2648124908072544,1.0,4453.076059997539,0.9959640720827778,1.0782887077678776,0.9905449439613024,0.2661751246139047,0.9804556066200123
0.4905,1.2642536332779533,1.0,4453.658593447796,0.9959867074297994,1.0780321751200186,0.9905379889801431,0.26615165259767404,0.9805834810141542
0.491,1.2636947757486523,1.0,4454.239139614993,0.996009215616061,1.0777756568836103,0.9905310258713171,0.2661281805814434,0.9807109285597032
0.4915,1.2631359182193513,1.0,4454.817698885573,0.996031597406351,1.0775191530530859,0.9905240546390541,0.26610470856521273,0.9808379493301411
0.492,1.2625770606900502,1.0,4455.394271647692,0.9960538535654578,1.0772626636228775,0.9905170752876082,0.2660812365489821,0.9809645433989097
0.4925,1.2620182031607492,1.0,4455.968858291042,0.9960759848581698,1.0770061885874185,0.9905100878212587,0.2660577645327515,0.9810907108394099
0.493,1.2614593456314482,1.0,4456.541459206648,0.9960979920492755,1.0767497279411418,0.9905030922443111,0.26603429251652083,0.9812164517250023
0.4935,1.260900488102147,1.0,4457.112074787406,0.9961198759035632,1.0764932816784798,0.9904960885610954,0.2660108205002902,0.9813417661290075
0.494,1.2603416305728463,1.0,4457.68070542766,0.9961416371858213,1.0762368497938657,0.9904890767759673,0.2659873484840595,0.9814666541247052
0.4945,1.2597827730435451,1.0,4458.247351523416,0.9961632766608383,1.0759804322817321,0.9904820568933088,0.2659638764678289,0.9815911157853352
0.495,1.259223915514244,1.0,4458.812013472212,0.9961847950934025,1.075724029136512,0.9904750289175269,0.2659404044515982,0.9817151511840966
0.4955,1.2586650579849432,1.0,4459.374691673197,0.9962061932483024,1.0754676403526382,0.9904679928530551,0.2659169324353676,0.9818387603941481
0.496,1.258106200455642,1.0,4459.935386526883,0.9962274718903263,1.0752112659245434,0.9904609487043525,0.265893460419137,0.9819619434886084
0.4965,1.257547342926341,1.0,4460.494098435597,0.9962486317842628,1.0749549058466608,0.9904538964759044,0.2658699884029063,0.9820847005405555
0.497,1.2569884853970401,1.0,4461.05082715954,0.9962696711384172,1.0746985601179986,0.9904468361239902,0.26584651638667567,0.9822070316208474
0.4975,1.256429627867739,1.0,4461.6055689662435,0.9962905735905467,1.0744422287624071,0.9904397673296482,0.265823044370445,0.9823289367885377
0.498,1.255870770338438,1.0,4462.158329745482,0.9963113613174759,1.0741859117353352,0.9904326905011791,0.26579957235421436,0.9824504161351947
0.4985,1.255311912809137,1.0,4462.709109775066,0.9963320348316423,1.073929609032146,0.9904256056384856,0.26577610033798377,0.9825714697332718
0.499,1.2547530552798358,1.0,4463.257909333959,0.9963525946454836,1.0736733206482032,0.9904185127414825,0.2657526283217531,0.9826920976551883
0.4995,1.2541941977505349,1.0,4463.804728703151,0.9963730412714376,1.0734170465788697,0.9904114118100987,0.26572915630552246,0.9828122999733293
0.5,1.253635340221234,1.0,4464.349568164944,0.9963933752219414,1.073160786819509,0.9904043028442767,0.2657056842892918,0.9829320767600458
0.5005000000000001,1.2530764826919327,1.0,4464.892428003079,0.996413597009433,1.0729045413654845,0.9903971858439717,0.26568221227306116,0.9830514280876542
0.501,1.252517625162632,1.0,4465.4333085031085,0.9964337071463498,1.0726483102121593,0.9903900608091529,0.26565874025683056,0.9831703540284371
0.5015000000000001,1.2519587676333308,1.0,4465.972209951604,0.9964537061451295,1.072392093354897,0.9903829277398031,0.2656352682405999,0.9832888546546426
0.502,1.2513999101040296,1.0,4466.509132637114,0.9964735945182097,1.0721358907890606,0.9903757866359186,0.26561179622436926,0.9834069300384845
0.5025000000000001,1.2508410525747287,1.0,4467.044076849534,0.996493372778028,1.0718797025100135,0.9903686374975101,0.2655883242081386,0.9835245802521427
0.503,1.2502821950454277,1.0,4467.577042880189,0.9965130414370219,1.071623528513119,0.9903614803246011,0.26556485219190795,0.9836418053677628
0.5035000000000001,1.2497233375161265,1.0,4468.108031022172,0.9965326010076292,1.0713673687937404,0.9903543151172296,0.2655413801756773,0.9837586054574562
0.504,1.2491644799868258,1.0,4468.637041569833,0.9965520520022872,1.071111223347241,0.9903471418754473,0.2655179081594467,0.9838749805932997
0.5045000000000001,1.2486056224575246,1.0,4469.164074819116,0.9965713949334337,1.0708550921689841,0.9903399605993202,0.26549443614321605,0.9839909308473366
0.505,1.2480467649282236,1.0,4469.689131067432,0.9965906303135064,1.070598975254333,0.9903327712889278,0.2654709641269854,0.9841064562915754
0.5055000000000001,1.2474879073989227,1.0,4470.212210613782,0.9966097586549426,1.0703428725986512,0.9903255739443648,0.26544749211075475,0.9842215569979909
0.506,1.2469290498696215,1.0,4470.733313758673,0.9966287804701801,1.0700867841973016,0.9903183685657386,0.2654240200945241,0.9843362330385231
0.5065000000000001,1.2463701923403205,1.0,4471.25244080399,0.9966476962716565,1.069830710045648,0.9903111551531725,0.26540054807829344,0.9844504844850787
0.507,1.2458113348110196,1.0,4471.769592053331,0.9966665065718093,1.0695746501390533,0.9903039337068025,0.26537707606206284,0.9845643114095292
0.5075000000000001,1.2452524772817184,1.0,4472.284767811541,0.9966852118830762,1.0693186044728809,0.9902967042267803,0.2653536040458322,0.9846777138837127
0.508,1.2446936197524174,1.0,4472.79796838522,0.9967038127178948,1.069062573042494,0.9902894667132716,0.26533013202960154,0.9847906919794329
0.5085000000000001,1.2441347622231165,1.0,4473.309194082169,0.9967223095887026,1.0688065558432565,0.9902822211664564,0.2653066600133709,0.9849032457684593
0.509,1.2435759046938153,1.0,4473.818445212022,0.9967407030079372,1.0685505528705308,0.9902749675865297,0.26528318799714024,0.9850153753225273
0.5095000000000001,1.2430170471645143,1.0,4474.325722085701,0.9967589934880362,1.0682945641196808,0.9902677059737005,0.2652597159809096,0.985127080713338
0.51,1.2424581896352134,1.0,4474.831025015619,0.9967771815414374,1.0680385895860698,0.9902604363281938,0.26523624396467893,0.9852383620125585
0.5105000000000001,1.2418993321059122,1.0,4475.334354315807,0.9967952676805781,1.0677826292650607,0.9902531586502481,0.2652127719484483,0.9853492192918218
0.511,1.2413404745766115,1.0,4475.835710301705,0.9968132524178962,1.0675266831520172,0.9902458729401175,0.2651892999322177,0.9854596526227267
0.5115000000000001,1.2407816170473103,1.0,4476.335093290115,0.996831136265829,1.0672707512423025,0.9902385791980706,0.26516582791598703,0.9855696620768375
0.512,1.2402227595180093,1.0,4476.832503599578,0.9968489197368143,1.06701483353128,0.9902312774243912,0.2651423558997564,0.985679247725685
0.5125,1.2396639019887083,1.0,4477.327941549913,0.9968666033432897,1.0667589300143125,0.9902239676193785,0.2651188838835257,0.9857884096407656
0.513,1.2391050444594072,1.0,4477.821407462675,0.9968841875976926,1.066503040686764,0.990216649783346,0.2650954118672951,0.9858971478935415
0.5135,1.2385461869301064,1.0,4478.312901660568,0.9969016730124608,1.0662471655439971,0.9902093239166234,0.2650719398510645,0.9860054625554409
0.514,1.2379873294008052,1.0,4478.802424467944,0.9969190601000318,1.0659913045813758,0.9902019900195551,0.2650484678348338,0.9861133536978575
0.5145,1.237428471871504,1.0,4479.28997621072,0.9969363493728434,1.065735457794263,0.9901946480925005,0.26502499581860317,0.9862208213921514
0.515,1.236869614342203,1.0,4479.775557216211,0.9969535413433328,1.065479625178022,0.9901872981358351,0.2650015238023725,0.9863278657096484
0.5155,1.2363107568129021,1.0,4480.259167813205,0.996970636523938,1.0652238067280164,0.9901799401499497,0.26497805178614187,0.9864344867216401
0.516,1.235751899283601,1.0,4480.740808331969,0.9969876354270963,1.064968002439609,0.9901725741352502,0.2649545797699112,0.9865406844993844
0.5165,1.2351930417543002,1.0,4481.220479104244,0.9970045385652455,1.0647122123081636,0.9901652000921585,0.2649311077536806,0.9866464591141044
0.517,1.234634184224999,1.0,4481.698180463245,0.9970213464508231,1.0644564363290432,0.9901578180211121,0.26490763573744996,0.9867518106369898
0.5175,1.234075326695698,1.0,4482.173912743575,0.9970380595962668,1.0642006744976114,0.9901504279225641,0.2648841637212193,0.9868567391391957
0.518,1.2335164691663971,1.0,4482.647676281556,0.997054678514014,1.0639449268092311,0.9901430297969838,0.26486069170498866,0.9869612446918433
0.5185,1.232957611637096,1.0,4483.119471414693,0.9970712037165025,1.0636891932592658,0.9901356236448556,0.264837219688758,0.98706532736602
0.519,1.232398754107795,1.0,4483.589298482201,0.9970876357161698,1.0634334738430788,0.9901282094666807,0.2648137476725274,0.9871689872327788
0.5195,1.231839896578494,1.0,4484.057157824514,0.9971039750254534,1.0631777685560335,0.9901207872629756,0.26479027565629676,0.9872722243631386
0.52,1.2312810390491928,1.0,4484.523049783699,0.9971202221567912,1.062922077393493,0.9901133570342734,0.2647668036400661,0.9873750388280844
0.5205,1.230722181519892,1.0,4484.986974703243,0.9971363776226204,1.062666400350821,0.9901059187811229,0.26474333162383545,0.987477430698567
0.521,1.230163323990591,1.0,4485.448932928177,0.997152441935379,1.0624107374233802,0.9900984725040893,0.2647198596076048,0.9875794000455035
0.5215,1.2296044664612897,1.0,4485.908924804826,0.9971684156075044,1.0621550886065345,0.9900910182037542,0.26469638759137415,0.9876809469397763
0.522,1.2290456089319888,1.0,4486.366950681059,0.9971842991514341,1.0618994538956468,0.9900835558807156,0.2646729155751435,0.9877820714522344
0.5225,1.2284867514026878,1.0,4486.82301090637,0.9972000930796059,1.0616438332860805,0.9900760855355873,0.2646494435589129,0.9878827736536924
0.523,1.2279278938733866,1.0,4487.277105831284,0.9972157979044571,1.0613882267731989,0.9900686071690001,0.26462597154268225,0.9879830536149309
0.5235,1.227369036344086,1.0,4487.729235808123,0.9972314141384258,1.0611326343523655,0.9900611207816015,0.2646024995264516,0.9880829114066964
0.524,1.2268101788147847,1.0,4488.179401190659,0.9972469422939491,1.0608770560189433,0.9900536263740548,0.26457902751022094,0.9881823470997017
0.5245,1.2262513212854838,1.0,4488.6276023340315,0.9972623828834648,1.0606214917682957,0.9900461239470411,0.2645555554939903,0.9882813607646251
0.525,1.2256924637561828,1.0,4489.073839594829,0.9972777364194106,1.0603659415957862,0.9900386135012571,0.2645320834777597,0.9883799524721114
0.5255,1.2251336062268816,1.0,4489.518113331009,0.997293003414224,1.0601104054967778,0.9900310950374173,0.26450861146152904,0.9884781222927709
0.526,1.2245747486975807,1.0,4489.960423902096,0.9973081843803425,1.059854883466634,0.9900235685562523,0.2644851394452984,0.9885758702971801
0.5265,1.2240158911682797,1.0,4490.400771669066,0.9973232798302039,1.059599375500718,0.9900160340585104,0.26446166742906774,0.9886731965558814
0.527,1.2234570336389785,1.0,4490.839156994166,0.9973382902762455,1.0593438815943934,0.9900084915449558,0.2644381954128371,0.9887701011393834
0.5275,1.2228981761096775,1.0,4491.275580241427,0.9973532162309052,1.059088401743023,0.9900009410163708,0.26441472339660643,0.9888665841181604
0.528,1.2223393185803766,1.0,4491.710041776107,0.9973680582066206,1.0588329359419704,0.9899933824735548,0.26439125138037584,0.9889626455626531
0.5285,1.2217804610510754,1.0,4492.142541964655,0.9973828167158291,1.058577484186599,0.9899858159173237,0.2643677793641452,0.9890582855432677
0.529,1.2212216035217744,1.0,4492.573081175418,0.9973974922709683,1.0583220464722718,0.9899782413485113,0.26434430734791453,0.9891535041303768
0.5295,1.2206627459924735,1.0,4493.001659777889,0.997412085384476,1.0580666227943525,0.9899706587679683,0.2643208353316839,0.9892483013943189
0.53,1.2201038884631723,1.0,4493.428278143163,0.9974265965687896,1.057811213148204,0.9899630681765634,0.2642973633154532,0.9893426774053984
0.5305,1.2195450309338716,1.0,4493.852936643684,0.9974410263363468,1.05755581752919,0.9899554695751822,0.26427389129922263,0.9894366322338858
0.531,1.2189861734045704,1.0,4494.275635653247,0.9974553751995852,1.0573004359326732,0.9899478629647284,0.264250419282992,0.9895301659500179
0.5315,1.2184273158752694,1.0,4494.696375547203,0.9974696436709424,1.0570450683540176,0.9899402483461226,0.2642269472667613,0.989623278623997
0.532,1.2178684583459685,1.0,4495.115156702249,0.9974838322628559,1.056789714788586,0.9899326257203036,0.2642034752505307,0.9897159703259919
0.5325,1.2173096008166673,1.0,4495.531979496678,0.9974979414877634,1.056534375231742,0.9899249950882283,0.2641800032343,0.9898082411261371
0.533,1.216750743287366,1.0,4495.946844310001,0.9975119718581025,1.0562790496788488,0.9899173564508704,0.26415653121806937,0.9899000910945334
0.5335,1.2161918857580654,1.0,4496.3597515232395,0.9975259238863108,1.0560237381252697,0.9899097098092224,0.2641330592018387,0.9899915203012475
0.534,1.2156330282287642,1.0,4496.77070151892,0.9975397980848257,1.0557684405663679,0.9899020551642942,0.26410958718560806,0.9900825288163122
0.5345,1.2150741706994632,1.0,4497.179694680867,0.9975535949660851,1.055513156997507,0.9898943925171142,0.26408611516937747,0.9901731167097262
0.535,1.2145153131701623,1.0,4497.5867313942845,0.9975673150425265,1.05525788741405,0.9898867218687284,0.2640626431531468,0.9902632840514547
0.5355,1.213956455640861,1.0,4497.991812045965,0.9975809588265874,1.0550026318113601,0.9898790432202015,0.26403917113691616,0.9903530309114285
0.536,1.2133975981115601,1.0,4498.394937024077,0.9975945268307055,1.054747390184801,0.9898713565726159,0.2640156991206855,0.9904423573595444
0.5365,1.2128387405822592,1.0,4498.796105409947,0.9976080133164342,1.0544921625389976,0.9898636618021261,0.26399222710445486,0.9905312634624472
0.537,1.212279883052958,1.0,4499.195317275836,0.9976214170167852,1.054236948871569,0.9898559588739679,0.26396875508822426,0.9906197492892309
0.5375,1.2117210255236572,1.0,4499.592574781322,0.9976347471259528,1.0539817491653651,0.989848247962727,0.2639452830719936,0.9907078149140548
0.538,1.211162167994356,1.0,4499.987878193565,0.9976480039731008,1.0537265634166464,0.9898405290659357,0.26392181105576296,0.9907954604063682
0.5385,1.210603310465055,1.0,4500.381227781074,0.9976611878873933,1.053471391621673,0.9898328021811343,0.2638983390395323,0.9908826858355921
0.539,1.2100444529357541,1.0,4500.772623813662,0.9976742991979939,1.0532162337767053,0.989825067305871,0.26387486702330165,0.9909694912711194
0.5395,1.209485595406453,1.0,4501.162066562651,0.9976873382340665,1.0529610898780037,0.9898173244377022,0.263851395007071,0.9910558767823151
0.54,1.2089267378771518,1.0,4501.549556300666,0.997700305324775,1.0527059599218285,0.989809573574192,0.26382792299084035,0.991141842438516
0.5405,1.208367880347851,1.0,4501.935093301845,0.997713200799283,1.05245084390444,0.9898018147129125,0.26380445097460975,0.9912273883090308
0.541,1.2078090228185498,1.0,4502.318677841369,0.9977260249867547,1.0521957418220984,0.9897940478514438,0.2637809789583791,0.9913125144631405
0.5415,1.2072501652892489,1.0,4502.70031019614,0.9977387782163536,1.0519406536710645,0.9897862729873741,0.26375750694214845,0.9913972209700974
0.542,1.206691307759948,1.0,4503.079990644353,0.9977514608172435,1.051685579447598,0.9897784901183,0.2637340349259178,0.9914815078991264
0.5425,1.2061324502306467,1.0,4503.457719465459,0.9977640731185885,1.05143051914796,0.9897706992418263,0.26371056290968714,0.9915653753194238
0.543,1.2055735927013458,1.0,4503.833496940626,0.9977766154495523,1.0511754727684102,0.9897629003555649,0.26368709089345654,0.9916488233001585
0.5435,1.2050147351720448,1.0,4504.2073233518895,0.9977890881392987,1.0509204403052093,0.9897550934571375,0.2636636188772259,0.9917318519104708
0.544,1.2044558776427436,1.0,4504.579198983045,0.9978014915169915,1.0506654217546174,0.9897472785441733,0.26364014686099524,0.991814461219473
0.5445,1.203897020113443,1.0,4504.949124119174,0.9978138259117946,1.050410417112895,0.9897394556143094,0.2636166748447646,0.9918966512962498
0.545,1.2033381625841417,1.0,4505.31709904665,0.9978260916528717,1.0501554263763022,0.989731624665192,0.26359320282853393,0.9919784222098575
0.5455,1.2027793050548408,1.0,4505.683124053346,0.9978382890693869,1.0499004495410997,0.9897237856944756,0.2635697308123033,0.9920597740293244
0.546,1.2022204475255396,1.0,4506.047199428378,0.9978504184905037,1.0496454866035476,0.9897159386998226,0.26354625879607263,0.9921407068236511
0.5465,1.2016615899962386,1.0,4506.409325462404,0.997862480245386,1.0493905375599064,0.9897080836789043,0.26352278677984203,0.9922212206618095
0.547,1.2011027324669374,1.0,4506.769502447197,0.9978744746631979,1.0491356024064362,0.9897002206294002,0.2634993147636114,0.9923013156127444
0.5475,1.2005438749376367,1.0,4507.127730676106,0.9978864020731029,1.0488806811393974,0.989692349548999,0.26347584274738073,0.9923809917453716
0.548,1.1999850174083355,1.0,4507.484010443766,0.997898262804265,1.0486257737550506,0.9896844704353973,0.2634523707311501,0.9924602491285798
0.5485,1.1994261598790346,1.0,4507.838342046221,0.9979100571858479,1.0483708802496559,0.9896765832863004,0.2634288987149194,0.9925390878312291
0.549,1.1988673023497336,1.0,4508.190725780874,0.9979217855470156,1.0481160006194736,0.9896686880994224,0.2634054266986888,0.9926175079221519
0.5495,1.1983084448204324,1.0,4508.541161946413,0.9979334482169318,1.0478611348607643,0.9896607848724864,0.2633819546824582,0.9926955094701522
0.55,1.1977495872911315,1.0,4508.889650842927,0.9979450455247604,1.0476062829697879,0.9896528736032236,0.2633584826662275,0.9927730925440067
0.5505,1.1971907297618305,1.0,4509.236192771909,0.9979565777996651,1.0473514449428052,0.9896449542893747,0.26333501064999687,0.9928502572124633
0.551,1.1966318722325293,1.0,4509.580788036213,0.9979680453708099,1.0470966207760763,0.9896370269286888,0.2633115386337662,0.9929270035442426
0.5515,1.1960730147032286,1.0,4509.923436940009,0.9979794485673584,1.0468418104658617,0.9896290915189234,0.26328806661753557,0.9930033316080367
0.552,1.1955141571739274,1.0,4510.264139788952,0.9979907877184747,1.0465870140084215,0.9896211480578461,0.26326459460130497,0.99307924147251
0.5525,1.1949552996446262,1.0,4510.602896889714,0.9980020631533224,1.046332231400016,0.9896131965432322,0.2632411225850743,0.993154733206299
0.553,1.1943964421153253,1.0,4510.9397085507035,0.9980132752010655,1.0460774626369058,0.9896052369728668,0.26321765056884366,0.993229806878012
0.5535,1.1938375845860243,1.0,4511.274575081472,0.9980244241908678,1.0458227077153512,0.9895972693445436,0.263194178552613,0.9933044625562293
0.554,1.193278727056723,1.0,4511.607496793052,0.998035510451893,1.0455679666316124,0.9895892936560655,0.26317070653638236,0.9933787003095034
0.5545,1.1927198695274224,1.0,4511.938473997783,0.9980465343133049,1.04531323938195,0.9895813099052444,0.26314723452015176,0.9934525202063588
0.555,1.1921610119981212,1.0,4512.26750700919,0.9980574961042675,1.045058525962624,0.9895733180899015,0.2631237625039211,0.9935259223152919
0.5555,1.1916021544688202,1.0,4512.594596142354,0.9980683961539446,1.0448038263698949,0.9895653182078671,0.26310029048769046,0.9935989067047714
0.556,1.1910432969395193,1.0,4512.919741713668,0.9980792347915,1.0445491406000231,0.9895573102569807,0.2630768184714598,0.9936714734432378
0.5565,1.190484439410218,1.0,4513.242944040826,0.9980900123460974,1.0442944686492688,0.9895492942350907,0.26305334645522915,0.9937436225991038
0.557,1.1899255818809171,1.0,4513.564203442869,0.9981007291469008,1.0440398105138924,0.9895412701400559,0.2630298744389985,0.993815354240754
0.5575,1.1893667243516162,1.0,4513.883520240226,0.998111385523074,1.0437851661901543,0.9895332379697427,0.26300640242276785,0.9938866684365452
0.558,1.188807866822315,1.0,4514.200894754671,0.9981219818037806,1.0435305356743148,0.9895251977220286,0.2629829304065372,0.9939575652548062
0.5585,1.188249009293014,1.0,4514.516327309359,0.9981325183181848,1.043275918962634,0.9895171493947992,0.2629594583903066,0.9940280447638378
0.559,1.187690151763713,1.0,4514.829818228496,0.9981429953954503,1.0430213160513726,0.9895090929859506,0.26293598637407595,0.9940981070319129
0.5595,1.1871312942344119,1.0,4515.141367838006,0.9981534133647407,1.0427667269367908,0.9895010284933873,0.2629125143578453,0.9941677521272767
0.56,1.186572436705111,1.0,4515.450976464981,0.99816377255522,1.042512151615149,0.9894929559150243,0.26288904234161464,0.994236980118146
0.5605,1.18601357917581,1.0,4515.758644437899,0.9981740732960521,1.0422575900827074,0.9894848752487858,0.262865570325384,0.9943057910727101
0.561,1.1854547216465088,1.0,4516.064372086573,0.9981843159164007,1.0420030423357263,0.9894767864926053,0.2628420983091534,0.9943741850591301
0.5615,1.184895864117208,1.0,4516.368159741937,0.9981945007454297,1.0417485083704663,0.9894686896444267,0.26281862629292274,0.9944421621455393
0.562,1.1843370065879069,1.0,4516.670007736687,0.9982046281123029,1.0414939881831875,0.9894605847022026,0.2627951542766921,0.994509722400043
0.5625,1.183778149058606,1.0,4516.969916404426,0.9982146983461841,1.0412394817701505,0.989452471663896,0.26277168226046144,0.9945768658907188
0.5630000000000001,1.183219291529305,1.0,4517.267886080349,0.9982247117762372,1.0409849891276153,0.9894443505274796,0.2627482102442308,0.9946435926856163
0.5635,1.1826604340000038,1.0,4517.563917100975,0.9982346687316259,1.0407305102518425,0.9894362212909359,0.26272473822800013,0.9947099028527568
0.5640000000000001,1.1821015764707028,1.0,4517.858009804117,0.9982445695415142,1.0404760451390922,0.9894280839522571,0.26270126621176954,0.9947757964601345
0.5645,1.1815427189414018,1.0,4518.150164528701,0.9982544145350658,1.040221593785625,0.9894199385094453,0.2626777941955389,0.9948412735757148
0.5650000000000001,1.1809838614121007,1.0,4518.440381615282,0.9982642040414444,1.039967156187701,0.9894117849605129,0.26265432217930823,0.9949063342674359
0.5655,1.1804250038827997,1.0,4518.728661405652,0.9982739383898143,1.039712732341581,0.9894036233034817,0.2626308501630776,0.9949709786032077
0.5660000000000001,1.1798661463534987,1.0,4519.015004242848,0.9982836179093388,1.0394583222435245,0.9893954535363838,0.2626073781468469,0.9950352066509126
0.5665,1.1793072888241976,1.0,4519.299410471312,0.998293242929182,1.0392039258897927,0.9893872756572614,0.2625839061306163,0.9950990184784044
0.5670000000000001,1.1787484312948966,1.0,4519.581880436941,0.9983028137785076,1.0389495432766453,0.9893790896641667,0.2625604341143857,0.99516241415351
0.5675,1.1781895737655956,1.0,4519.862414486487,0.9983123307864796,1.0386951744003432,0.989370895555162,0.262536962098155,0.9952253937440275
0.5680000000000001,1.1776307162362945,1.0,4520.141012968572,0.9983217942822616,1.0384408192571462,0.9893626933283199,0.26251349008192437,0.9952879573177278
0.5685,1.1770718587069937,1.0,4520.417676232757,0.9983312045950177,1.038186477843315,0.9893544829817231,0.2624900180656937,0.9953501049423533
0.5690000000000001,1.1765130011776925,1.0,4520.692404630219,0.9983405620539114,1.0379321501551098,0.9893462645134647,0.26246654604946307,0.9954118366856193
0.5695,1.1759541436483916,1.0,4520.965198513158,0.9983498669881069,1.037677836188791,0.9893380379216479,0.2624430740332324,0.9954731526152124
0.5700000000000001,1.1753952861190906,1.0,4521.236058235425,0.9983591197267677,1.037423535940619,0.9893298032043862,0.2624196020170018,0.9955340527987921
0.5705,1.1748364285897894,1.0,4521.5049841517675,0.9983683205990578,1.0371692494068538,0.989321560359804,0.26239613000077117,0.9955945373039895
0.5710000000000001,1.1742775710604882,1.0,4521.771976618541,0.9983774699341409,1.0369149765837562,0.9893133093860353,0.2623726579845405,0.995654606198408
0.5715,1.1737187135311875,1.0,4522.037035993458,0.998386568061181,1.0366607174675861,0.9893050502812252,0.26234918596830986,0.9957142595496231
0.5720000000000001,1.1731598560018863,1.0,4522.300162635285,0.9983956153093417,1.0364064720546042,0.9892967830435289,0.2623257139520792,0.9957734974251827
0.5725,1.1726009984725854,1.0,4522.56135690436,0.9984046120077871,1.0361522403410708,0.9892885076711122,0.26230224193584856,0.9958323198926067
0.5730000000000001,1.1720421409432844,1.0,4522.820619162241,0.9984135584856809,1.035898022323246,0.989280224162152,0.26227876991961796,0.995890727019387
0.5735,1.1714832834139832,1.0,4523.077949771584,0.9984224550721869,1.0356438179973904,0.9892719325148354,0.2622552979033873,0.9959487188729876
0.5740000000000001,1.1709244258846823,1.0,4523.333349096692,0.9984313020964688,1.035389627359764,0.9892636327273597,0.26223182588715666,0.9960062955208452
0.5745,1.1703655683553813,1.0,4523.586817502962,0.9984400998876907,1.0351354504066275,0.9892553247979338,0.262208353870926,0.996063457030368
0.5750000000000001,1.1698067108260801,1.0,4523.83835535718,0.9984488487750163,1.034881287134241,0.9892470087247764,0.26218488185469535,0.9961202034689369
0.5755,1.1692478532967794,1.0,4524.087963027438,0.9984575490876093,1.034627137538865,0.989238684506118,0.2621614098384647,0.9961765349039048
0.5760000000000001,1.1686889957674782,1.0,4524.335633847642,0.998466188694901,1.0343730016664312,0.9892303518770368,0.2621379378222341,0.9962324513917077
0.5765,1.1681301382381772,1.0,4524.5813732059605,0.9984747767131031,1.0341188794777714,0.9892220110209058,0.26211446580600345,0.9962879530075934
0.577,1.1675712807088763,1.0,4524.825184017815,0.9984833180469196,1.0338647709511894,0.9892136620326069,0.2620909937897728,0.9963430398227789
0.5775,1.167012423179575,1.0,4525.0670665292155,0.998491812895264,1.033610676083845,0.9892053049077113,0.26206752177354214,0.9963977119042948
0.578,1.1664535656502741,1.0,4525.307020987285,0.9985002614570497,1.0333565948728978,0.9891969396417939,0.2620440497573115,0.9964519693191498
0.5785,1.1658947081209732,1.0,4525.545047640641,0.9985086639311906,1.0331025273155074,0.9891885662304316,0.2620205777410809,0.9965058121343306
0.579,1.165335850591672,1.0,4525.78114673885,0.9985170205166001,1.032848473408834,0.9891801846692044,0.26199710572485024,0.9965592404168021
0.5795,1.164776993062371,1.0,4526.015318533008,0.9985253314121918,1.0325944331500367,0.9891717949536952,0.2619736337086196,0.996612254233507
0.58,1.16421813553307,1.0,4526.247563275534,0.9985335968168793,1.0323404065362758,0.9891633970794899,0.26195016169238894,0.9966648536513661
0.5805,1.163659278003769,1.0,4526.477881220048,0.9985418169295761,1.0320863935647104,0.9891549910421765,0.2619266896761583,0.9967170387372785
0.581,1.1631004204744682,1.0,4526.706272621274,0.998549991949196,1.031832394232501,0.9891465768373471,0.26190321765992763,0.9967688095581206
0.5815,1.162541562945167,1.0,4526.932737735558,0.9985581220746524,1.0315784085368065,0.9891381544605955,0.261879745643697,0.9968201661807479
0.582,1.161982705415866,1.0,4527.157276820388,0.998566207504859,1.031324436474787,0.9891297239075196,0.2618562736274664,0.996871108671993
0.5825,1.161423847886565,1.0,4527.379890134326,0.9985742484387293,1.0310704780436022,0.9891212851737193,0.26183280161123573,0.9969216370986672
0.583,1.1608649903572639,1.0,4527.600577937375,0.9985822450751769,1.030816533240412,0.9891128382547979,0.2618093295950051,0.9969717515275592
0.5835,1.1603061328279627,1.0,4527.819340490895,0.9985901976131154,1.0305626020623757,0.9891043831463615,0.26178585757877443,0.9970214520254365
0.584,1.159747275298662,1.0,4528.036178057398,0.9985981062514584,1.0303086845066531,0.9890959198440199,0.2617623855625438,0.9970707386590439
0.5845,1.1591884177693608,1.0,4528.251090900749,0.9986059711891194,1.0300547805704043,0.9890874483433847,0.2617389135463132,0.9971196114951048
0.585,1.1586295602400598,1.0,4528.46407928596,0.9986137926250122,1.0298008902507887,0.9890789686400717,0.2617154415300825,0.9971680706003203
0.5855,1.1580707027107588,1.0,4528.6751434794005,0.9986215707580501,1.029547013544966,0.9890704807296993,0.2616919695138519,0.9972161160413698
0.586,1.1575118451814577,1.0,4528.884283748749,0.9986293057871469,1.0292931504500962,0.9890619846078891,0.2616684974976212,0.9972637478849108
0.5865,1.1569529876521567,1.0,4529.091500362916,0.9986369979112162,1.0290393009633385,0.9890534802702656,0.26164502548139057,0.9973109661975786
0.587,1.1563941301228557,1.0,4529.296793591993,0.9986446473291714,1.028785465081853,0.9890449677124566,0.2616215534651599,0.9973577710459867
0.5875,1.1558352725935546,1.0,4529.500163707508,0.9986522542399261,1.0285316428027993,0.9890364469300933,0.26159808144892926,0.9974041624967266
0.588,1.1552764150642538,1.0,4529.70161098226,0.9986598188423941,1.0282778341233372,0.9890279179188098,0.26157460943269867,0.997450140616368
0.5885,1.1547175575349526,1.0,4529.90113568997,0.9986673413354888,1.0280240390406263,0.9890193806742433,0.261551137416468,0.9974957054714587
0.589,1.1541587000056517,1.0,4530.098738106009,0.9986748219181238,1.0277702575518264,0.9890108351920346,0.26152766540023736,0.9975408571285244
0.5895,1.1535998424763507,1.0,4530.294418506927,0.9986822607892129,1.0275164896540971,0.9890022814678274,0.2615041933840067,0.9975855956540688
0.59,1.1530409849470495,1.0,4530.4881771703685,0.9986896581476694,1.0272627353445982,0.988993719497269,0.26148072136777606,0.9976299211145739
0.5905,1.1524821274177484,1.0,4530.6800143754945,0.998697014192407,1.0270089946204894,0.9889851492760096,0.2614572493515454,0.9976738335764999
0.591,1.1519232698884476,1.0,4530.869930402558,0.9987043291223393,1.0267552674789306,0.9889765707997031,0.2614337773353148,0.9977173331062846
0.5915,1.1513644123591464,1.0,4531.057925533072,0.9987116031363799,1.0265015539170812,0.9889679840640062,0.26141030531908416,0.9977604197703445
0.592,1.1508055548298455,1.0,4531.244000049814,0.9987188364334423,1.026247853932101,0.9889593890645798,0.2613868333028535,0.9978030936350737
0.5925,1.1502466973005445,1.0,4531.4281542369,0.9987260292124401,1.02599416752115,0.9889507857970872,0.26136336128662285,0.9978453547668443
0.593,1.1496878397712433,1.0,4531.610388379709,0.998733181672287,1.0257404946813873,0.9889421742571959,0.2613398892703922,0.9978872032320073
0.5935,1.1491289822419424,1.0,4531.79070276479,0.9987402940118965,1.025486835409973,0.9889335544405764,0.26131641725416155,0.9979286390968908
0.594,1.1485701247126414,1.0,4531.969097680034,0.9987473664301821,1.0252331897040672,0.9889249263429027,0.26129294523793095,0.9979696624278015
0.5945,1.1480112671833402,1.0,4532.145573414419,0.9987543991260577,1.024979557560829,0.988916289959852,0.2612694732217003,0.9980102732910243
0.595,1.1474524096540395,1.0,4532.320130258391,0.9987613922984365,1.0247259389774181,0.9889076452871058,0.26124600120546965,0.998050471752822
0.5955,1.1468935521247383,1.0,4532.492768503519,0.9987683461462323,1.0244723339509947,0.9888989923203481,0.261222529189239,0.9980902578794356
0.596,1.1463346945954374,1.0,4532.663488442717,0.9987752608683587,1.0242187424787181,0.988890331055267,0.26119905717300834,0.998129631737084
0.5965,1.1457758370661362,1.0,4532.832290370101,0.9987821366637291,1.0239651645577483,0.9888816614875542,0.26117558515677775,0.9981685933919644
0.597,1.1452169795368352,1.0,4532.9991745809175,0.9987889737312573,1.0237116001852449,0.9888729836129047,0.2611521131405471,0.9982071429102523
0.5975,1.144658122007534,1.0,4533.164141371958,0.9987957722698567,1.0234580493583674,0.988864297427017,0.26112864112431644,0.9982452803581008
0.598,1.1440992644782333,1.0,4533.327191040924,0.9988025324784411,1.0232045120742759,0.9888556029255935,0.2611051691080858,0.9982830058016415
0.5985,1.143540406948932,1.0,4533.488323887067,0.998809254555924,1.0229509883301298,0.9888469001043404,0.26108169709185514,0.9983203193069842
0.599,1.1429815494196311,1.0,4533.647540210625,0.9988159387012188,1.022697478123089,0.9888381889589667,0.2610582250756245,0.9983572209402165
0.5995,1.1424226918903302,1.0,4533.804840313432,0.9988225851132393,1.0224439814503132,0.9888294694851859,0.2610347530593939,0.9983937107674044
0.6,1.141863834361029,1.0,4533.96022449805,0.998829193990899,1.022190498308962,0.988820741678715,0.26101128104316323,0.9984297888545917
0.6005,1.141304976831728,1.0,4534.113693068761,0.9988357655331116,1.0219370286961953,0.9888120055352746,0.2609878090269326,0.9984654552678007
0.601,1.140746119302427,1.0,4534.265246330916,0.9988422999387905,1.0216835726091724,0.9888032610505891,0.26096433701070193,0.9985007100730318
0.6015,1.140187261773126,1.0,4534.4148845910295,0.9988487974068494,1.0214301300450535,0.9887945082203867,0.2609408649944713,0.9985355533362631
0.602,1.1396284042438252,1.0,4534.56260815707,0.9988552581362019,1.0211767010009982,0.9887857470403992,0.2609173929782407,0.9985699851234513
0.6025,1.139069546714524,1.0,4534.708417337992,0.9988616823257616,1.0209232854741659,0.9887769775063625,0.26089392096201003,0.9986040055005311
0.603,1.1385106891852228,1.0,4534.85231244408,0.9988680701744419,1.0206698834617167,0.9887681996140157,0.2608704489457794,0.9986376145334154
0.6035,1.1379518316559218,1.0,4534.994293787024,0.9988744218811566,1.02041649496081,0.9887594133591027,0.2608469769295487,0.9986708122879949
0.604,1.1373929741266209,1.0,4535.134361679545,0.9988807376448192,1.020163119968606,0.9887506187373706,0.26082350491331807,0.998703598830139
0.6045,1.1368341165973197,1.0,4535.272516435728,0.9988870176643433,1.0199097584822638,0.9887418157445702,0.2608000328970874,0.9987359742256949
0.605,1.136275259068019,1.0,4535.40875837077,0.9988932621386425,1.0196564104989436,0.9887330043764572,0.26077656088085677,0.998767938540488
0.6055,1.1357164015387178,1.0,4535.543087801277,0.9988994712666304,1.0194030760158048,0.98872418462879,0.2607530888646261,0.9987994918403218
0.606,1.1351575440094168,1.0,4535.675505045,0.9989056452472205,1.0191497550300073,0.9887153564973319,0.2607296168483955,0.9988306341909781
0.6065,1.1345986864801159,1.0,4535.806010420848,0.9989117842793264,1.0188964475387106,0.9887065199778498,0.26070614483216487,0.9988613656582167
0.607,1.1340398289508147,1.0,4535.934604249087,0.9989178885618618,1.0186431535390745,0.9886976750661144,0.2606826728159342,0.9988916863077758
0.6075,1.1334809714215137,1.0,4536.061286851133,0.9989239582937401,1.018389873028259,0.9886888217579006,0.26065920079970356,0.9989215962053716
0.608,1.1329221138922128,1.0,4536.186058549722,0.998929993673875,1.0181366060034234,0.9886799600489878,0.2606357287834729,0.9989510954166984
0.6085,1.1323632563629116,1.0,4536.308919668817,0.9989359949011802,1.0178833524617277,0.988671089935159,0.2606122567672423,0.9989801840074286
0.609,1.1318043988336106,1.0,4536.429870533449,0.9989419621745691,1.0176301124003315,0.988662211412201,0.26058878475101166,0.9990088620432133
0.6095,1.1312455413043097,1.0,4536.548911470043,0.9989478956929554,1.0173768858163945,0.9886533244759053,0.260565312734781,0.999037129589681
0.61,1.1306866837750085,1.0,4536.666042806215,0.9989537956552526,1.0171236727070765,0.9886444291220671,0.26054184071855035,0.9990649867124392
0.6105,1.1301278262457075,1.0,4536.7812648708095,0.9989596622603742,1.016870473069537,0.988635525346486,0.2605183687023197,0.9990924334770728
0.611,1.1295689687164066,1.0,4536.894577993896,0.998965495707234,1.016617286900936,0.9886266131449658,0.26049489668608905,0.9991194699491454
0.6115,1.1290101111871054,1.0,4537.005982506773,0.9989712961947456,1.016364114198433,0.9886176925133143,0.2604714246698584,0.9991460961941985
0.612,1.1284512536578046,1.0,4537.1154787420055,0.9989770639218223,1.0161109549591878,0.9886087634473439,0.2604479526536278,0.9991723122777519
0.6125,1.1278923961285034,1.0,4537.223067033177,0.998982799087378,1.0158578091803603,0.9885998259428705,0.26042448063739715,0.9991981182653038
0.613,1.1273335385992025,1.0,4537.328747715429,0.9989885018903261,1.0156046768591098,0.988590879995715,0.2604010086211665,0.9992235142223302
0.6135,1.1267746810699015,1.0,4537.432521124873,0.9989941725295802,1.0153515579925962,0.9885819256017024,0.26037753660493584,0.9992485002142856
0.614,1.1262158235406003,1.0,4537.53438759889,0.9989998112040539,1.0150984525779794,0.9885729627566616,0.2603540645887052,0.9992730763066023
0.6145,1.1256569660112994,1.0,4537.634347476289,0.9990054181126609,1.0148453606124188,0.9885639914564267,0.2603305925724746,0.9992972425646914
0.615,1.1250981084819984,1.0,4537.732401096721,0.9990109934543147,1.0145922820930744,0.9885550116968354,0.26030712055624394,0.9993209990539418
0.6155,1.1245392509526972,1.0,4537.8285488013125,0.9990165374279287,1.0143392170171057,0.9885460234737298,0.2602836485400133,0.9993443458397205
0.616,1.1239803934233963,1.0,4537.922790932452,0.9990220502324169,1.0140861653816726,0.9885370267829566,0.26026017652378264,0.999367282987373
0.6165,1.1234215358940953,1.0,4538.015127833573,0.9990275320666925,1.0138331271839347,0.9885280216203672,0.260236704507552,0.9993898105622229
0.617,1.1228626783647941,1.0,4538.105559849417,0.9990329831296691,1.0135801024210518,0.988519007981817,0.26021323249132133,0.9994119286295718
0.6175,1.1223038208354932,1.0,4538.194087326021,0.9990384036202606,1.0133270910901833,0.9885099858631661,0.2601897604750907,0.9994336372547001
0.618,1.1217449633061922,1.0,4538.280710610475,0.9990437937373804,1.0130740931884894,0.9885009552602789,0.2601662884588601,0.9994549365028658
0.6185,1.121186105776891,1.0,4538.365430051162,0.9990491536799421,1.0128211087131294,0.9884919161690245,0.26014281644262943,0.9994758264393052
0.619,1.1206272482475903,1.0,4538.4482459976425,0.9990544836468592,1.0125681376612632,0.9884828685852767,0.2601193444263988,0.9994963071292332
0.6195,1.1200683907182891,1.0,4538.529158800815,0.9990597838370454,1.0123151800300505,0.9884738125049132,0.2600958724101681,0.9995163786378426
0.62,1.1195095331889882,1.0,4538.608168812622,0.9990650544494143,1.0120622358166511,0.9884647479238171,0.2600724003939375,0.9995360410303046
0.6205,1.1189506756596872,1.0,4538.685276386385,0.9990702956828794,1.0118093050182246,0.9884556748378753,0.2600489283777069,0.9995552943717683
0.621,1.118391818130386,1.0,4538.76048187647,0.9990755077363543,1.0115563876319307,0.9884465932429803,0.2600254563614762,0.9995741387273614
0.6215,1.1178329606010848,1.0,4538.83378563858,0.9990806908087526,1.011303483654929,0.9884375031350284,0.2600019843452456,0.9995925741621899
0.622,1.117274103071784,1.0,4538.905188029494,0.9990858450989879,1.0110505930843796,0.9884284045099209,0.2599785123290149,0.9996106007413376
0.6225,1.116715245542483,1.0,4538.974689407377,0.9990909708059738,1.010797715917442,0.9884192973635637,0.25995504031278427,0.9996282185298668
0.623,1.116156388013182,1.0,4539.042290131429,0.9990960681286237,1.0105448521512759,0.9884101816918675,0.2599315682965536,0.999645427592818
0.6235,1.115597530483881,1.0,4539.107990562307,0.9991011372658515,1.0102920017830408,0.9884010574907478,0.259908096280323,0.9996622279952101
0.624,1.1150386729545798,1.0,4539.171791061499,0.9991061784165707,1.0100391648098968,0.9883919247561249,0.25988462426409237,0.99967861980204
0.6245,1.1144798154252789,1.0,4539.233691991948,0.9991111917796947,1.0097863412290033,0.9883827834839235,0.2598611522478617,0.9996946030782828
0.625,1.113920957895978,1.0,4539.29345176091,0.9991161679042909,1.0095335327429398,0.9883736335115119,0.25983768023163106,0.9997101777852019
0.6255000000000001,1.1133621003666767,1.0,4539.351336746395,0.9991211168043179,1.0092807374738695,0.9883644749907243,0.2598142082154004,0.9997253441069551
0.626,1.112803242837376,1.0,4539.407351123609,0.9991260387942636,1.0090279553921118,0.9883553079191576,0.2597907361991698,0.9997401021091774
0.6265000000000001,1.1122443853080748,1.0,4539.4614938663335,0.9991309339889081,1.0087751865046548,0.9883461322911804,0.25976726418293916,0.9997544518552568
0.627,1.1116855277787738,1.0,4539.513763949565,0.9991358025030314,1.008522430818487,0.9883369481011611,0.2597437921667085,0.9997683934086228
0.6275000000000001,1.1111266702494726,1.0,4539.564160349525,0.9991406444514137,1.0082696883405966,0.9883277553434692,0.25972032015047786,0.9997819268327468
0.628,1.1105678127201717,1.0,4539.612682043484,0.9991454599488354,1.0080169590779722,0.9883185540124729,0.2596968481342472,0.999795052191142
0.6285000000000001,1.1100089551908705,1.0,4539.659328009897,0.9991502491100765,1.0077642430376017,0.9883093441025427,0.25967337611801655,0.9998077695473631
0.629,1.1094500976615698,1.0,4539.7040972283185,0.9991550120499173,1.0075115402264736,0.9883001256080477,0.2596499041017859,0.9998200789650066
0.6295000000000001,1.1088912401322686,1.0,4539.746988679405,0.9991597488831379,1.0072588506515765,0.9882908985233583,0.25962643208555525,0.9998319805077108
0.63,1.1083323826029676,1.0,4539.78800134517,0.9991644597245183,1.0070061743198984,0.9882816628428447,0.25960296006932465,0.9998434742391556
0.6305000000000001,1.1077735250736667,1.0,4539.827134208439,0.9991691446888389,1.0067535112384276,0.9882724185608774,0.259579488053094,0.9998545602230626
0.631,1.1072146675443655,1.0,4539.864386253395,0.9991738038908798,1.0065008614141528,0.9882631656718278,0.25955601603686335,0.9998652385231951
0.6315000000000001,1.1066558100150645,1.0,4539.899756465505,0.9991784374454212,1.0062482248540618,0.9882539041700671,0.2595325440206327,0.999875509203358
0.632,1.1060969524857636,1.0,4539.933243831091,0.9991830454672432,1.0059956015651434,0.988244634049967,0.25950907200440204,0.9998853723273982
0.6325000000000001,1.1055380949564624,1.0,4539.964847337845,0.999187628071126,1.0057429915543856,0.9882353553058996,0.25948559998817144,0.9998948279592036
0.633,1.1049792374271616,1.0,4539.994565974486,0.99919218537185,1.005490394828777,0.9882260679322373,0.2594621279719408,0.9999038761627045
0.6335000000000001,1.1044203798978605,1.0,4540.022398730988,0.9991967174841949,1.0052378113953058,0.9882167719233533,0.25943865595571014,0.9999125170018724
0.634,1.1038615223685595,1.0,4540.048344598392,0.9992012245229412,1.0049852412609603,0.9882074672736211,0.2594151839394795,0.9999207505407207
0.6345000000000001,1.1033026648392583,1.0,4540.072402569079,0.9992057066028691,1.004732684432729,0.9881981539774138,0.25939171192324884,0.9999285768433043
0.635,1.1027438073099574,1.0,4540.094571636469,0.9992101638387587,1.0044801409175996,0.988188832029106,0.2593682399070182,0.9999359959737195
0.6355000000000001,1.1021849497806562,1.0,4540.114850795065,0.9992145963453901,1.0042276107225612,0.9881795014230722,0.25934476789078753,0.9999430079961049
0.636,1.1016260922513554,1.0,4540.133239040796,0.9992190042375435,1.003975093854602,0.9881701621536875,0.25932129587455693,0.99994961297464
0.6365000000000001,1.1010672347220543,1.0,4540.149735370424,0.9992233876299991,1.0037225903207099,0.9881608142153278,0.2592978238583263,0.9999558109735465
0.637,1.1005083771927533,1.0,4540.164338782228,0.9992277466375371,1.0034701001278734,0.9881514576023686,0.25927435184209563,0.9999616020570872
0.6375000000000001,1.0999495196634523,1.0,4540.177048275404,0.9992320813749377,1.0032176232830812,0.9881420923091868,0.259250879825865,0.9999669862895669
0.638,1.0993906621341512,1.0,4540.187862850502,0.9992363919569809,1.0029651597933211,0.9881327183301597,0.2592274078096343,0.9999719637353318
0.6385000000000001,1.0988318046048502,1.0,4540.1967815092075,0.999240678498447,1.0027127096655817,0.9881233356596646,0.25920393579340373,0.99997653445877
0.639,1.0982729470755492,1.0,4540.203803254222,0.9992449411141162,1.0024602729068512,0.9881139442920798,0.2591804637771731,0.9999806985243106
0.6395000000000001,1.097714089546248,1.0,4540.208927089686,0.9992491799187687,1.0022078495241182,0.9881045442217837,0.2591569917609424,0.9999844559964249
0.64,1.0971552320169473,1.0,4540.2121520207575,0.9992533950271845,1.0019554395243708,0.9880951354431563,0.25913351974471177,0.9999878069396254
0.6405,1.0965963744876461,1.0,4540.2134770539105,0.999257586554144,1.0017030429145974,0.9880857179505769,0.2591100477284811,0.9999907514184663
0.641,1.096037516958345,1.0,4540.212901196684,0.9992617546144271,1.0014506597017863,0.9880762917384261,0.25908657571225047,0.9999932894975434
0.6415,1.0954786594290442,1.0,4540.21042345798,0.9992658993228142,1.0011982898929257,0.9880668568010851,0.25906310369601987,0.999995421241494
0.642,1.094919801899743,1.0,4540.206042847644,0.9992700207940854,1.000945933495004,0.9880574131329354,0.2590396316797892,0.999997146714997
0.6425,1.094360944370442,1.0,4540.199758376844,0.9992741191430209,1.0006935905150098,0.9880479607283592,0.25901615966355857,0.9999984659827726
0.643,1.093802086841141,1.0,4540.191569058116,0.9992781944844008,1.000441260959931,0.9880384995817402,0.2589926876473279,0.999999379109583
0.6435,1.09324322931184,1.0,4540.181473904865,0.9992822469330053,1.0001889448367562,0.9880290296874611,0.25896921563109726,0.9999998861602317
0.644,1.092684371782539,1.0,4540.169471932073,0.9992862766036146,0.9999366421524737,0.9880195510399068,0.2589457436148666,0.9999999871995636
0.6445,1.092125514253238,1.0,4540.155562155679,0.9992902836110088,0.9996843529140718,0.9880100636334621,0.258922271598636,0.9999996822924654
0.645,1.0915666567239368,1.0,4540.139743592789,0.9992942680699682,0.9994320771285387,0.9880005674625131,0.25889879958240536,0.9999989715038651
0.6455,1.091007799194636,1.0,4540.122015261843,0.999298230095273,0.9991798148028629,0.9879910625214454,0.2588753275661747,0.9999978548987322
0.646,1.090448941665335,1.0,4540.102376182537,0.999302169801703,0.9989275659440325,0.9879815488046468,0.25885185554994405,0.9999963325420778
0.6465,1.089890084136034,1.0,4540.080825375655,0.9993060873040389,0.9986753305590362,0.987972026306505,0.2588283835337134,0.9999944044989546
0.647,1.0893312266067328,1.0,4540.057361863282,0.9993099827170605,0.9984231086548621,0.9879624950214089,0.25880491151748275,0.9999920708344567
0.6475,1.0887723690774318,1.0,4540.031984668763,0.9993138561555482,0.9981709002384985,0.9879529549437472,0.25878143950125215,0.9999893316137196
0.648,1.0882135115481306,1.0,4540.004692816452,0.999317707734282,0.9979187053169338,0.9879434060679109,0.2587579674850215,0.9999861869019204
0.6485,1.0876546540188299,1.0,4539.975485332181,0.9993215375680421,0.9976665238971563,0.9879338483882906,0.25873449546879085,0.9999826367642776
0.649,1.0870957964895287,1.0,4539.944361242795,0.9993253457716088,0.9974143559861542,0.9879242818992781,0.2587110234525602,0.9999786812660513
0.6495,1.0865369389602277,1.0,4539.911319576536,0.9993291324597621,0.9971622015909162,0.9879147065952658,0.25868755143632954,0.9999743204725428
0.65,1.0859780814309268,1.0,4539.876359362872,0.9993328977472823,0.9969100607184301,0.9879051224706474,0.25866407942009895,0.9999695544490951
0.6505,1.0854192239016256,1.0,4539.839479632252,0.9993366417489495,0.9966579333756848,0.9878955295198174,0.2586406074038683,0.9999643832610926
0.651,1.0848603663723246,1.0,4539.800679416736,0.9993403645795439,0.9964058195696681,0.9878859277371704,0.25861713538763764,0.9999588069739611
0.6515,1.0843015088430237,1.0,4539.75995774924,0.9993440663538457,0.9961537193073686,0.9878763171171029,0.258593663371407,0.999952825653168
0.652,1.0837426513137225,1.0,4539.717313664258,0.999347747186635,0.9959016325957746,0.9878666976540117,0.25857019135517634,0.9999464393642219
0.6525,1.0831837937844218,1.0,4539.672746197265,0.999351407192692,0.9956495594418745,0.9878570693422946,0.2585467193389457,0.9999396481726729
0.653,1.0826249362551206,1.0,4539.626254385151,0.999355046486797,0.9953974998526565,0.9878474321763502,0.25852324732271503,0.9999324521441125
0.6535,1.0820660787258194,1.0,4539.577837265921,0.99935866518373,0.9951454538351089,0.9878377861505784,0.2584997753064844,0.999924851344174
0.654,1.0815072211965184,1.0,4539.527493878995,0.9993622633982712,0.9948934213962202,0.9878281312593797,0.2584763032902538,0.9999168458385314
0.6545,1.0809483636672175,1.0,4539.475223264789,0.9993658412452009,0.9946414025429785,0.9878184674971556,0.25845283127402313,0.9999084356929006
0.655,1.0803895061379163,1.0,4539.421024465134,0.9993693988392991,0.9943893972823723,0.9878087948583089,0.2584293592577925,0.9998996209730387
0.6555,1.0798306486086156,1.0,4539.364896523161,0.9993729362953461,0.9941374056213899,0.9877991133372428,0.2584058872415618,0.9998904017447445
0.656,1.0792717910793144,1.0,4539.306838483125,0.9993764537281219,0.9938854275670196,0.9877894229283624,0.2583824152253312,0.9998807780738579
0.6565,1.0787129335500134,1.0,4539.246849390708,0.9993799512524069,0.9936334631262497,0.9877797236260724,0.2583589432091006,0.9998707500262601
0.657,1.0781540760207124,1.0,4539.184928292594,0.9993834289829812,0.9933815123060685,0.98777001542478,0.2583354711928699,0.999860317667874
0.6575,1.0775952184914113,1.0,4539.121074236858,0.9993868870346249,0.9931295751134646,0.9877602983188926,0.2583119991766393,0.9998494810646635
0.658,1.0770363609621103,1.0,4539.055286273004,0.9993903255221182,0.9928776515554258,0.9877505723028188,0.2582885271604086,0.9998382402826341
0.6585,1.0764775034328093,1.0,4538.987563451466,0.9993937445602413,0.992625741638941,0.9877408373709684,0.25826505514417797,0.9998265953878328
0.659,1.0759186459035082,1.0,4538.917904824279,0.9993971442637744,0.9923738453709982,0.9877310935177527,0.2582415831279473,0.9998145464463474
0.6595,1.0753597883742074,1.0,4538.846309444624,0.9994005247474975,0.9921219627585858,0.9877213407375827,0.2582181111117167,0.9998020935243077
0.66,1.0748009308449062,1.0,4538.772776366739,0.999403886126191,0.9918700938086921,0.9877115790248719,0.25819463909548607,0.9997892366878843
0.6605,1.074242073315605,1.0,4538.697304646433,0.999407228514635,0.9916182385283054,0.9877018083740345,0.2581711670792554,0.9997759760032896
0.661,1.073683215786304,1.0,4538.619893340705,0.9994105520276096,0.9913663969244141,0.9876920287794859,0.25814769506302476,0.9997623115367769
0.6615,1.0731243582570031,1.0,4538.540541507705,0.999413856779895,0.9911145690040065,0.9876822402356424,0.2581242230467941,0.9997482433546411
0.662,1.072565500727702,1.0,4538.459248207074,0.9994171428862715,0.9908627547740709,0.9876724427369215,0.25810075103056346,0.9997337715232182
0.6625,1.0720066431984012,1.0,4538.37601249965,0.9994204104615191,0.9906109542415957,0.9876626362777421,0.25807727901433286,0.9997188961088858
0.663,1.0714477856691,1.0,4538.290833447385,0.999423659620418,0.9903591674135691,0.9876528208525241,0.2580538069981022,0.9997036171780626
0.6635,1.070888928139799,1.0,4538.203710113688,0.9994268904777485,0.9901073942969796,0.9876429964556889,0.25803033498187156,0.9996879347972084
0.664,1.0703300706104981,1.0,4538.114641563341,0.9994301031482906,0.9898556348988153,0.9876331630816588,0.2580068629656409,0.9996718490328248
0.6645,1.069771213081197,1.0,4538.02362686216,0.9994332977468247,0.9896038892260649,0.9876233207248573,0.25798339094941025,0.9996553599514543
0.665,1.069212355551896,1.0,4537.930665077508,0.9994364743881307,0.9893521572857163,0.9876134693797098,0.2579599189331796,0.9996384676196808
0.6655,1.068653498022595,1.0,4537.835755277958,0.9994396331869888,0.9891004390847581,0.9876036090406419,0.257936446916949,0.9996211721041293
0.666,1.0680946404932938,1.0,4537.738896533212,0.9994427742581794,0.9888487346301784,0.9875937397020814,0.25791297490071835,0.9996034734714663
0.6665,1.0675357829639929,1.0,4537.640087914481,0.9994458977164825,0.9885970439289659,0.987583861358457,0.2578895028844877,0.9995853717883995
0.667,1.066976925434692,1.0,4537.539328494234,0.9994490036766784,0.9883453669881085,0.987573974004199,0.25786603086825705,0.9995668671216777
0.6675,1.0664180679053907,1.0,4537.4366173461585,0.9994520922535471,0.9880937038145948,0.9875640776337382,0.2578425588520264,0.9995479595380912
0.668,1.0658592103760898,1.0,4537.331953545504,0.9994551635618689,0.9878420544154131,0.9875541722415079,0.2578190868357958,0.9995286491044714
0.6685,1.0653003528467888,1.0,4537.225336168315,0.999458217716424,0.9875904187975516,0.987544257821942,0.25779561481956514,0.9995089358876909
0.669,1.0647414953174876,1.0,4537.116764292414,0.9994612548319924,0.9873387969679986,0.9875343343694758,0.2577721428033345,0.9994888199546634
0.6695,1.064182637788187,1.0,4537.006236996848,0.9994642750233544,0.9870871889337428,0.9875244018785466,0.25774867078710384,0.9994683013723442
0.67,1.0636237802588857,1.0,4536.89375336177,0.9994672784052903,0.9868355947017721,0.9875144603435919,0.2577251987708732,0.9994473802077296
0.6705,1.0630649227295847,1.0,4536.779312468899,0.99947026509258,0.9865840142790749,0.9875045097590522,0.25770172675464253,0.999426056527857
0.671,1.0625060652002838,1.0,4536.662913401189,0.9994732352000038,0.9863324476726397,0.987494550119368,0.25767825473841194,0.999404330399805
0.6715,1.0619472076709826,1.0,4536.5445552427445,0.9994761888423418,0.9860808948894548,0.9874845814189821,0.2576547827221813,0.9993822018906938
0.672,1.0613883501416814,1.0,4536.4242370792035,0.9994791261343744,0.9858293559365084,0.9874746036523382,0.25763131070595063,0.9993596710676844
0.6725,1.0608294926123807,1.0,4536.301957997529,0.9994820471908815,0.985577830820789,0.9874646168138819,0.25760783868972,0.999336737997979
0.673,1.0602706350830795,1.0,4536.177717085841,0.9994849521266435,0.9853263195492846,0.98745462089806,0.25758436667348933,0.9993134027488211
0.6735,1.0597117775537785,1.0,4536.051519089766,0.9994878391673512,0.9850748220891035,0.9874446158510459,0.2575608946572587,0.9992896653836992
0.674,1.0591529200244776,1.0,4535.923390224549,0.9994907041589296,0.9848233382559767,0.9874346015539405,0.2575374226410281,0.9992655259512356
0.6745,1.0585940624951764,1.0,4535.793319863492,0.9994935537188206,0.9845718681254115,0.9874245781644873,0.2575139506247974,0.999240984524427
0.675,1.0580352049658754,1.0,4535.66130824429,0.9994963879103418,0.9843204116963221,0.9874145456755421,0.2574904786085668,0.9992160411690917
0.6755,1.0574763474365745,1.0,4535.527355605585,0.9994992067968107,0.9840689689676231,0.9874045040799567,0.2574670065923361,0.9991906959510378
0.676,1.0569174899072733,1.0,4535.391462187509,0.999502010441545,0.9838175399382288,0.9873944533705791,0.25744353457610547,0.9991649489360624
0.6765,1.0563586323779726,1.0,4535.253628231307,0.9995047989078619,0.9835661246070537,0.9873843935402541,0.2574200625598748,0.9991388001899525
0.677,1.0557997748486714,1.0,4535.113853979464,0.9995075722590793,0.9833147229730123,0.9873743245818223,0.25739659054364417,0.9991122497784843
0.6775,1.0552409173193704,1.0,4534.972139675788,0.9995103305585146,0.9830633350350189,0.9873642464881208,0.25737311852741357,0.9990852977674234
0.678,1.0546820597900695,1.0,4534.828485565112,0.9995130738694853,0.9828119607919878,0.9873541592519839,0.2573496465111829,0.999057944222525
0.6785,1.0541232022607683,1.0,4534.682891893763,0.9995158022553091,0.9825606002428338,0.987344062866241,0.25732617449495226,0.9990301892095337
0.679,1.053564344731467,1.0,4534.535358909132,0.9995185157793034,0.982309253386471,0.9873339573237188,0.2573027024787216,0.9990020327941834
0.6795,1.0530054872021664,1.0,4534.385886859938,0.9995212145047858,0.982057920221814,0.9873238426172402,0.25727923046249096,0.9989734750421977
0.68,1.0524466296728652,1.0,4534.234475996174,0.9995238984950738,0.9818066007477773,0.9873137187396238,0.25725575844626036,0.9989445160192896
0.6805,1.0518877721435642,1.0,4534.081126568903,0.999526567813485,0.9815552949632751,0.987303585683686,0.2572322864300297,0.9989151557911614
0.681,1.0513289146142633,1.0,4533.925838830507,0.999529222523337,0.981304002867222,0.9872934434422381,0.25720881441379906,0.998885394423505
0.6815,1.050770057084962,1.0,4533.768613034689,0.9995318626879472,0.9810527244585324,0.9872832920080885,0.2571853423975684,0.9988552319820017
0.682,1.0502111995556611,1.0,4533.609449436304,0.9995344883706333,0.9808014597361207,0.9872731313740423,0.25716187038133775,0.9988246685323221
0.6825,1.0496523420263602,1.0,4533.448348291484,0.9995370996347128,0.9805502086989013,0.9872629615329004,0.2571383983651071,0.9987937041401266
0.683,1.049093484497059,1.0,4533.285309857509,0.9995396965435032,0.9802989713457887,0.9872527824774603,0.25711492634887645,0.9987623388710649
0.6835,1.0485346269677582,1.0,4533.120334393109,0.999542279160322,0.9800477476756972,0.9872425942005161,0.25709145433264585,0.998730572790776
0.684,1.047975769438457,1.0,4532.953422157907,0.9995448475484869,0.9797965376875415,0.9872323966948582,0.2570679823164152,0.9986984059648886
0.6845,1.047416911909156,1.0,4532.784573412971,0.9995474017713153,0.9795453413802359,0.987222189953273,0.25704451030018455,0.9986658384590208
0.685,1.046858054379855,1.0,4532.6137884206055,0.9995499418921249,0.9792941587526945,0.9872119739685441,0.2570210382839539,0.9986328703387799
0.6855,1.046299196850554,1.0,4532.441067444385,0.9995524679742331,0.9790429898038323,0.9872017487334509,0.25699756626772324,0.9985995016697632
0.686,1.0457403393212528,1.0,4532.266410748956,0.9995549800809576,0.9787918345325634,0.9871915142407695,0.2569740942514926,0.9985657325175569
0.6865,1.045181481791952,1.0,4532.089818600443,0.9995574782756157,0.9785406929378022,0.9871812704832724,0.256950622235262,0.9985315629477369
0.687,1.0446226242626508,1.0,4531.911291265912,0.9995599626215252,0.9782895650184632,0.9871710174537284,0.25692715021903134,0.9984969930258688
0.6875,1.0440637667333499,1.0,4531.7308290137835,0.9995624331820036,0.978038450773461,0.9871607551449028,0.2569036782028007,0.9984620228175073
0.6880000000000001,1.043504909204049,1.0,4531.548432113799,0.9995648900203682,0.9777873502017097,0.9871504835495575,0.25688020618657004,0.9984266523881968
0.6885,1.0429460516747477,1.0,4531.364100836886,0.999567333199937,0.977536263302124,0.9871402026604504,0.2568567341703394,0.998390881803471
0.6890000000000001,1.0423871941454468,1.0,4531.17783545516,0.9995697627840271,0.9772851900736181,0.9871299124703365,0.25683326215410873,0.9983547111288531
0.6895,1.0418283366161458,1.0,4530.98963624197,0.9995721788359563,0.9770341305151068,0.9871196129719665,0.25680979013787814,0.998318140429856
0.6900000000000001,1.0412694790868446,1.0,4530.7995034718915,0.999574581419042,0.9767830846255041,0.9871093041580882,0.2567863181216475,0.9982811697719818
0.6905,1.040710621557544,1.0,4530.60743742069,0.9995769705966019,0.9765320524037246,0.9870989860214453,0.25676284610541683,0.9982437992207221
0.6910000000000001,1.0401517640282427,1.0,4530.413438365529,0.9995793464319535,0.9762810338486829,0.9870886585547783,0.2567393740891862,0.9982060288415583
0.6915,1.0395929064989415,1.0,4530.217506584718,0.9995817089884143,0.9760300289592932,0.9870783217508247,0.2567159020729555,0.9981678586999607
0.6920000000000001,1.0390340489696406,1.0,4530.01964235771,0.9995840583293019,0.9757790377344701,0.9870679756023167,0.25669243005672493,0.9981292888613896
0.6925,1.0384751914403396,1.0,4529.819845965184,0.9995863945179337,0.9755280601731279,0.987057620101985,0.2566689580404943,0.9980903193912944
0.6930000000000001,1.0379163339110384,1.0,4529.618117689178,0.9995887176176275,0.9752770962741809,0.9870472552425555,0.2566454860242636,0.9980509503551144
0.6935,1.0373574763817377,1.0,4529.414457812871,0.9995910276917006,0.9750261460365439,0.9870368810167509,0.256622014008033,0.998011181818278
0.6940000000000001,1.0367986188524365,1.0,4529.208866620671,0.9995933248034707,0.9747752094591311,0.9870264974172905,0.2565985419918023,0.9979710138462031
0.6945,1.0362397613231356,1.0,4529.001344398298,0.9995956090162553,0.9745242865408569,0.9870161044368901,0.25657506997557167,0.9979304465042973
0.6950000000000001,1.0356809037938346,1.0,4528.791891432612,0.999597880393372,0.9742733772806358,0.9870057020682618,0.25655159795934107,0.9978894798579576
0.6955,1.0351220462645334,1.0,4528.580508011618,0.9996001389981383,0.9740224816773823,0.986995290304114,0.2565281259431104,0.9978481139725703
0.6960000000000001,1.0345631887352325,1.0,4528.3671944247135,0.9996023848938717,0.9737715997300107,0.9869848691371523,0.25650465392687977,0.9978063489135116
0.6965,1.0340043312059315,1.0,4528.151950962525,0.9996046181438898,0.9735207314374354,0.9869744385600778,0.2564811819106491,0.9977641847461466
0.6970000000000001,1.0334454736766303,1.0,4527.934777916691,0.9996068388115101,0.973269876798571,0.9869639985655891,0.25645770989441846,0.9977216215358304
0.6975,1.0328866161473294,1.0,4527.71567558033,0.9996090469600503,0.973019035812332,0.9869535491463806,0.2564342378781878,0.9976786593479074
0.6980000000000001,1.0323277586180284,1.0,4527.4946442477,0.9996112426528277,0.9727682084776325,0.9869430902951432,0.2564107658619572,0.9976352982477115
0.6985,1.0317689010887272,1.0,4527.271684214202,0.99961342595316,0.9725173947933871,0.9869326220045649,0.25638729384572656,0.9975915383005659
0.6990000000000001,1.0312100435594262,1.0,4527.046795776456,0.9996155969243649,0.9722665947585102,0.9869221442673294,0.2563638218294959,0.9975473795717835
0.6995,1.0306511860301253,1.0,4526.819979232396,0.9996177556297595,0.9720158083719164,0.9869116570761177,0.25634034981326526,0.9975028221266667
0.7000000000000001,1.030092328500824,1.0,4526.591234881259,0.9996199021326618,0.9717650356325198,0.9869011604236068,0.2563168777970346,0.9974578660305075
0.7005,1.0295334709715234,1.0,4526.3605630233,0.9996220364963891,0.9715142765392352,0.9868906543024705,0.25629340578080395,0.9974125113485869
0.7010000000000001,1.0289746134422222,1.0,4526.127963960117,0.9996241587842591,0.9712635310909767,0.9868801387053787,0.2562699337645733,0.9973667581461758
0.7015,1.0284157559129212,1.0,4525.893437994623,0.9996262690595892,0.9710127992866591,0.9868696136249984,0.2562464617483427,0.9973206064885347
0.7020000000000001,1.0278568983836203,1.0,4525.656985430607,0.9996283673856969,0.9707620811251964,0.9868590790539925,0.25622298973211205,0.9972740564409133
0.7025,1.027298040854319,1.0,4525.418606573467,0.9996304538259001,0.9705113766055034,0.9868485349850209,0.2561995177158814,0.9972271080685509
0.7030000000000001,1.0267391833250181,1.0,4525.178301729607,0.9996325284435159,0.9702606857264942,0.98683798141074,0.25617604569965075,0.9971797614366762
0.7035,1.0261803257957172,1.0,4524.936071206739,0.9996345913018622,0.9700100084870835,0.9868274183238028,0.2561525736834201,0.9971320166105077
0.704,1.0256214682664162,1.0,4524.691915313882,0.9996366424642562,0.9697593448861856,0.9868168457168583,0.2561291016671895,0.997083873655253
0.7045,1.025062610737115,1.0,4524.445834360934,0.9996386819940157,0.9695086949227151,0.9868062635825525,0.25610562965095884,0.9970353326361096
0.705,1.024503753207814,1.0,4524.197828659354,0.9996407099544583,0.9692580585955861,0.9867956719135279,0.2560821576347282,0.996986393618264
0.7055,1.0239448956785129,1.0,4523.9478985217775,0.9996427264089014,0.9690074359037133,0.9867850707024237,0.25605868561849754,0.9969370566668927
0.706,1.0233860381492121,1.0,4523.696044261891,0.9996447314206626,0.9687568268460112,0.9867744599418751,0.2560352136022669,0.9968873218471616
0.7065,1.022827180619911,1.0,4523.442266194769,0.9996467250530593,0.9685062314213938,0.9867638396245147,0.25601174158603623,0.9968371892242257
0.707,1.02226832309061,1.0,4523.186564636709,0.9996487073694093,0.968255649628776,0.9867532097429708,0.25598826956980564,0.9967866588632301
0.7075,1.021709465561309,1.0,4522.928939904924,0.9996506784330299,0.968005081467072,0.9867425702898688,0.255964797553575,0.996735730829309
0.708,1.0211506080320079,1.0,4522.669392318274,0.9996526383072389,0.9677545269351963,0.9867319212578304,0.25594132553734433,0.9966844051875862
0.7085,1.020591750502707,1.0,4522.407922196498,0.9996545870553537,0.9675039860320632,0.9867212626394744,0.2559178535211137,0.9966326820031749
0.709,1.020032892973406,1.0,4522.144529860846,0.9996565247406918,0.9672534587565874,0.9867105944274152,0.25589438150488303,0.9965805613411782
0.7095,1.0194740354441048,1.0,4521.879215633535,0.9996584514265708,0.967002945107683,0.9866999166142649,0.2558709094886524,0.9965280432666882
0.71,1.018915177914804,1.0,4521.61197983825,0.9996603671763084,0.9667524450842647,0.9866892291926311,0.2558474374724218,0.9964751278447869
0.7105,1.0183563203855028,1.0,4521.3428227995555,0.9996622720532219,0.9665019586852468,0.9866785321551191,0.2558239654561911,0.9964218151405455
0.711,1.0177974628562017,1.0,4521.071744843446,0.9996641661206289,0.9662514859095438,0.9866678254943297,0.2558004934399605,0.9963681052190251
0.7115,1.0172386053269007,1.0,4520.798746297129,0.999666049441847,0.9660010267560699,0.9866571092028613,0.2557770214237298,0.9963139981452759
0.712,1.0166797477975997,1.0,4520.523827489029,0.9996679220801938,0.9657505812237399,0.986646383273308,0.25575354940749917,0.9962594939843379
0.7125,1.0161208902682985,1.0,4520.246988748785,0.9996697840989869,0.965500149311468,0.9866356476982612,0.2557300773912685,0.9962045928012404
0.713,1.0155620327389978,1.0,4519.968230407255,0.9996716355615436,0.9652497310181687,0.9866249024703083,0.2557066053750379,0.9961492946610024
0.7135,1.0150031752096966,1.0,4519.687552796336,0.9996734765311815,0.9649993263427563,0.986614147582034,0.25568313335880727,0.9960935996286324
0.714,1.0144443176803957,1.0,4519.404956249316,0.9996753070712184,0.9647489352841454,0.986603383026019,0.2556596613425766,0.9960375077691282
0.7145,1.0138854601510947,1.0,4519.120441100775,0.9996771272449717,0.9644985578412504,0.9865926087948412,0.25563618932634596,0.9959810191474775
0.715,1.0133266026217935,1.0,4518.834007686343,0.9996789371157588,0.9642481940129857,0.9865818248810743,0.2556127173101153,0.9959241338286572
0.7155,1.0127677450924926,1.0,4518.545656342944,0.9996807367468975,0.9639978437982656,0.9865710312772892,0.25558924529388466,0.9958668518776337
0.716,1.0122088875631916,1.0,4518.25538740872,0.9996825262017051,0.9637475071960048,0.9865602279760536,0.25556577327765406,0.9958091733593631
0.7165,1.0116500300338904,1.0,4517.963201222934,0.9996843055434993,0.9634971842051174,0.9865494149699315,0.2555423012614234,0.995751098338791
0.717,1.0110911725045895,1.0,4517.669098126068,0.9996860748355977,0.9632468748245182,0.9865385922514835,0.25551882924519276,0.9956926268808526
0.7175,1.0105323149752885,1.0,4517.373078459983,0.9996878341413177,0.9629965790531213,0.9865277598132669,0.2554953572289621,0.9956337590504722
0.718,1.0099734574459873,1.0,4517.0751425675835,0.9996895835239769,0.9627462968898414,0.9865169176478358,0.25547188521273145,0.9955744949125642
0.7185,1.0094145999166864,1.0,4516.775290793067,0.9996913230468928,0.9624960283335927,0.9865060657477407,0.2554484131965008,0.9955148345320323
0.719,1.0088557423873854,1.0,4516.473523481889,0.999693052773383,0.9622457733832898,0.9864952041055292,0.2554249411802702,0.9954547779737695
0.7195,1.0082968848580842,1.0,4516.169840980502,0.9996947727667651,0.961995532037847,0.9864843327137448,0.25540146916403955,0.9953943253026585
0.72,1.0077380273287835,1.0,4515.864243636779,0.9996964830903566,0.9617453042961789,0.9864734515649285,0.2553779971478089,0.9953334765835716
0.7205,1.0071791697994823,1.0,4515.556731799722,0.9996981838074751,0.9614950901571997,0.9864625606516173,0.25535452513157825,0.9952722318813706
0.721,1.0066203122701813,1.0,4515.247305819626,0.999699874981438,0.961244889619824,0.9864516599663452,0.2553310531153476,0.9952105912609068
0.7215,1.0060614547408804,1.0,4514.93596604795,0.999701556675563,0.9609947026829663,0.9864407495016431,0.255307581099117,0.995148554787021
0.722,1.0055025972115792,1.0,4514.622712837158,0.9997032289531675,0.9607445293455408,0.9864298292500377,0.25528410908288635,0.9950861225245436
0.7225,1.0049437396822782,1.0,4514.307546541256,0.9997048918775692,0.9604943696064621,0.9864188992040533,0.2552606370666557,0.9950232945382945
0.723,1.0043848821529773,1.0,4513.990467515247,0.9997065455120856,0.9602442234646444,0.9864079593562106,0.25523716505042504,0.9949600708930831
0.7235,1.003826024623676,1.0,4513.671476115385,0.9997081899200342,0.9599940909190025,0.9863970096990268,0.2552136930341944,0.9948964516537084
0.724,1.0032671670943751,1.0,4513.35057269922,0.9997098251647325,0.9597439719684506,0.9863860502250161,0.25519022101796374,0.9948324368849589
0.7245,1.0027083095650742,1.0,4513.02775762542,0.9997114513094981,0.9594938666119031,0.9863750809266888,0.2551667490017331,0.9947680266516126
0.725,1.002149452035773,1.0,4512.703031253822,0.9997130684176487,0.9592437748482745,0.9863641017965527,0.25514327698550243,0.994703221018437
0.7255,1.001590594506472,1.0,4512.376393945677,0.9997146765525017,0.9589936966764793,0.9863531128271119,0.25511980496927184,0.9946380200501894
0.726,1.001031736977171,1.0,4512.04784606311,0.9997162757773745,0.9587436320954318,0.986342114010867,0.2550963329530412,0.9945724238116165
0.7265,1.00047287944787,1.0,4511.7173879697,0.9997178661555849,0.9584935811040465,0.9863311053403158,0.25507286093681053,0.9945064323674542
0.727,0.999914021918569,1.0,4511.385020030195,0.9997194477504504,0.9582435437012378,0.9863200868079521,0.2550493889205799,0.9944400457824284
0.7275,0.999355164389268,1.0,4511.050742610503,0.9997210206252884,0.9579935198859201,0.9863090584062675,0.2550259169043492,0.9943732641212545
0.728,0.998796306859967,1.0,4510.714556077822,0.9997225848434167,0.9577435096570079,0.986298020127749,0.25500244488811863,0.9943060874486371
0.7285,0.9982374493306659,1.0,4510.376460800346,0.9997241404681525,0.9574935130134157,0.9862869719648817,0.254978972871888,0.9942385158292708
0.729,0.997678591801365,1.0,4510.036457147681,0.9997256875628137,0.9572435299540577,0.9862759139101461,0.2549555008556573,0.9941705493278394
0.7295,0.9971197342720638,1.0,4509.694537113024,0.9997272235913414,0.956993560537091,0.9862648458884936,0.25493202883942667,0.9941021880252651
0.73,0.9965608767427628,1.0,4509.350689118269,0.9997287447494461,0.9567436048459447,0.9862537677915245,0.254908556823196,0.9940334320098094
0.7305,0.9960020192134618,1.0,4509.004935786966,0.9997302579187912,0.9564936627221936,0.9862426797886329,0.25488508480696537,0.9939642813031561
0.731,0.9954431616841608,1.0,4508.657277366612,0.9997317631294035,0.956243734165648,0.9862315818714468,0.25486161279073477,0.9938947359701324
0.7315,0.9948843041548597,1.0,4508.307714105964,0.9997332604113089,0.9559938191761176,0.9862204740315879,0.2548381407745041,0.9938247960755605
0.732,0.9943254466255588,1.0,4507.956246254916,0.9997347497945339,0.9557439177534125,0.9862093562606725,0.25481466875827347,0.993754461684258
0.7325,0.9937665890962577,1.0,4507.6028740647525,0.9997362313091049,0.9554940298973426,0.98619822855031,0.2547911967420428,0.9936837328610375
0.733,0.9932077315669567,1.0,4507.247597787847,0.9997377049850481,0.9552441556077178,0.986187090892105,0.25476772472581216,0.9936126096707073
0.7335,0.9926488740376557,1.0,4506.890417677841,0.9997391708523898,0.9549942948843481,0.9861759432776552,0.2547442527095815,0.9935410921780707
0.734,0.9920900165083547,1.0,4506.531333989633,0.9997406289411565,0.9547444477270435,0.9861647856985531,0.2547207806933509,0.9934691804479263
0.7345,0.9915311589790536,1.0,4506.170346979175,0.9997420792813743,0.9544946141356139,0.9861536181463849,0.25469730867712026,0.993396874545068
0.735,0.9909723014497527,1.0,4505.807456903765,0.9997435219030696,0.9542447941098694,0.9861424406127308,0.2546738366608896,0.9933241745342849
0.7355,0.9904134439204515,1.0,4505.442664022005,0.9997449568362688,0.9539949876496197,0.9861312530891656,0.25465036464465896,0.9932510804803615
0.736,0.9898545863911505,1.0,4505.075968593506,0.9997463841109983,0.953745194754675,0.9861200555672572,0.2546268926284283,0.9931775924480774
0.7365,0.9892957288618495,1.0,4504.707370879352,0.9997478037572841,0.9534954154248452,0.9861088480385685,0.25460342061219765,0.9931037105022075
0.737,0.9887368713325485,1.0,4504.336871141678,0.9997492158051529,0.9532456496599402,0.9860976304946558,0.25457994859596705,0.9930294347075221
0.7375,0.9881780138032474,1.0,4503.964469643835,0.9997506202846307,0.9529958974597699,0.98608640292707,0.2545564765797364,0.9929547651287868
0.738,0.9876191562739465,1.0,4503.590166650315,0.999752017225744,0.9527461588241444,0.9860751653273556,0.25453300456350575,0.9928797018307621
0.7385,0.9870602987446454,1.0,4503.21396242712,0.9997534066585192,0.9524964337528736,0.9860639176870515,0.2545095325472751,0.9928042448782043
0.739,0.9865014412153444,1.0,4502.835857241221,0.9997547886129825,0.9522467222457675,0.9860526599976903,0.25448606053104444,0.9927283943358646
0.7395,0.9859425836860434,1.0,4502.4558513609745,0.9997561631191602,0.9519970243026359,0.9860413922507989,0.25446258851481385,0.9926521502684894
0.74,0.9853837261567424,1.0,4502.073945055664,0.9997575302070787,0.9517473399232891,0.9860301144378983,0.2544391164985832,0.9925755127408208
0.7405,0.9848248686274413,1.0,4501.690138596169,0.9997588899067642,0.9514976691075366,0.9860188265505034,0.25441564448235254,0.9924984818175956
0.741,0.9842660110981404,1.0,4501.304432254294,0.9997602422482432,0.9512480118551887,0.9860075285801231,0.2543921724661219,0.9924210575635465
0.7415,0.9837071535688392,1.0,4500.916826303232,0.999761587261542,0.9509983681660553,0.9859962205182603,0.25436870044989124,0.9923432400434009
0.742,0.9831482960395382,1.0,4500.527321017351,0.9997629249766868,0.9507487380399463,0.9859849023564121,0.2543452284336606,0.9922650293218819
0.7425,0.9825894385102372,1.0,4500.1359166722405,0.9997642554237041,0.9504991214766716,0.98597357408607,0.25432175641742993,0.9921864254637075
0.743,0.9820305809809362,1.0,4499.7426135447495,0.99976557863262,0.9502495184760413,0.9859622356987189,0.25429828440119934,0.9921074285335914
0.7435,0.9814717234516351,1.0,4499.347411912775,0.9997668946334609,0.9499999290378652,0.9859508871858376,0.2542748123849687,0.992028038596242
0.744,0.9809128659223342,1.0,4498.950312055564,0.9997682034562533,0.9497503531619534,0.9859395285388999,0.25425134036873803,0.9919482557163635
0.7445,0.9803540083930331,1.0,4498.55131425362,0.9997695051310234,0.9495007908481159,0.9859281597493725,0.2542278683525074,0.9918680799586552
0.745,0.9797951508637321,1.0,4498.150418788584,0.9997707996877974,0.9492512420961625,0.9859167808087171,0.25420439633627673,0.9917875113878115
0.7455,0.9792362933344311,1.0,4497.7476259434825,0.9997720871566017,0.9490017069059032,0.9859053917083889,0.25418092432004613,0.9917065500685224
0.746,0.9786774358051301,1.0,4497.342936002182,0.9997733675674628,0.948752185277148,0.9858939924398372,0.2541574523038155,0.9916251960654727
0.7465,0.978118578275829,1.0,4496.936349250145,0.9997746409504068,0.9485026772097068,0.9858825829945053,0.2541339802875848,0.9915434494433429
0.747,0.9775597207465281,1.0,4496.527865973887,0.9997759073354602,0.9482531827033898,0.9858711633638306,0.2541105082713542,0.9914613102668088
0.7475,0.977000863217227,1.0,4496.117486461223,0.9997771667526492,0.9480037017580065,0.9858597335392445,0.2540870362551235,0.991378778600541
0.748,0.976442005687926,1.0,4495.705211001104,0.9997784192320001,0.9477542343733673,0.9858482935121727,0.25406356423889287,0.9912958545092059
0.7485,0.9758831481586249,1.0,4495.29103988374,0.9997796648035393,0.9475047805492819,0.9858368432740343,0.2540400922226622,0.9912125380574648
0.749,0.9753242906293239,1.0,4494.874973400603,0.9997809034972931,0.9472553402855604,0.9858253828162429,0.2540166202064316,0.9911288293099744
0.7495,0.9747654331000228,1.0,4494.457011844214,0.9997821353432879,0.9470059135820126,0.9858139121302061,0.25399314819020097,0.9910447283313868
0.75,0.9742065755707219,1.0,4494.037155508438,0.9997833603715499,0.9467565004384486,0.9858024312073252,0.2539696761739703,0.9909602351863491
0.7505000000000001,0.9736477180414208,1.0,4493.615404688399,0.9997845786121056,0.9465071008546784,0.985790940038996,0.25394620415773966,0.990875349939504
0.751,0.9730888605121198,1.0,4493.191759680401,0.999785790094981,0.9462577148305118,0.9857794386166077,0.253922732141509,0.9907900726554892
0.7515000000000001,0.9725300029828188,1.0,4492.766220782045,0.9997869948502027,0.9460083423657588,0.9857679269315441,0.2538992601252784,0.9907044033989377
0.752,0.9719711454535178,1.0,4492.338788291858,0.9997881929077971,0.9457589834602295,0.9857564049751826,0.25387578810904776,0.9906183422344781
0.7525000000000001,0.9714122879242167,1.0,4491.909462509837,0.9997893842977902,0.9455096381137336,0.9857448727388949,0.2538523160928171,0.9905318892267339
0.753,0.9708534303949158,1.0,4491.478243737195,0.9997905690502086,0.9452603063260813,0.9857333302140466,0.25382884407658646,0.9904450444403238
0.7535000000000001,0.9702945728656147,1.0,4491.045132276326,0.9997917471950785,0.9450109880970824,0.985721777391997,0.2538053720603558,0.9903578079398622
0.754,0.9697357153363138,1.0,4490.61012843075,0.9997929187624263,0.944761683426547,0.9857102142641,0.25378190004412515,0.9902701797899585
0.7545000000000001,0.9691768578070126,1.0,4490.173232505376,0.9997940837822782,0.944512392314285,0.9856986408217031,0.2537584280278945,0.9901821600552174
0.755,0.9686180002777116,1.0,4489.734444806293,0.9997952422846605,0.9442631147601063,0.9856870570561478,0.2537349560116639,0.9900937488002389
0.7555000000000001,0.9680591427484105,1.0,4489.29376564059,0.9997963942995999,0.9440138507638208,0.9856754629587697,0.25371148399543325,0.9900049460896182
0.756,0.9675002852191096,1.0,4488.851195316745,0.9997975398571223,0.9437646003252388,0.9856638585208984,0.2536880119792026,0.989915751987946
0.7565000000000001,0.9669414276898085,1.0,4488.406734144496,0.999798678987254,0.9435153634441699,0.9856522437338576,0.25366453996297195,0.9898261665598079
0.757,0.9663825701605075,1.0,4487.960382434754,0.9997998117200217,0.9432661401204241,0.9856406185889646,0.2536410679467413,0.9897361898697852
0.7575000000000001,0.9658237126312065,1.0,4487.512140499734,0.9998009380854516,0.9430169303538115,0.9856289830775313,0.2536175959305107,0.9896458219824542
0.758,0.9652648551019055,1.0,4487.062008652571,0.9998020581135698,0.9427677341441421,0.9856173371908631,0.25359412391428005,0.9895550629623865
0.7585000000000001,0.9647059975726044,1.0,4486.609987207957,0.9998031718344027,0.9425185514912255,0.9856056809202595,0.2535706518980494,0.9894639128741489
0.759,0.9641471400433035,1.0,4486.156076481544,0.9998042792779769,0.9422693823948722,0.985594014257014,0.25354717988181874,0.989372371782304
0.7595000000000001,0.9635882825140024,1.0,4485.700276790458,0.9998053804743183,0.9420202268548917,0.9855823371924143,0.2535237078655881,0.9892804397514088
0.76,0.9630294249847015,1.0,4485.242588452829,0.9998064754534536,0.9417710848710943,0.985570649717742,0.25350023584935744,0.9891881168460163
0.7605000000000001,0.9624705674554003,1.0,4484.78301178813,0.999807564245409,0.9415219564432896,0.9855589518242723,0.2534767638331268,0.9890954031306743
0.761,0.9619117099260993,1.0,4484.321547117054,0.9998086468802106,0.9412728415712879,0.9855472435032748,0.2534532918168962,0.9890022986699265
0.7615000000000001,0.9613528523967982,1.0,4483.858194761254,0.999809723387885,0.9410237402548989,0.9855355247460131,0.25342981980066553,0.9889088035283111
0.762,0.9607939948674973,1.0,4483.392955043938,0.9998107937984585,0.9407746524939327,0.9855237955437445,0.2534063477844349,0.9888149177703621
0.7625000000000001,0.9602351373381962,1.0,4482.925828289321,0.9998118581419573,0.9405255782881993,0.9855120558877204,0.25338287576820423,0.9887206414606087
0.763,0.9596762798088952,1.0,4482.456814823002,0.9998129164484079,0.9402765176375085,0.9855003057691863,0.2533594037519736,0.9886259746635752
0.7635000000000001,0.9591174222795942,1.0,4481.985914971713,0.9998139687478363,0.9400274705416704,0.9854885451793816,0.253335931735743,0.9885309174437812
0.764,0.9585585647502932,1.0,4481.513129063318,0.9998150150702692,0.9397784370004948,0.9854767741095394,0.25331245971951233,0.9884354698657418
0.7645000000000001,0.9579997072209921,1.0,4481.03845742694,0.9998160554457327,0.9395294170137918,0.9854649925508875,0.2532889877032817,0.9883396319939671
0.765,0.9574408496916912,1.0,4480.561900393043,0.9998170899042532,0.9392804105813715,0.9854532004946467,0.253265515687051,0.988243403892963
0.7655000000000001,0.9568819921623901,1.0,4480.083458293142,0.999818118475857,0.9390314177030434,0.9854413979320328,0.25324204367082037,0.9881467856272297
0.766,0.9563231346330892,1.0,4479.603131460134,0.9998191411905705,0.938782438378618,0.9854295848542544,0.2532185716545897,0.9880497772612636
0.7665000000000001,0.9557642771037881,1.0,4479.1209202279215,0.9998201580784198,0.9385334726079048,0.9854177612525153,0.25319509963835907,0.9879523788595561
0.767,0.9552054195744871,1.0,4478.63682493192,0.9998211691694315,0.9382845203907141,0.9854059271180124,0.25317162762212847,0.9878545904865939
0.7675000000000001,0.9546465620451859,1.0,4478.150845908338,0.9998221744936318,0.9380355817268555,0.9853940824419368,0.2531481556058978,0.9877564122068584
0.768,0.954087704515885,1.0,4477.662983495023,0.999823174081047,0.9377866566161394,0.9853822272154737,0.25312468358966717,0.9876578440848273
0.7685,0.953528846986584,1.0,4477.173238030741,0.9998241679617035,0.9375377450583755,0.9853703614298024,0.2531012115734365,0.9875588861849729
0.769,0.952969989457283,1.0,4476.681609855688,0.9998251561656275,0.9372888470533737,0.9853584850760952,0.25307773955720586,0.9874595385717629
0.7695,0.952411131927982,1.0,4476.188099311189,0.9998261387228454,0.9370399626009441,0.98534659814552,0.25305426754097526,0.9873598013096604
0.77,0.9518522743986809,1.0,4475.692706739701,0.9998271156633836,0.9367910917008966,0.9853347006292371,0.2530307955247446,0.9872596744631236
0.7705,0.95129341686938,1.0,4475.195432484981,0.9998280870172683,0.9365422343530412,0.9853227925184017,0.25300732350851396,0.987159158096606
0.771,0.9507345593400789,1.0,4474.696276892045,0.9998290528145259,0.9362933905571879,0.9853108738041626,0.2529838514922833,0.9870582522745568
0.7715,0.9501757018107779,1.0,4474.195240307038,0.9998300130851827,0.9360445603131464,0.9852989444776625,0.25296037947605265,0.9869569570614197
0.772,0.9496168442814769,1.0,4473.6923230773245,0.9998309678592651,0.9357957436207269,0.9852870045300384,0.252936907459822,0.9868552725216345
0.7725,0.9490579867521759,1.0,4473.187525551649,0.9998319171667992,0.9355469404797394,0.9852750539524208,0.2529134354435914,0.9867531987196356
0.773,0.9484991292228748,1.0,4472.680848079634,0.9998328610378115,0.9352981508899937,0.9852630927359344,0.25288996342736075,0.9866507357198533
0.7735,0.9479402716935739,1.0,4472.172291012419,0.9998337995023283,0.9350493748512998,0.985251120871698,0.2528664914111301,0.9865478835867125
0.774,0.9473814141642727,1.0,4471.661854702266,0.999834732590376,0.9348006123634677,0.9852391383508242,0.25284301939489945,0.9864446423846339
0.7745,0.9468225566349717,1.0,4471.149539502658,0.9998356603319808,0.9345518634263074,0.985227145164419,0.2528195473786688,0.9863410121780334
0.775,0.9462636991056707,1.0,4470.63534576829,0.999836582757169,0.9343031280396287,0.9852151413035833,0.25279607536243814,0.986236993031322
0.7755,0.9457048415763697,1.0,4470.119273855074,0.9998374998959672,0.9340544062032418,0.9852031267594118,0.25277260334620755,0.9861325850089061
0.776,0.9451459840470686,1.0,4469.601324120053,0.9998384117784013,0.9338056979169563,0.9851911015229924,0.2527491313299769,0.9860277881751873
0.7765,0.9445871265177677,1.0,4469.081496921567,0.9998393184344979,0.9335570031805825,0.9851790655854071,0.25272565931374624,0.9859226025945628
0.777,0.9440282689884666,1.0,4468.559792619176,0.9998402198942833,0.9333083219939302,0.9851670189377327,0.2527021872975156,0.9858170283314245
0.7775,0.9434694114591656,1.0,4468.036211573691,0.9998411161877837,0.9330596543568095,0.9851549615710393,0.25267871528128494,0.9857110654501601
0.778,0.9429105539298646,1.0,4467.510754147056,0.9998420073450256,0.9328110002690302,0.9851428934763908,0.2526552432650543,0.9856047140151523
0.7785,0.9423516964005636,1.0,4466.983420702558,0.9998428933960353,0.9325623597304022,0.9851308146448455,0.2526317712488237,0.9854979740907791
0.779,0.9417928388712625,1.0,4466.454211604444,0.9998437743708389,0.9323137327407357,0.9851187250674549,0.25260829923259304,0.985390845741414
0.7795,0.9412339813419616,1.0,4465.923127218346,0.999844650299463,0.9320651192998405,0.9851066247352654,0.2525848272163624,0.9852833290314257
0.78,0.9406751238126604,1.0,4465.390167911192,0.9998455212119338,0.9318165194075265,0.9850945136393168,0.25256135520013173,0.9851754240251779
0.7805,0.9401162662833594,1.0,4464.855334050959,0.9998463871382776,0.9315679330636039,0.9850823917706425,0.2525378831839011,0.98506713078703
0.781,0.9395574087540584,1.0,4464.3186260069615,0.9998472481085208,0.9313193602678824,0.9850702591202706,0.2525144111676704,0.9849584493813364
0.7815,0.9389985512247574,1.0,4463.780044149734,0.9998481041526897,0.9310708010201721,0.9850581156792225,0.25249093915143983,0.9848493798724467
0.782,0.9384396936954563,1.0,4463.239588850851,0.9998489553008105,0.9308222553202828,0.9850459614385139,0.2524674671352092,0.9847399223247062
0.7825,0.9378808361661554,1.0,4462.6972604832745,0.9998498015829097,0.9305737231680248,0.9850337963891542,0.2524439951189785,0.9846300768024552
0.783,0.9373219786368543,1.0,4462.153059421135,0.9998506430290136,0.9303252045632077,0.9850216205221469,0.2524205231027479,0.9845198433700292
0.7835,0.9367631211075533,1.0,4461.606986039695,0.9998514796691483,0.9300766995056416,0.9850094338284893,0.2523970510865172,0.9844092220917592
0.784,0.9362042635782523,1.0,4461.0590407156,0.9998523115333405,0.9298282079951365,0.9849972362991727,0.25237357907028657,0.9842982130319713
0.7845,0.9356454060489513,1.0,4460.509223826666,0.9998531386516163,0.9295797300315023,0.9849850279251823,0.25235010705405597,0.9841868162549869
0.785,0.9350865485196502,1.0,4459.957535751714,0.999853961054002,0.9293312656145489,0.9849728086974971,0.2523266350378253,0.984075031825123
0.7855,0.9345276909903493,1.0,4459.40397687099,0.999854778770524,0.9290828147440865,0.9849605786070901,0.25230316302159467,0.9839628598066915
0.786,0.9339688334610481,1.0,4458.848547565951,0.9998555918312086,0.9288343774199248,0.9849483376449286,0.252279691005364,0.9838503002639997
0.7865,0.9334099759317471,1.0,4458.291248219144,0.9998564002660821,0.9285859536418739,0.9849360858019731,0.25225621898913336,0.9837373532613501
0.787,0.9328511184024461,1.0,4457.732079214499,0.999857204105171,0.9283375434097436,0.9849238230691786,0.2522327469729027,0.9836240188630408
0.7875,0.9322922608731451,1.0,4457.171040937031,0.9998580033785013,0.9280891467233441,0.9849115494374935,0.2522092749566721,0.983510297133365
0.788,0.931733403343844,1.0,4456.60813377297,0.9998587981160996,0.9278407635824851,0.9848992648978608,0.25218580294044146,0.983396188136611
0.7885,0.9311745458145431,1.0,4456.043358109803,0.999859588347992,0.9275923939869768,0.9848869694412168,0.2521623309242108,0.9832816919370625
0.789,0.930615688285242,1.0,4455.476714336186,0.999860374104205,0.927344037936629,0.9848746630584917,0.25213885890798016,0.9831668085989987
0.7895,0.930056830755941,1.0,4454.908202842075,0.999861155414765,0.9270956954312517,0.9848623457406104,0.2521153868917495,0.9830515381866939
0.79,0.92949797322664,1.0,4454.337824018555,0.999861932309698,0.9268473664706548,0.9848500174784907,0.25209191487551885,0.9829358807644175
0.7905,0.928939115697339,1.0,4453.76557825809,0.9998627048190306,0.9265990510546485,0.9848376782630449,0.25206844285928826,0.9828198363964347
0.791,0.9283802581680379,1.0,4453.191465954023,0.9998634729727891,0.9263507491830424,0.9848253280851792,0.2520449708430576,0.9827034051470053
0.7915,0.927821400638737,1.0,4452.615487501167,0.9998642368009997,0.9261024608556467,0.9848129669357933,0.25202149882682695,0.9825865870803852
0.792,0.9272625431094359,1.0,4452.03764329554,0.9998649963336887,0.9258541860722713,0.9848005948057813,0.2519980268105963,0.9824693822608247
0.7925,0.9267036855801349,1.0,4451.457933734294,0.9998657516008828,0.9256059248327262,0.9847882116860309,0.25197455479436565,0.9823517907525702
0.793,0.9261448280508338,1.0,4450.876359215836,0.9998665026326078,0.9253576771368213,0.9847758175674239,0.251951082778135,0.9822338126198629
0.7935,0.9255859705215328,1.0,4450.292920139868,0.9998672494588903,0.9251094429843666,0.9847634124408359,0.2519276107619044,0.9821154479269393
0.794,0.9250271129922317,1.0,4449.707616907057,0.9998679921097566,0.9248612223751719,0.984750996297136,0.25190413874567374,0.9819966967380314
0.7945,0.9244682554629308,1.0,4449.1204499194455,0.9998687306152331,0.9246130153090475,0.9847385691271879,0.2518806667294431,0.9818775591173664
0.795,0.9239093979336297,1.0,4448.531419580379,0.9998694650053459,0.9243648217858029,0.9847261309218489,0.25185719471321244,0.9817580351291666
0.7955,0.9233505404043287,1.0,4447.940526294243,0.9998701953101216,0.9241166418052486,0.9847136816719703,0.2518337226969818,0.98163812483765
0.796,0.9227916828750277,1.0,4447.347770466807,0.9998709215595863,0.9238684753671941,0.984701221368397,0.25181025068075114,0.9815178283070295
0.7965,0.9222328253457267,1.0,4446.753152504965,0.9998716437837665,0.9236203224714495,0.9846887500019679,0.25178677866452054,0.9813971456015136
0.797,0.9216739678164256,1.0,4446.156672816621,0.9998723620126884,0.9233721831178249,0.9846762675635159,0.2517633066482899,0.9812760767853056
0.7975,0.9211151102871247,1.0,4445.558331811261,0.9998730762763782,0.92312405730613,0.9846637740438681,0.25173983463205923,0.9811546219226046
0.798,0.9205562527578236,1.0,4444.95812989934,0.9998737866048626,0.922875945036175,0.9846512694338445,0.2517163626158286,0.9810327810776049
0.7985,0.9199973952285226,1.0,4444.356067492686,0.9998744930281676,0.9226278463077698,0.9846387537242602,0.25169289059959793,0.9809105543144959
0.799,0.9194385376992215,1.0,4443.752145004093,0.9998751955763197,0.9223797611207243,0.9846262269059236,0.2516694185833673,0.9807879416974623
0.7995,0.9188796801699205,1.0,4443.146362847942,0.999875894279345,0.9221316894748485,0.9846136889696369,0.2516459465671367,0.9806649432906842
0.8,0.9183208226406194,1.0,4442.5387214394095,0.9998765891672701,0.9218836313699522,0.9846011399061961,0.25162247455090603,0.980541559158337
0.8005,0.9177619651113185,1.0,4441.929221195174,0.9998772802701212,0.9216355868058457,0.9845885797063916,0.2515990025346754,0.9804177893645913
0.801,0.9172031075820174,1.0,4441.317862533005,0.9998779676179246,0.9213875557823386,0.9845760083610072,0.2515755305184447,0.9802936339736131
0.8015,0.9166442500527164,1.0,4440.704645871882,0.9998786512407067,0.9211395382992411,0.984563425860821,0.25155205850221407,0.9801690930495636
0.802,0.9160853925234154,1.0,4440.089571632121,0.9998793311684937,0.9208915343563631,0.9845508321966047,0.2515285864859834,0.9800441666565992
0.8025,0.9155265349941144,1.0,4439.472640235211,0.9998800074313121,0.9206435439535144,0.9845382273591238,0.2515051144697528,0.9799188548588719
0.803,0.9149676774648133,1.0,4438.853852103557,0.9998806800591881,0.9203955670905052,0.9845256113391377,0.25148164245352217,0.9797931577205286
0.8035,0.9144088199355124,1.0,4438.233207661197,0.999881349082148,0.9201476037671453,0.9845129841274002,0.2514581704372915,0.9796670753057116
0.804,0.9138499624062113,1.0,4437.610706595002,0.9998820144467792,0.9198996539885069,0.9845003457123904,0.25143469842106086,0.9795406076812471
0.8045,0.9132911048769103,1.0,4436.986292668633,0.999882669800487,0.9196517181583623,0.9844876959113122,0.2514112264048302,0.9794137551182932
0.805,0.9127322473476092,1.0,4436.3600247092045,0.9998833217981451,0.9194037958602342,0.9844750348948988,0.25138775438859956,0.9792865174689451
0.8055,0.9121733898183082,1.0,4435.731902958416,0.9998839704514882,0.9191558870952652,0.9844623626534007,0.25136428237236896,0.9791588947979799
0.806,0.9116145322890071,1.0,4435.101927659058,0.9998846157722511,0.9189079918645977,0.9844496791770598,0.2513408103561383,0.979030887170178
0.8065,0.9110556747597062,1.0,4434.47009905523,0.9998852577721685,0.9186601101693745,0.9844369844561112,0.25131733833990766,0.9789024946503243
0.807,0.9104968172304051,1.0,4433.836417392505,0.9998858964629751,0.9184122420107379,0.9844242784807817,0.251293866323677,0.9787737173032066
0.8075,0.9099379597011041,1.0,4433.20088291755,0.9998865318564057,0.9181643873898306,0.9844115612412911,0.25127039430744635,0.978644555193617
0.808,0.9093791021718031,1.0,4432.563495878342,0.9998871639641951,0.9179165463077951,0.984398832727851,0.2512469222912157,0.978515008386351
0.8085,0.9088202446425021,1.0,4431.924256524163,0.9998877927980779,0.9176687187657739,0.9843860929306658,0.2512234502749851,0.9783850769462078
0.809,0.908261387113201,1.0,4431.283165105311,0.999888418369789,0.9174209047649097,0.9843733418399317,0.25119997825875445,0.9782547609379907
0.8095,0.9077025295839001,1.0,4430.640221873684,0.999889040691063,0.9171731043063449,0.9843605794458374,0.2511765062425238,0.9781240604265063
0.81,0.907143672054599,1.0,4429.995427082279,0.9998896597736348,0.9169253173912221,0.9843478057385645,0.25115303422629315,0.977992975476565
0.8105,0.906584814525298,1.0,4429.3487809854,0.9998902756292389,0.9166775440206838,0.9843350207082862,0.2511295622100625,0.9778615061529812
0.811,0.906025956995997,1.0,4428.70028383862,0.9998908882696103,0.9164297841958726,0.9843222243451681,0.25110609019383184,0.9777296525205726
0.8115,0.9054670994666959,1.0,4428.049935898778,0.9998914977064836,0.9161820379179311,0.9843094166393687,0.25108261817760125,0.977597414644161
0.812,0.9049082419373948,1.0,4427.397737423941,0.9998921039515934,0.9159343051880017,0.9842965975810379,0.2510591461613706,0.9774647925885713
0.8125,0.9043493844080939,1.0,4426.7436886733985,0.9998927070166749,0.9156865860072271,0.9842837671603186,0.25103567414513994,0.9773317864186329
0.8130000000000001,0.9037905268787928,1.0,4426.087789907877,0.9998933069134623,0.9154388803767496,0.9842709253673462,0.2510122021289093,0.9771983961991784
0.8135,0.9032316693494918,1.0,4425.430041389249,0.9998939036536908,0.9151911882977121,0.9842580721922474,0.25098873011267864,0.9770646219950442
0.8140000000000001,0.9026728118201908,1.0,4424.770443380651,0.9998944972490948,0.9149435097712569,0.984245207625142,0.250965258096448,0.9769304638710706
0.8145,0.9021139542908898,1.0,4424.108996146661,0.9998950877114093,0.9146958447985267,0.9842323316561421,0.2509417860802174,0.9767959218921013
0.8150000000000001,0.9015550967615887,1.0,4423.445699952831,0.9998956750523689,0.9144481933806639,0.9842194442753517,0.25091831406398674,0.9766609961229837
0.8155,0.9009962392322878,1.0,4422.780555066109,0.9998962592837083,0.9142005555188112,0.9842065454728672,0.2508948420477561,0.9765256866285695
0.8160000000000001,0.9004373817029867,1.0,4422.11356175488,0.9998968404171623,0.9139529312141109,0.9841936352387773,0.25087137003152543,0.9763899934737132
0.8165,0.8998785241736857,1.0,4421.444720288593,0.9998974184644658,0.9137053204677059,0.9841807135631633,0.2508478980152948,0.9762539167232738
0.8170000000000001,0.8993196666443847,1.0,4420.7740309381325,0.9998979934373533,0.9134577232807384,0.9841677804360981,0.2508244259990642,0.9761174564421133
0.8175,0.8987608091150837,1.0,4420.101493975363,0.9998985653475596,0.9132101396543512,0.9841548358476473,0.25080095398283353,0.9759806126950982
0.8180000000000001,0.8982019515857825,1.0,4419.427109673757,0.9998991342068195,0.9129625695896867,0.9841418797878689,0.2507774819666029,0.9758433855470978
0.8185,0.8976430940564816,1.0,4418.750878307846,0.9998997000268678,0.9127150130878876,0.9841289122468125,0.2507540099503722,0.9757057750629858
0.8190000000000001,0.8970842365271805,1.0,4418.072800153562,0.9999002628194391,0.9124674701500962,0.9841159332145212,0.2507305379341416,0.9755677813076393
0.8195,0.8965253789978795,1.0,4417.392875488026,0.9999008225962682,0.9122199407774553,0.9841029426810287,0.2507070659179109,0.9754294043459393
0.8200000000000001,0.8959665214685785,1.0,4416.711104589716,0.9999013793690898,0.9119724249711073,0.9840899406363622,0.25068359390168027,0.97529064424277
0.8205,0.8954076639392775,1.0,4416.027487738298,0.9999019331496388,0.9117249227321949,0.9840769270705406,0.25066012188544967,0.9751515010630198
0.8210000000000001,0.8948488064099764,1.0,4415.342025214714,0.9999024839496499,0.9114774340618603,0.9840639019735753,0.250636649869219,0.9750119748715808
0.8215,0.8942899488806755,1.0,4414.654717301222,0.9999030317808576,0.9112299589612466,0.9840508653354698,0.25061317785298837,0.9748720657333483
0.8220000000000001,0.8937310913513744,1.0,4413.96556428131,0.999903576654997,0.9109824974314957,0.9840378171462196,0.2505897058367577,0.9747317737132217
0.8225,0.8931722338220734,1.0,4413.274566439827,0.9999041185838025,0.9107350494737507,0.9840247573958129,0.25056623382052706,0.9745910988761042
0.8230000000000001,0.8926133762927724,1.0,4412.581724062895,0.999904657579009,0.9104876150891539,0.9840116860742297,0.25054276180429647,0.9744500412869022
0.8235,0.8920545187634714,1.0,4411.887037437664,0.9999051936523513,0.910240194278848,0.9839986031714423,0.2505192897880658,0.9743086010105263
0.8240000000000001,0.8914956612341702,1.0,4411.190506852932,0.9999057268155641,0.9099927870439751,0.9839855086774154,0.25049581777183516,0.9741667781118902
0.8245,0.8909368037048693,1.0,4410.492132598526,0.9999062570803822,0.9097453933856784,0.9839724025821059,0.2504723457556045,0.9740245726559121
0.8250000000000001,0.8903779461755682,1.0,4409.791914965632,0.9999067844585402,0.9094980133050999,0.9839592848754627,0.25044887373937386,0.9738819847075132
0.8255,0.8898190886462672,1.0,4409.089854246669,0.9999073089617728,0.9092506468033824,0.9839461555474269,0.2504254017231432,0.9737390143316185
0.8260000000000001,0.8892602311169662,1.0,4408.38595073542,0.9999078306018151,0.9090032938816685,0.983933014587932,0.25040192970691255,0.9735956615931569
0.8265,0.8887013735876652,1.0,4407.680204726902,0.9999083493904014,0.9087559545411007,0.9839198619869036,0.25037845769068195,0.9734519265570609
0.8270000000000001,0.8881425160583641,1.0,4406.972616517327,0.9999088653392667,0.9085086287828213,0.9839066977342595,0.2503549856744513,0.9733078092882667
0.8275,0.8875836585290632,1.0,4406.263186404226,0.9999093784601457,0.9082613166079733,0.9838935218199094,0.25033151365822065,0.973163309851714
0.8280000000000001,0.8870248009997621,1.0,4405.551914686493,0.9999098887647732,0.9080140180176989,0.9838803342337558,0.25030804164199,0.9730184283123462
0.8285,0.8864659434704611,1.0,4404.838801664302,0.9999103962648838,0.9077667330131407,0.9838671349656926,0.25028456962575935,0.9728731647351108
0.8290000000000001,0.8859070859411601,1.0,4404.123847639103,0.9999109009722122,0.9075194615954413,0.9838539240056065,0.25026109760952875,0.9727275191849584
0.8295,0.8853482284118591,1.0,4403.407052913295,0.9999114028984935,0.9072722037657434,0.9838407013433759,0.2502376255932981,0.9725814917268437
0.8300000000000001,0.8847893708825579,1.0,4402.688417791058,0.999911902055462,0.9070249595251892,0.9838274669688718,0.25021415357706744,0.9724350824257249
0.8305,0.884230513353257,1.0,4401.967942577558,0.9999123984548527,0.9067777288749216,0.9838142208719574,0.2501906815608368,0.9722882913465637
0.8310000000000001,0.8836716558239559,1.0,4401.2456275794075,0.9999128921084003,0.9065305118160829,0.9838009630424872,0.25016720954460614,0.9721411185543258
0.8315,0.8831127982946549,1.0,4400.521473104254,0.9999133830278395,0.9062833083498157,0.9837876934703088,0.2501437375283755,0.9719935641139805
0.8320000000000001,0.8825539407653539,1.0,4399.795479461275,0.999913871224905,0.9060361184772627,0.9837744121452617,0.25012026551214483,0.9718456280905006
0.8325,0.8819950832360529,1.0,4399.067646960927,0.9999143567113318,0.9057889421995663,0.9837611190571772,0.25009679349591424,0.9716973105488627
0.833,0.881436225706752,1.0,4398.337975914618,0.9999148394988543,0.9055417795178691,0.9837478141958793,0.2500733214796836,0.971548611554047
0.8335,0.8808773681774509,1.0,4397.606466635453,0.9999153195992074,0.9052946304333136,0.9837344975511835,0.25004984946345293,0.9713995311710375
0.834,0.8803185106481499,1.0,4396.873119437532,0.9999157970241259,0.9050474949470424,0.9837211691128976,0.2500263774472223,0.9712500694648216
0.8345,0.8797596531188489,1.0,4396.137934636442,0.9999162717853445,0.9048003730601979,0.9837078288708222,0.25000290543099163,0.9711002265003906
0.835,0.8792007955895479,1.0,4395.40091254893,0.9999167438945978,0.904553264773923,0.9836944768147491,0.249979433414761,0.9709500023427396
0.8355,0.8786419380602468,1.0,4394.662053493028,0.9999172133636207,0.9043061700893598,0.9836811129344624,0.24995596139853035,0.9707993970568669
0.836,0.8780830805309459,1.0,4393.921357788133,0.999917680204148,0.9040590890076511,0.9836677372197389,0.24993248938229973,0.9706484107077749
0.8365,0.8775242230016448,1.0,4393.178825754804,0.9999181444279143,0.9038120215299394,0.983654349660347,0.24990901736606908,0.9704970433604693
0.837,0.8769653654723437,1.0,4392.434457714966,0.9999186060466544,0.9035649676573674,0.9836409502460473,0.24988554534983842,0.9703452950799598
0.8375,0.8764065079430426,1.0,4391.6882539918315,0.9999190650721029,0.9033179273910774,0.9836275389665925,0.24986207333360777,0.9701931659312596
0.838,0.8758476504137417,1.0,4390.940214909938,0.9999195215159948,0.9030709007322122,0.9836141158117274,0.24983860131737715,0.9700406559793856
0.8385,0.8752887928844406,1.0,4390.190340795026,0.9999199753900647,0.902823887681914,0.9836006807711891,0.2498151293011465,0.9698877652893583
0.839,0.8747299353551397,1.0,4389.438631974123,0.9999204267060474,0.9025768882413256,0.9835872338347065,0.24979165728491587,0.9697344939262017
0.8395,0.8741710778258386,1.0,4388.685088775544,0.9999208754756775,0.9023299024115896,0.9835737749920005,0.24976818526868522,0.9695808419549439
0.84,0.8736122202965376,1.0,4387.92971152897,0.9999213217106899,0.9020829301938484,0.9835603042327845,0.24974471325245456,0.9694268094406162
0.8405,0.8730533627672366,1.0,4387.172500565374,0.9999217654228193,0.9018359715892446,0.9835468215467634,0.24972124123622394,0.9692723964482538
0.841,0.8724945052379356,1.0,4386.4134562168065,0.9999222066238004,0.9015890265989208,0.9835333269236352,0.2496977692199933,0.9691176030428957
0.8415,0.8719356477086345,1.0,4385.652578816855,0.999922645325368,0.9013420952240193,0.9835198203530884,0.24967429720376264,0.968962429289584
0.842,0.8713767901793336,1.0,4384.889868700311,0.9999230815392568,0.901095177465683,0.9835063018248048,0.249650825187532,0.968806875253365
0.8425,0.8708179326500325,1.0,4384.125326203175,0.9999235152772016,0.9008482733250542,0.9834927713284581,0.24962735317130136,0.9686509409992884
0.843,0.8702590751207315,1.0,4383.3589516629,0.9999239465509371,0.9006013828032756,0.983479228853714,0.2496038811550707,0.9684946265924077
0.8435,0.8697002175914303,1.0,4382.590745418064,0.9999243753721979,0.9003545059014897,0.9834656743902294,0.24958040913884005,0.9683379320977799
0.844,0.8691413600621294,1.0,4381.820707808657,0.999924801752719,0.900107642620839,0.9834521079276546,0.24955693712260943,0.9681808575804655
0.8445,0.8685825025328283,1.0,4381.0488391758345,0.999925225704235,0.899860792962466,0.9834385294556309,0.24953346510637878,0.968023403105529
0.845,0.8680236450035274,1.0,4380.275139862169,0.9999256472384807,0.8996139569275134,0.9834249389637923,0.24950999309014815,0.9678655687380385
0.8455,0.8674647874742263,1.0,4379.499610211441,0.9999260663671907,0.8993671345171237,0.9834113364417646,0.2494865210739175,0.9677073545430654
0.846,0.8669059299449253,1.0,4378.722250568759,0.9999264831021,0.8991203257324394,0.9833977218791654,0.24946304905768685,0.9675487605856852
0.8465,0.8663470724156243,1.0,4377.943061280527,0.9999268974549431,0.898873530574603,0.9833840952656046,0.24943957704145622,0.9673897869309765
0.847,0.8657882148863233,1.0,4377.1620426944,0.9999273094374549,0.8986267490447571,0.9833704565906842,0.24941610502522557,0.9672304336440222
0.8475,0.8652293573570222,1.0,4376.37919515932,0.99992771906137,0.8983799811440444,0.9833568058439979,0.24939263300899492,0.9670707007899082
0.848,0.8646704998277213,1.0,4375.594519025694,0.9999281263384233,0.8981332268736072,0.9833431430151314,0.2493691609927643,0.9669105884337246
0.8485,0.8641116422984202,1.0,4374.808014644925,0.9999285312803494,0.8978864862345881,0.9833294680936628,0.24934568897653364,0.9667500966405645
0.849,0.8635527847691192,1.0,4374.019682369879,0.9999289338988832,0.8976397592281299,0.9833157810691625,0.249322216960303,0.9665892254755255
0.8495,0.862993927239818,1.0,4373.229522554797,0.9999293342057592,0.8973930458553747,0.9833020819311915,0.24929874494407234,0.9664279750037078
0.85,0.8624350697105171,1.0,4372.437535555049,0.9999297322127124,0.8971463461174656,0.9832883706693044,0.2492752729278417,0.9662663452902163
0.8505,0.861876212181216,1.0,4371.6437217274215,0.9999301279314775,0.8968996600155446,0.9832746472730469,0.24925180091161106,0.9661043364001585
0.851,0.8613173546519151,1.0,4370.848081429915,0.999930521373789,0.8966529875507546,0.9832609117319566,0.24922832889538044,0.9659419483986464
0.8515,0.860758497122614,1.0,4370.0506150218225,0.999930912551382,0.896406328724238,0.9832471640355638,0.24920485687914978,0.9657791813507951
0.852,0.860199639593313,1.0,4369.2513228637745,0.999931301475991,0.8961596835371374,0.9832334041733903,0.24918138486291913,0.9656160353217237
0.8525,0.859640782064012,1.0,4368.45020531774,0.9999316881593507,0.8959130519905953,0.9832196321349498,0.2491579128466885,0.9654525103765546
0.853,0.859081924534711,1.0,4367.6472627468165,0.999932072613196,0.8956664340857543,0.983205847909748,0.24913444083045785,0.9652886065804137
0.8535,0.8585230670054099,1.0,4366.842495515603,0.9999324548492616,0.895419829823757,0.9831920514872831,0.2491109688142272,0.9651243239984313
0.854,0.857964209476109,1.0,4366.035903989876,0.9999328348792823,0.8951732392057459,0.9831782428570445,0.24908749679799658,0.9649596626957405
0.8545,0.8574053519468079,1.0,4365.227488536785,0.9999332127149927,0.8949266622328633,0.9831644220085141,0.24906402478176592,0.9647946227374784
0.855,0.8568464944175069,1.0,4364.4172495245775,0.9999335883681276,0.8946800989062522,0.9831505889311655,0.24904055276553527,0.9646292041887856
0.8555,0.8562876368882057,1.0,4363.60518732308,0.9999339618504217,0.8944335492270549,0.9831367436144643,0.24901708074930462,0.9644634071148066
0.856,0.8557287793589048,1.0,4362.791302303258,0.9999343331736099,0.8941870131964139,0.9831228860478682,0.248993608733074,0.9642972315806891
0.8565,0.8551699218296037,1.0,4361.975594837373,0.9999347023494268,0.8939404908154719,0.9831090162208267,0.24897013671684334,0.9641306776515848
0.857,0.8546110643003028,1.0,4361.158065299108,0.9999350693896073,0.8936939820853713,0.9830951341227813,0.24894666470061272,0.9639637453926487
0.8575,0.8540522067710017,1.0,4360.338714063198,0.9999354343058859,0.8934474870072546,0.9830812397431652,0.24892319268438207,0.9637964348690397
0.858,0.8534933492417007,1.0,4359.517541505925,0.9999357971099975,0.8932010055822647,0.9830673330714041,0.24889972066815141,0.9636287461459201
0.8585,0.8529344917123997,1.0,4358.694548004789,0.9999361578136768,0.8929545378115438,0.983053414096915,0.2488762486519208,0.9634606792884559
0.859,0.8523756341830987,1.0,4357.869733938505,0.9999365164286586,0.8927080836962346,0.9830394828091071,0.24885277663569014,0.963292234361817
0.8595,0.8518167766537976,1.0,4357.0430996871755,0.9999368729666775,0.8924616432374795,0.9830255391973819,0.24882930461945948,0.9631234114311762
0.86,0.8512579191244967,1.0,4356.21464563228,0.9999372274394684,0.8922152164364212,0.9830115832511321,0.24880583260322886,0.9629542105617107
0.8605,0.8506990615951956,1.0,4355.384372156357,0.999937579858766,0.8919688032942021,0.9829976149597428,0.2487823605869982,0.9627846318186009
0.861,0.8501402040658946,1.0,4354.552279643491,0.9999379302363051,0.891722403811965,0.9829836343125907,0.24875888857076756,0.9626146752670307
0.8615,0.8495813465365936,1.0,4353.718368479068,0.9999382785838202,0.8914760179908522,0.9829696412990451,0.24873541655453693,0.962444340972188
0.862,0.8490224890072926,1.0,4352.882639049448,0.9999386249130463,0.8912296458320064,0.9829556359084659,0.24871194453830628,0.9622736289992642
0.8625,0.8484636314779914,1.0,4352.045091742704,0.999938969235718,0.8909832873365701,0.9829416181302064,0.24868847252207563,0.9621025394134539
0.863,0.8479047739486905,1.0,4351.205726947967,0.9999393115635701,0.8907369425056858,0.9829275879536108,0.248665000505845,0.961931072279956
0.8635,0.8473459164193894,1.0,4350.364545055751,0.9999396519083373,0.890490611340496,0.9829135453680151,0.24864152848961435,0.9617592276639723
0.864,0.8467870588900884,1.0,4349.521546457873,0.9999399902817545,0.8902442938421434,0.9828994903627484,0.2486180564733837,0.9615870056307086
0.8645,0.8462282013607874,1.0,4348.676731547497,0.9999403266955562,0.8899979900117705,0.98288542292713,0.24859458445715307,0.9614144062453746
0.865,0.8456693438314864,1.0,4347.830100718885,0.9999406611614773,0.8897516998505199,0.9828713430504725,0.24857111244092242,0.9612414295731829
0.8655,0.8451104863021853,1.0,4346.981654367891,0.9999409936912526,0.889505423359534,0.9828572507220797,0.24854764042469177,0.96106807567935
0.866,0.8445516287728844,1.0,4346.131392891508,0.9999413242966166,0.8892591605399554,0.9828431459312472,0.24852416840846114,0.9608943446290964
0.8665,0.8439927712435833,1.0,4345.279316687996,0.9999416529893043,0.8890129113929267,0.982829028667263,0.2485006963922305,0.9607202364876456
0.867,0.8434339137142823,1.0,4344.425426157041,0.9999419797810503,0.8887666759195904,0.982814898919406,0.24847722437599984,0.960545751320225
0.8675,0.8428750561849813,1.0,4343.5697216996805,0.9999423046835892,0.888520454121089,0.9828007566769479,0.24845375235976921,0.9603708891920657
0.868,0.8423161986556803,1.0,4342.712203717963,0.9999426277086562,0.8882742459985652,0.9827866019291521,0.24843028034353856,0.960195650168402
0.8685,0.8417573411263791,1.0,4341.852872615539,0.9999429488679856,0.8880280515531614,0.9827724346652733,0.2484068083273079,0.9600200343144724
0.869,0.8411984835970782,1.0,4340.99172879732,0.9999432681733124,0.8877818707860203,0.9827582548745588,0.24838333631107729,0.9598440416955184
0.8695,0.8406396260677771,1.0,4340.128772669362,0.9999435856363711,0.8875357036982843,0.9827440625462472,0.24835986429484663,0.9596676723767854
0.87,0.8400807685384761,1.0,4339.2640046392335,0.9999439012688967,0.887289550291096,0.9827298576695692,0.24833639227861598,0.9594909264235224
0.8705,0.8395219110091751,1.0,4338.39742511569,0.9999442150826238,0.8870434105655979,0.982715640233747,0.24831292026238536,0.9593138039009819
0.871,0.8389630534798741,1.0,4337.529034508833,0.9999445270892872,0.8867972845229327,0.9827014102279948,0.2482894482461547,0.9591363048744201
0.8715,0.838404195950573,1.0,4336.658833229992,0.9999448373006214,0.8865511721642427,0.9826871676415194,0.24826597622992405,0.9589584294090967
0.872,0.8378453384212721,1.0,4335.78682169197,0.9999451457283616,0.8863050734906708,0.982672912463518,0.24824250421369343,0.958780177570275
0.8725,0.837286480891971,1.0,4334.913000308673,0.9999454523842423,0.8860589885033592,0.9826586446831805,0.24821903219746277,0.9586015494232218
0.873,0.83672762336267,1.0,4334.037369495483,0.9999457572799981,0.8858129172034506,0.982644364289689,0.24819556018123212,0.9584225450332078
0.8735,0.836168765833369,1.0,4333.159929669174,0.9999460604273639,0.8855668595920875,0.982630071272216,0.2481720881650015,0.958243164465507
0.874,0.835609908304068,1.0,4332.280681247416,0.9999463618380745,0.8853208156704125,0.9826157656199275,0.24814861614877085,0.958063407785397
0.8745,0.8350510507747668,1.0,4331.399624649688,0.9999466615238646,0.8850747854395682,0.9826014473219801,0.2481251441325402,0.9578832750581592
0.875,0.8344921932454659,1.0,4330.516760296529,0.9999469594964687,0.8848287689006971,0.9825871163675224,0.24810167211630957,0.9577027663490782
0.8755000000000001,0.8339333357161648,1.0,4329.632088609711,0.999947255767622,0.8845827660549416,0.9825727727456954,0.24807820010007892,0.9575218817234428
0.876,0.8333744781868638,1.0,4328.745610012519,0.9999475503490588,0.8843367769034445,0.9825584164456314,0.24805472808384826,0.9573406212465447
0.8765000000000001,0.8328156206575628,1.0,4327.857324929473,0.9999478432525142,0.8840908014473481,0.9825440474564544,0.24803125606761764,0.9571589849836796
0.877,0.8322567631282618,1.0,4326.9672337863185,0.9999481344897226,0.8838448396877951,0.9825296657672804,0.248007784051387,0.9569769730001466
0.8775000000000001,0.8316979055989607,1.0,4326.075337010198,0.9999484240724191,0.8835988916259281,0.9825152713672174,0.24798431203515636,0.9567945853612486
0.878,0.8311390480696598,1.0,4325.181635029611,0.9999487120123381,0.8833529572628894,0.9825008642453649,0.2479608400189257,0.9566118221322918
0.8785000000000001,0.8305801905403587,1.0,4324.286128274242,0.9999489983212146,0.8831070365998218,0.9824864443908135,0.24793736800269506,0.9564286833785861
0.879,0.8300213330110577,1.0,4323.388817175176,0.9999492830107833,0.8828611296378679,0.9824720117926472,0.2479138959864644,0.9562451691654452
0.8795000000000001,0.8294624754817567,1.0,4322.489702164891,0.9999495660927789,0.8826152363781699,0.9824575664399403,0.24789042397023378,0.9560612795581858
0.88,0.8289036179524557,1.0,4321.588783676977,0.999949847578936,0.8823693568218707,0.9824431083217595,0.24786695195400313,0.9558770146221289
0.8805000000000001,0.8283447604231546,1.0,4320.686062146502,0.9999501274809895,0.8821234909701126,0.9824286374271632,0.2478434799377725,0.9556923744225985
0.881,0.8277859028938536,1.0,4319.781538009765,0.9999504058106742,0.8818776388240382,0.9824141537452018,0.24782000792154185,0.9555073590249223
0.8815000000000001,0.8272270453645525,1.0,4318.875211704427,0.9999506825797247,0.8816318003847903,0.9823996572649164,0.2477965359053112,0.955321968494432
0.882,0.8266681878352515,1.0,4317.967083669417,0.9999509577998759,0.8813859756535111,0.9823851479753414,0.24777306388908055,0.9551362028964622
0.8825000000000001,0.8261093303059505,1.0,4317.05715434511,0.9999512314828622,0.8811401646313433,0.9823706258655015,0.24774959187284992,0.9549500622963515
0.883,0.8255504727766495,1.0,4316.145424172988,0.9999515036404188,0.8808943673194294,0.9823560909244146,0.24772611985661927,0.954763546759442
0.8835000000000001,0.8249916152473484,1.0,4315.231893596057,0.9999517742842802,0.8806485837189121,0.9823415431410885,0.24770264784038865,0.9545766563510792
0.884,0.8244327577180475,1.0,4314.316563058393,0.9999520434261812,0.8804028138309338,0.9823269825045245,0.247679175824158,0.9543893911366126
0.8845000000000001,0.8238739001887464,1.0,4313.399433005719,0.9999523110778564,0.880157057656637,0.9823124090037146,0.24765570380792734,0.9542017511813947
0.885,0.8233150426594454,1.0,4312.480503884789,0.9999525772510407,0.8799113151971644,0.982297822627643,0.2476322317916967,0.9540137365507819
0.8855000000000001,0.8227561851301444,1.0,4311.559776143839,0.9999528419574688,0.8796655864536584,0.9822832233652854,0.24760875977546606,0.9538253473101341
0.886,0.8221973276008434,1.0,4310.637250232342,0.9999531052088755,0.8794198714272617,0.9822686112056088,0.2475852877592354,0.9536365835248147
0.8865000000000001,0.8216384700715423,1.0,4309.71292660113,0.9999533670169954,0.8791741701191168,0.982253986137573,0.2475618157430048,0.9534474452601909
0.887,0.8210796125422414,1.0,4308.786805702354,0.9999536273935634,0.8789284825303662,0.9822393481501284,0.24753834372677413,0.9532579325816332
0.8875000000000001,0.8205207550129402,1.0,4307.858887989448,0.9999538863503141,0.8786828086621523,0.982224697232218,0.24751487171054348,0.9530680455545155
0.888,0.8199618974836392,1.0,4306.92917391716,0.9999541438989823,0.878437148515618,0.9822100333727756,0.24749139969431283,0.9528777842442159
0.8885000000000001,0.8194030399543382,1.0,4305.997663941729,0.9999544000513029,0.8781915020919057,0.9821953565607274,0.2474679276780822,0.9526871487161154
0.889,0.8188441824250372,1.0,4305.064358520379,0.9999546548190104,0.8779458693921578,0.9821806667849913,0.24744445566185155,0.9524961390355988
0.8895000000000001,0.8182853248957361,1.0,4304.1292581120315,0.9999549082138396,0.877700250417517,0.9821659640344762,0.24742098364562093,0.9523047552680547
0.89,0.8177264673664352,1.0,4303.192363176598,0.9999551602475253,0.8774546451691257,0.9821512482980834,0.24739751162939028,0.9521129974788748
0.8905000000000001,0.8171676098371341,1.0,4302.253674175557,0.9999554109318022,0.8772090536481267,0.9821365195647055,0.24737403961315962,0.9519208657334547
0.891,0.8166087523078331,1.0,4301.313191571548,0.9999556602784051,0.8769634758556624,0.982121777823227,0.24735056759692897,0.9517283600971933
0.8915000000000001,0.8160498947785321,1.0,4300.370915828736,0.9999559082990687,0.8767179117928753,0.9821070230625241,0.24732709558069835,0.9515354806354934
0.892,0.8154910372492311,1.0,4299.426847412363,0.9999561550055277,0.876472361460908,0.982092255271464,0.2473036235644677,0.951342227413761
0.8925000000000001,0.81493217971993,1.0,4298.480986789118,0.9999564004095169,0.876226824860903,0.9820774744389066,0.24728015154823707,0.9511486004974057
0.893,0.8143733221906291,1.0,4297.533334426973,0.9999566445227711,0.8759813019940029,0.9820626805537029,0.24725667953200642,0.9509545999518408
0.8935000000000001,0.8138144646613279,1.0,4296.583890795305,0.9999568873570249,0.8757357928613503,0.9820478736046959,0.24723320751577577,0.9507602258424833
0.894,0.8132556071320269,1.0,4295.632656364733,0.9999571289240132,0.8754902974640877,0.9820330535807194,0.2472097354995451,0.9505654782347532
0.8945000000000001,0.8126967496027259,1.0,4294.679631607323,0.9999573692354706,0.8752448158033574,0.9820182204705994,0.2471862634833145,0.9503703571940746
0.895,0.8121378920734249,1.0,4293.724816996183,0.999957608303132,0.8749993478803025,0.9820033742631544,0.24716279146708384,0.9501748627858749
0.8955000000000001,0.8115790345441238,1.0,4292.768086373783,0.9999578420376986,0.8747538946138973,0.9819885148583232,0.2471393194508532,0.9499789958087157
0.896,0.8110201770148229,1.0,4291.809564598404,0.9999580744826156,0.8745084551039662,0.9819736423322039,0.24711584743462256,0.9497827556109909
0.8965,0.8104613194855219,1.0,4290.849256275154,0.999958305783282,0.8742630293217328,0.9819587566764867,0.2470923754183919,0.9495861422342238
0.897,0.8099024619562208,1.0,4289.887161634928,0.9999585359433261,0.8740176172701322,0.9819438578797812,0.24706890340216126,0.9493891557452331
0.8975,0.8093436044269199,1.0,4288.923280909933,0.9999587649663764,0.8737722189520998,0.9819289459306888,0.24704543138593063,0.9491917962108526
0.898,0.8087847468976188,1.0,4287.9576143338145,0.9999589928560612,0.8735268343705707,0.9819140208178011,0.24702195936969998,0.9489940636979303
0.8985,0.8082258893683179,1.0,4286.990162141777,0.9999592196160092,0.8732814635284802,0.981899082529702,0.24699848735346935,0.9487959582733294
0.899,0.8076670318390168,1.0,4286.0209245702135,0.9999594452498488,0.8730361064287637,0.9818841310549656,0.2469750153372387,0.9485974800039279
0.8995,0.8071081743097158,1.0,4285.049901857291,0.9999596697612085,0.8727907630743563,0.9818691663821576,0.24695154332100805,0.9483986289566182
0.9,0.8065493167804146,1.0,4284.077094242323,0.9999598931537169,0.8725454334681935,0.9818541884998342,0.2469280713047774,0.9481994051983077
0.9005,0.8059904592511137,1.0,4283.102501966315,0.9999601154310024,0.8723001176132102,0.9818391973965434,0.24690459928854677,0.9479998087959186
0.901,0.8054316017218126,1.0,4282.126125271381,0.9999603365966934,0.872054815512342,0.9818241930608238,0.24688112727231612,0.9477998398163876
0.9015,0.8048727441925116,1.0,4281.147964401491,0.9999605566544184,0.8718095271685241,0.9818091754812052,0.2468576552560855,0.9475994983266666
0.902,0.8043138866632106,1.0,4280.168019601688,0.999960775607806,0.8715642525846916,0.9817941446462086,0.24683418323985484,0.9473987843937216
0.9025,0.8037550291339096,1.0,4279.186291118706,0.9999609934604848,0.8713189917637799,0.9817791005443456,0.2468107112236242,0.947197698084534
0.903,0.8031961716046085,1.0,4278.202779200643,0.999961210216083,0.8710737447087242,0.9817640431641198,0.24678723920739354,0.9469962394660995
0.9035,0.8026373140753076,1.0,4277.217484097001,0.9999614258782292,0.8708285114224599,0.9817489724940248,0.2467637671911629,0.9467944086054286
0.904,0.8020784565460065,1.0,4276.23040605881,0.999961640450552,0.8705832919079219,0.9817338885225461,0.24674029517493226,0.9465922055695467
0.9045,0.8015195990167056,1.0,4275.2415453383865,0.9999618539366798,0.870338086168046,0.9817187912381593,0.24671682315870164,0.9463896304254941
0.905,0.8009607414874045,1.0,4274.250902189739,0.9999620663402411,0.8700928942057671,0.9817036806293322,0.24669335114247098,0.9461866832403252
0.9055,0.8004018839581035,1.0,4273.258476868124,0.9999622776648643,0.8698477160240206,0.9816885566845227,0.24666987912624033,0.9459833640811097
0.906,0.7998430264288026,1.0,4272.264269630409,0.999962487914178,0.8696025516257416,0.9816734193921801,0.2466464071100097,0.9457796730149318
0.9065,0.7992841688995016,1.0,4271.268280734712,0.9999626970918106,0.8693574010138656,0.981658268740745,0.24662293509377906,0.9455756101088906
0.907,0.7987253113702004,1.0,4270.270510440804,0.9999629052013908,0.8691122641913276,0.9816431047186485,0.2465994630775484,0.9453711754300994
0.9075,0.7981664538408995,1.0,4269.27095900979,0.9999631122465468,0.8688671411610631,0.9816279273143128,0.24657599106131778,0.9451663690456871
0.908,0.7976075963115983,1.0,4268.269626704311,0.9999633182309072,0.8686220319260073,0.9816127365161516,0.24655251904508713,0.9449611910227964
0.9085,0.7970487387822973,1.0,4267.266513788295,0.9999635231581006,0.8683769364890955,0.9815975323125691,0.24652904702885647,0.9447556414285855
0.909,0.7964898812529964,1.0,4266.261620527417,0.9999637270317553,0.8681318548532628,0.9815823146919606,0.24650557501262585,0.9445497203302265
0.9095,0.7959310237236954,1.0,4265.25494718848,0.9999639298555,0.8678867870214446,0.9815670836427125,0.2464821029963952,0.9443434277949071
0.91,0.7953721661943942,1.0,4264.246494039992,0.9999641316329629,0.8676417329965761,0.9815518391532024,0.24645863098016454,0.9441367638898289
0.9105,0.7948133086650933,1.0,4263.236261351875,0.9999643323677728,0.8673966927815927,0.9815365812117985,0.24643515896393392,0.9439297286822088
0.911,0.7942544511357923,1.0,4262.224249395308,0.9999645320635581,0.8671516663794295,0.9815213098068603,0.24641168694770327,0.9437223222392781
0.9115,0.7936955936064913,1.0,4261.210458443219,0.9999647307239472,0.8669066537930219,0.9815060249267379,0.24638821493147262,0.9435145446282828
0.912,0.7931367360771902,1.0,4260.194888769871,0.9999649283525686,0.866661655025305,0.9814907265597728,0.246364742915242,0.9433063959164836
0.9125,0.7925778785478892,1.0,4259.1775406509105,0.9999651249530508,0.8664166700792142,0.981475414694297,0.24634127089901134,0.9430978761711559
0.913,0.792019021018588,1.0,4258.158414363567,0.9999653205290223,0.8661716989576846,0.981460089318634,0.2463177988827807,0.94288898545959
0.9135,0.791460163489287,1.0,4257.137510186497,0.9999655150841116,0.8659267416636518,0.981444750421098,0.24629432686655006,0.9426797238490907
0.914,0.7909013059599861,1.0,4256.114828399777,0.9999657086219472,0.8656817982000508,0.9814293979899942,0.2462708548503194,0.9424700914069775
0.9145,0.7903424484306851,1.0,4255.090369285035,0.9999659011461576,0.8654368685698168,0.9814140320136183,0.24624738283408876,0.9422600882005844
0.915,0.789783590901384,1.0,4254.064133125239,0.9999660926603712,0.8651919527758853,0.9813986524802579,0.2462239108178581,0.9420497142972605
0.9155,0.789224733372083,1.0,4253.036120205033,0.9999662831682166,0.8649470508211914,0.9813832593781909,0.24620043880162748,0.9418389697643691
0.916,0.788665875842782,1.0,4252.006330810323,0.9999664726733222,0.8647021627086704,0.981367852695686,0.24617696678539686,0.9416278546692886
0.9165,0.7881070183134811,1.0,4250.974765228484,0.9999666611793165,0.8644572884412577,0.9813524324210032,0.2461534947691662,0.941416369079412
0.917,0.7875481607841799,1.0,4249.941423748568,0.9999668486898281,0.8642124280218882,0.9813369985423936,0.24613002275293555,0.9412045130621465
0.9175,0.7869893032548789,1.0,4248.906306660892,0.9999670352084854,0.8639675814534976,0.9813215510480986,0.2461065507367049,0.9409922866849145
0.918,0.786430445725578,1.0,4247.869414257452,0.9999672207389169,0.8637227487390209,0.9813060899263507,0.24608307872047427,0.9407796900151529
0.9185,0.785871588196277,1.0,4246.830746831386,0.9999674052847509,0.8634779298813935,0.9812906151653737,0.24605960670424362,0.9405667231203134
0.919,0.7853127306669758,1.0,4245.790304677636,0.9999675888496162,0.8632331248835505,0.9812751267533824,0.24603613468801297,0.940353386067862
0.9195,0.7847538731376749,1.0,4244.748088092456,0.9999677714371412,0.8629883337484273,0.9812596246785816,0.24601266267178235,0.9401396789252795
0.92,0.7841950156083739,1.0,4243.704097373614,0.9999679530509543,0.8627435564789592,0.9812441089291681,0.2459891906555517,0.9399256017600617
0.9205,0.7836361580790729,1.0,4242.658332820357,0.9999681336946841,0.8624987930780813,0.9812285794933286,0.24596571863932107,0.9397111546397184
0.921,0.7830773005497718,1.0,4241.6107947334085,0.9999683133719589,0.862254043548729,0.9812130363592414,0.24594224662309042,0.9394963376317748
0.9215,0.7825184430204708,1.0,4240.56148341493,0.9999684920864074,0.8620093078938376,0.9811974795150755,0.24591877460685976,0.9392811508037701
0.922,0.7819595854911696,1.0,4239.510399168643,0.9999686698416579,0.8617645861163421,0.9811819089489909,0.2458953025906291,0.9390655942232583
0.9225,0.7814007279618687,1.0,4238.45754229971,0.999968846641339,0.8615198782191781,0.9811663246491381,0.2458718305743985,0.9388496679578084
0.923,0.7808418704325677,1.0,4237.402913114694,0.9999690224890793,0.8612751842052807,0.9811507266036585,0.24584835855816783,0.9386333720750039
0.9235,0.7802830129032667,1.0,4236.34651192176,0.9999691973885071,0.8610305040775852,0.9811351148006853,0.24582488654193718,0.9384167066424424
0.924,0.7797241553739656,1.0,4235.288339030598,0.9999693713432509,0.8607858378390267,0.9811194892283407,0.24580141452570656,0.9381996717277368
0.9245,0.7791652978446646,1.0,4234.228394752177,0.9999695443569393,0.8605411854925408,0.9811038498747401,0.2457779425094759,0.9379822673985143
0.925,0.7786064403153636,1.0,4233.166679399117,0.9999697164332008,0.8602965470410624,0.9810881967279876,0.24575447049324528,0.9377644937224168
0.9255,0.7780475827860627,1.0,4232.103193285438,0.9999698875756636,0.860051922487527,0.9810725297761794,0.24573099847701463,0.9375463507671009
0.926,0.7774887252567615,1.0,4231.037936726649,0.9999700577879566,0.8598073118348699,0.9810568490074025,0.24570752646078398,0.9373278386002378
0.9265,0.7769298677274605,1.0,4229.97091003991,0.9999702270737081,0.8595627150860262,0.9810411544097343,0.24568405444455332,0.9371089572895133
0.927,0.7763710101981596,1.0,4228.902113543706,0.9999703954365464,0.8593181322439312,0.9810254459712429,0.2456605824283227,0.9368897069026274
0.9275,0.7758121526688586,1.0,4227.831547558011,0.9999705628801003,0.8590735633115203,0.981009723679988,0.24563711041209205,0.9366700875072956
0.928,0.7752532951395574,1.0,4226.75921240433,0.9999707294079982,0.8588290082917285,0.9809939875240195,0.24561363839586142,0.9364500991712472
0.9285,0.7746944376102565,1.0,4225.685108405577,0.9999708950238685,0.8585844671874914,0.980978237491378,0.24559016637963077,0.9362297419622267
0.929,0.7741355800809553,1.0,4224.609235886404,0.9999710597313398,0.858339940001744,0.9809624735700958,0.24556669436340012,0.9360090159479927
0.9295,0.7735767225516543,1.0,4223.53159517263,0.9999712235340404,0.8580954267374217,0.980946695748195,0.24554322234716947,0.9357879211963187
0.93,0.7730178650223534,1.0,4222.4521865918505,0.999971386435599,0.8578509273974596,0.9809309040136891,0.24551975033093884,0.9355664577749927
0.9305,0.7724590074930524,1.0,4221.371010472915,0.9999715484396441,0.8576064419847932,0.980915098354582,0.2454962783147082,0.9353446257518174
0.931,0.7719001499637512,1.0,4220.288067146329,0.999971709549804,0.8573619705023576,0.980899278758869,0.24547280629847754,0.9351224251946101
0.9315,0.7713412924344503,1.0,4219.203356944096,0.9999718697697072,0.8571175129530882,0.9808834452145356,0.2454493342822469,0.9348998561712025
0.932,0.7707824349051493,1.0,4218.1168801996355,0.9999720291029823,0.8568730693399201,0.9808675977095582,0.24542586226601626,0.934676918749441
0.9325,0.7702235773758483,1.0,4217.028637247947,0.9999721875532578,0.8566286396657887,0.9808517362319044,0.24540239024978563,0.9344536129971868
0.933,0.7696647198465472,1.0,4215.938628425362,0.9999723451241621,0.8563842239336291,0.9808358607695319,0.24537891823355498,0.9342299389823151
0.9335,0.7691058623172462,1.0,4214.846854069884,0.9999725018193238,0.8561398221463768,0.98081997131039,0.24535544621732433,0.9340058967727166
0.934,0.7685470047879452,1.0,4213.753314521091,0.9999726576423713,0.8558954343069669,0.9808040678424178,0.2453319742010937,0.9337814864362957
0.9345,0.7679881472586443,1.0,4212.658010119742,0.9999728125969332,0.8556510604183347,0.9807881503535463,0.24530850218486305,0.9335567080409718
0.935,0.7674292897293431,1.0,4211.560941208421,0.9999729666866378,0.8554067004834155,0.9807722188316961,0.2452850301686324,0.9333315616546789
0.9355,0.7668704322000421,1.0,4210.462108131059,0.9999731199151137,0.8551623545051444,0.9807562732647794,0.24526155815240175,0.9331060473453653
0.936,0.766311574670741,1.0,4209.361511233164,0.9999732722859893,0.8549180224864569,0.980740313640699,0.24523808613617112,0.9328801651809941
0.9365,0.76575271714144,1.0,4208.259150861637,0.9999734238028933,0.8546737044302882,0.9807243399473479,0.24521461411994047,0.9326539152295433
0.937,0.765193859612139,1.0,4207.155027365042,0.999973574469454,0.8544294003395735,0.9807083521726107,0.24519114210370985,0.9324272975590046
0.9375,0.7646350020828381,1.0,4206.049141093209,0.9999737242893,0.8541851102172481,0.9806923503043621,0.2451676700874792,0.932200312237385
0.9380000000000001,0.7640761445535369,1.0,4204.941492397802,0.9999738732660597,0.8539408340662472,0.9806763343304675,0.24514419807124854,0.9319729593327056
0.9385,0.7635172870242359,1.0,4203.832081631749,0.9999740214033616,0.8536965718895061,0.9806603042387836,0.2451207260550179,0.9317452389130023
0.9390000000000001,0.762958429494935,1.0,4202.720909149612,0.9999741687048341,0.8534523236899602,0.9806442600171572,0.24509725403878727,0.9315171510463258
0.9395,0.762399571965634,1.0,4201.60797530738,0.999974315174106,0.8532080894705445,0.9806282016534265,0.2450737820225566,0.9312886958007409
0.9400000000000001,0.7618407144363328,1.0,4200.493280462558,0.9999744608148055,0.8529638692341945,0.9806121291354195,0.245050310006326,0.931059873244327
0.9405,0.7612818569070319,1.0,4199.3768249742825,0.9999746056305612,0.8527196629838454,0.980596042450956,0.24502683799009534,0.9308306834451783
0.9410000000000001,0.7607229993777307,1.0,4198.258609203,0.9999747496250014,0.8524754707224325,0.9805799415878456,0.24500336597386468,0.9306011264714035
0.9415,0.7601641418484297,1.0,4197.13863351092,0.999974892801755,0.8522312924528909,0.9805638265338886,0.24497989395763403,0.9303712023911255
0.9420000000000001,0.7596052843191288,1.0,4196.016898261561,0.9999750351644501,0.8519871281781559,0.9805476972768773,0.2449564219414034,0.930140911272482
0.9425,0.7590464267898278,1.0,4194.893403820041,0.9999751767167153,0.8517429779011629,0.9805315538045927,0.24493294992517275,0.9299102531836254
0.9430000000000001,0.7584875692605266,1.0,4193.768150552994,0.9999753174621792,0.8514988416248472,0.9805153961048081,0.2449094779089421,0.9296792281927225
0.9435,0.7579287117312257,1.0,4192.641138828654,0.9999754574044701,0.8512547193521439,0.980499224165287,0.24488600589271148,0.9294478363679545
0.9440000000000001,0.7573698542019247,1.0,4191.512369016531,0.9999755965472168,0.8510106110859883,0.9804830379737828,0.24486253387648083,0.9292160777775171
0.9445,0.7568109966726237,1.0,4190.381841487901,0.9999757348940475,0.8507665168293158,0.9804668375180411,0.2448390618602502,0.928983952489621
0.9450000000000001,0.7562521391433226,1.0,4189.249556615476,0.9999758724485907,0.8505224365850614,0.9804506227857968,0.24481558984401955,0.9287514605724905
0.9455,0.7556932816140216,1.0,4188.115514773493,0.9999760092144749,0.8502783703561607,0.9804343937647761,0.2447921178277889,0.9285186020943655
0.9460000000000001,0.7551344240847206,1.0,4186.979716337669,0.9999761451953287,0.8500343181455486,0.980418150442696,0.24476864581155827,0.9282853771234996
0.9465,0.7545755665554197,1.0,4185.842161685328,0.9999762803947806,0.8497902799561607,0.9804018928072635,0.24474517379532762,0.9280517857281615
0.9470000000000001,0.7540167090261185,1.0,4184.7028511951985,0.999976414816459,0.8495462557909321,0.980385620846177,0.24472170177909697,0.9278178279766338
0.9475,0.7534578514968175,1.0,4183.561785247651,0.9999765484639924,0.8493022456527981,0.9803693345471249,0.24469822976286631,0.9275835039372142
0.9480000000000001,0.7528989939675164,1.0,4182.418964224588,0.9999766813410094,0.8490582495446939,0.9803530338977867,0.2446747577466357,0.9273488136782146
0.9485,0.7523401364382154,1.0,4181.274388509316,0.9999768134511382,0.8488142674695549,0.9803367188858325,0.24465128573040504,0.9271137572679615
0.9490000000000001,0.7517812789089144,1.0,4180.128058486832,0.9999769447980076,0.8485702994303161,0.980320389498923,0.2446278137141744,0.9268783347747955
0.9495,0.7512224213796135,1.0,4178.979974543459,0.9999770753852459,0.8483263454299131,0.9803040457247091,0.24460434169794376,0.9266425462670727
0.9500000000000001,0.7506635638503123,1.0,4177.830137067253,0.9999772052164818,0.8480824054712809,0.9802876875508328,0.2445808696817131,0.9264063918131623
0.9505,0.7501047063210113,1.0,4176.678546447683,0.9999773342953435,0.847838479557355,0.980271314964927,0.24455739766548246,0.9261698714814495
0.9510000000000001,0.7495458487917104,1.0,4175.525203075786,0.9999774626254597,0.8475945676910704,0.9802549279546143,0.24453392564925183,0.9259329853403325
0.9515,0.7489869912624094,1.0,4174.370107344133,0.9999775902104588,0.8473506698753626,0.9802385265075086,0.24451045363302118,0.9256957334582253
0.9520000000000001,0.7484281337331082,1.0,4173.213259646872,0.9999777170539694,0.8471067861131667,0.9802221106112142,0.24448698161679056,0.9254581159035556
0.9525,0.7478692762038073,1.0,4172.054660379603,0.9999778431596198,0.8468629164074181,0.9802056802533262,0.2444635096005599,0.9252201327447659
0.9530000000000001,0.7473104186745063,1.0,4170.894309939421,0.9999779685310386,0.8466190607610519,0.9801892354214301,0.24444003758432925,0.9249817840503128
0.9535,0.7467515611452054,1.0,4169.7322087251605,0.9999780931718543,0.8463752191770035,0.9801727761031019,0.24441656556809863,0.9247430698886681
0.9540000000000001,0.7461927036159042,1.0,4168.56835713695,0.9999782170856953,0.8461313916582082,0.9801563022859084,0.24439309355186797,0.9245039903283172
0.9545,0.7456338460866032,1.0,4167.402755576662,0.9999783402761903,0.8458875782076011,0.9801398139574069,0.24436962153563732,0.9242645454377606
0.9550000000000001,0.745074988557302,1.0,4166.235404447622,0.9999784627469676,0.8456437788281175,0.9801233111051453,0.2443461495194067,0.924024735285513
0.9555,0.7445161310280011,1.0,4165.066304154581,0.9999785845016556,0.8453999935226928,0.9801067937166619,0.24432267750317604,0.9237845599401039
0.9560000000000001,0.7439572734987001,1.0,4163.895455104068,0.999978705543883,0.8451562222942622,0.9800902617794859,0.2442992054869454,0.9235440194700768
0.9565,0.7433984159693992,1.0,4162.722857704037,0.9999788258772782,0.8449124651457609,0.980073715281137,0.24427573347071477,0.9233031139439897
0.9570000000000001,0.742839558440098,1.0,4161.548512363861,0.9999789455054697,0.8446687220801242,0.9800571542091249,0.24425226145448412,0.9230618434304155
0.9575,0.742280700910797,1.0,4160.37241949462,0.999979064432086,0.8444249931002875,0.9800405785509508,0.24422878943825346,0.9228202079979414
0.9580000000000001,0.741721843381496,1.0,4159.194579509021,0.9999791826607555,0.8441812782091858,0.9800239882941059,0.24420531742202284,0.9225782077151685
0.9585,0.7411629858521951,1.0,4158.014992820991,0.9999793001951068,0.8439375774097546,0.9800073834260719,0.24418184540579219,0.9223358426507132
0.9590000000000001,0.7406041283228939,1.0,4156.833659846328,0.9999794170387685,0.843693890704929,0.9799907639343209,0.24415837338956153,0.9220931128732057
0.9595,0.740045270793593,1.0,4155.650581002217,0.9999795331953687,0.8434502180976444,0.9799741298063162,0.2441349013733309,0.9218500184512911
0.96,0.739486413264292,1.0,4154.465756707391,0.9999796486685363,0.843206559590836,0.9799574810295111,0.24411142935710026,0.9216065594536287
0.9605,0.7389275557349908,1.0,4153.2791873822125,0.9999797634618995,0.8429629151874389,0.9799408175913494,0.2440879573408696,0.921362735948892
0.961,0.7383686982056898,1.0,4152.090873448596,0.999979877579087,0.8427192848903887,0.979924139479266,0.24406448532463898,0.9211185480057694
0.9615,0.7378098406763889,1.0,4150.900815329844,0.9999799910237271,0.8424756687026205,0.9799074466806857,0.24404101330840833,0.9208739956929637
0.962,0.7372509831470879,1.0,4149.709013450973,0.9999801037994485,0.8422320666270695,0.9798907391830238,0.24401754129217768,0.9206290790791919
0.9625,0.7366921256177867,1.0,4148.5154682385555,0.9999802159098795,0.8419884786666709,0.9798740169736868,0.24399406927594702,0.9203837982331853
0.963,0.7361332680884858,1.0,4147.320180120673,0.9999803273586486,0.8417449048243604,0.9798572800400708,0.2439705972597164,0.9201381532236902
0.9635,0.7355744105591848,1.0,4146.123149526886,0.9999804381493844,0.8415013451030726,0.979840528369563,0.24394712524348575,0.9198921441194666
0.964,0.7350155530298839,1.0,4144.92437688847,0.9999805482857154,0.8412577995057434,0.9798237619495411,0.24392365322725512,0.9196457709892897
0.9645,0.7344566955005827,1.0,4143.723862638054,0.99998065777127,0.8410142680353077,0.979806980767373,0.24390018121102447,0.9193990339019483
0.965,0.7338978379712817,1.0,4142.521607210029,0.9999807666096766,0.8407707506947008,0.9797901848104176,0.24387670919479382,0.9191519329262463
0.9655,0.7333389804419808,1.0,4141.317611040305,0.9999808748045639,0.8405272474868579,0.9797733740660234,0.2438532371785632,0.9189044681310017
0.966,0.7327801229126798,1.0,4140.111874566188,0.9999809823595602,0.8402837584147146,0.9797565485215302,0.24382976516233254,0.9186566395850471
0.9665,0.7322212653833786,1.0,4138.904398226707,0.9999810892782942,0.8400402834812057,0.9797397081642679,0.2438062931461019,0.9184084473572289
0.967,0.7316624078540777,1.0,4137.695182462452,0.9999811955643942,0.8397968226892669,0.979722852981557,0.24378282112987126,0.9181598915164089
0.9675,0.7311035503247765,1.0,4136.484227715455,0.9999813012214888,0.8395533760418332,0.9797059829607085,0.2437593491136406,0.9179109721314624
0.968,0.7305446927954755,1.0,4135.271534429471,0.9999814062532064,0.83930994354184,0.9796890980890238,0.24373587709740996,0.9176616892712798
0.9685,0.7299858352661746,1.0,4134.057103049701,0.9999815106631755,0.8390665251922224,0.9796721983537947,0.24371240508117933,0.9174120430047653
0.969,0.7294269777368736,1.0,4132.840934022829,0.9999816144550248,0.8388231209959158,0.9796552837423033,0.24368893306494868,0.917162033400838
0.9695,0.7288681202075724,1.0,4131.623027797426,0.9999817176323824,0.8385797309558554,0.9796383542418228,0.24366546104871803,0.916911660528431
0.97,0.7283092626782715,1.0,4130.403384823311,0.999981820198877,0.8383363550749765,0.979621409839616,0.2436419890324874,0.916660924456492
0.9705,0.7277504051489705,1.0,4129.182005551947,0.9999819221581373,0.8380929933562145,0.9796044505229368,0.24361851701625675,0.9164098252539834
0.971,0.7271915476196695,1.0,4127.958890436452,0.9999820235137914,0.8378496458025043,0.9795874762790291,0.2435950450000261,0.9161583629898811
0.9715,0.7266326900903683,1.0,4126.734039931549,0.999982124269468,0.8376063124167815,0.9795704870951276,0.24357157298379548,0.9159065377331761
0.972,0.7260738325610674,1.0,4125.507454493291,0.9999822244287956,0.8373629932019813,0.9795534829584573,0.24354810096756482,0.9156543495528737
0.9725,0.7255149750317664,1.0,4124.279134579629,0.9999823239954025,0.8371196881610388,0.9795364638562334,0.2435246289513342,0.9154017985179934
0.973,0.7249561175024652,1.0,4123.049080649717,0.9999824229729175,0.8368763972968895,0.9795194297756618,0.24350115693510355,0.9151488846975694
0.9735,0.7243972599731643,1.0,4121.817293164611,0.9999825213649688,0.8366331206124684,0.9795023807039385,0.2434776849188729,0.9148956081606496
0.974,0.7238384024438633,1.0,4120.583772586779,0.999982619175185,0.836389858110711,0.9794853166282507,0.24345421290264224,0.9146419689762969
0.9745,0.7232795449145621,1.0,4119.34851938034,0.9999827164071947,0.8361466097945525,0.9794682375357747,0.2434307408864116,0.9143879672135885
0.975,0.7227206873852612,1.0,4118.111534010913,0.9999828130646262,0.8359033756669281,0.9794511434136784,0.24340726887018097,0.9141336029416156
0.9755,0.7221618298559602,1.0,4116.872816945734,0.9999829091511081,0.835660155730773,0.9794340342491195,0.2433837968539503,0.9138788762294842
0.976,0.7216029723266593,1.0,4115.632368653617,0.9999830046702689,0.8354169499890227,0.9794169100292462,0.2433603248377197,0.9136237871463143
0.9765,0.7210441147973581,1.0,4114.390189604955,0.999983099625737,0.8351737584446123,0.9793997707411973,0.24333685282148904,0.9133683357612403
0.977,0.7204852572680571,1.0,4113.146280271598,0.9999831940211409,0.8349305811004771,0.9793826163721017,0.24331338080525838,0.9131125221434115
0.9775,0.7199263997387562,1.0,4111.900641127342,0.9999832878601091,0.8346874179595524,0.9793654469090787,0.24328990878902776,0.9128563463619906
0.978,0.7193675422094552,1.0,4110.653272647079,0.9999833811462703,0.8344442690247733,0.9793482623392381,0.2432664367727971,0.9125998084861555
0.9785,0.718808684680154,1.0,4109.40417530765,0.9999834738832527,0.8342011342990753,0.9793310626496803,0.24324296475656645,0.912342908585098
0.979,0.7182498271508531,1.0,4108.153349587314,0.9999835660746849,0.8339580137853936,0.9793138478274952,0.24321949274033583,0.9120856467280244
0.9795,0.7176909696215519,1.0,4106.900795965957,0.9999836577241953,0.8337149074866633,0.9792966178597645,0.24319602072410518,0.9118280229841552
0.98,0.7171321120922509,1.0,4105.64651492501,0.9999837488354125,0.8334718154058198,0.9792793727335587,0.24317254870787453,0.9115700374227254
0.9805,0.71657325456295,1.0,4104.390506947612,0.999983839411965,0.8332287375457984,0.9792621124359397,0.2431490766916439,0.9113116901129841
0.981,0.716014397033649,1.0,4103.132772518326,0.9999839294574813,0.8329856739095344,0.9792448369539594,0.24312560467541325,0.9110529811241952
0.9815,0.7154555395043478,1.0,4101.873312123386,0.9999840189755896,0.8327426244999627,0.9792275462746601,0.2431021326591826,0.9107939105256363
0.982,0.7148966819750469,1.0,4100.612126250654,0.9999841079699189,0.8324995893200191,0.9792102403850746,0.24307866064295197,0.9105344783866
0.9825,0.7143378244457459,1.0,4099.349215389462,0.9999841964440973,0.8322565683726385,0.9791929192722256,0.24305518862672132,0.9102746847763925
0.983,0.7137789669164449,1.0,4098.084580030893,0.9999842844017534,0.8320135616607564,0.9791755829231265,0.24303171661049067,0.9100145297643352
0.9835,0.7132201093871438,1.0,4096.818220667505,0.9999843718465157,0.8317705691873077,0.9791582313247809,0.24300824459426004,0.9097540134197627
0.984,0.7126612518578428,1.0,4095.5501377934406,0.9999844587820126,0.8315275909552281,0.9791408644641828,0.2429847725780294,0.9094931358120251
0.9845,0.7121023943285418,1.0,4094.280331904566,0.9999845452118727,0.8312846269674526,0.9791234823283164,0.24296130056179877,0.909231897010486
0.985,0.7115435367992409,1.0,4093.0088034981354,0.9999846311397245,0.8310416772269166,0.9791060849041564,0.2429378285455681,0.9089702970845235
0.9855,0.7109846792699397,1.0,4091.7355530732025,0.9999847165691964,0.8307987417365552,0.9790886721786676,0.24291435652933746,0.9087083361035302
0.986,0.7104258217406387,1.0,4090.4605811302545,0.999984801503917,0.8305558204993038,0.9790712441388056,0.2428908845131068,0.9084460141369127
0.9865,0.7098669642113375,1.0,4089.1838881715785,0.9999848859475147,0.8303129135180976,0.9790538007715153,0.24286741249687616,0.9081833312540923
0.987,0.7093081066820366,1.0,4087.9054747008586,0.999984969903618,0.8300700207958719,0.9790363420637329,0.24284394048064553,0.9079202875245045
0.9875,0.7087492491527356,1.0,4086.625341223419,0.9999850533758553,0.829827142335562,0.9790188680023844,0.24282046846441488,0.9076568830175986
0.988,0.7081903916234347,1.0,4085.343488246264,0.9999851363678552,0.829584278140103,0.9790013785743862,0.24279699644818425,0.9073931178028388
0.9885,0.7076315340941335,1.0,4084.0599162779577,0.9999852188832463,0.8293414282124304,0.9789838737666452,0.2427735244319536,0.9071289919497033
0.989,0.7070726765648325,1.0,4082.7746258286293,0.999985300925657,0.8290985925554794,0.9789663535660581,0.24275005241572295,0.9068645055276847
0.9895,0.7065138190355316,1.0,4081.4876174101278,0.9999853824987156,0.828855771172185,0.9789488179595124,0.24272658039949233,0.9065996586062899
0.99,0.7059549615062306,1.0,4080.1988915356687,0.9999854636060508,0.8286129640654829,0.9789312669338854,0.24270310838326167,0.90633445125504
0.9905,0.7053961039769294,1.0,4078.9084487203113,0.9999855442512909,0.828370171238308,0.978913700476045,0.24267963636703102,0.9060688835434704
0.991,0.7048372464476285,1.0,4077.6162894807608,0.9999856244380647,0.8281273926935957,0.9788961185728493,0.2426561643508004,0.9058029555411306
0.9915,0.7042783889183273,1.0,4076.322414334968,0.9999857041700004,0.8278846284342813,0.9788785212111466,0.24263269233456974,0.9055366673175849
0.992,0.7037195313890263,1.0,4075.0268238028543,0.9999857834507266,0.8276418784633002,0.9788609083777756,0.2426092203183391,0.9052700189424114
0.9925,0.7031606738597254,1.0,4073.729518405867,0.9999858622838719,0.8273991427835873,0.9788432800595649,0.24258574830210847,0.9050030104852025
0.993,0.7026018163304244,1.0,4072.4304986669454,0.9999859406730646,0.8271564213980781,0.9788256362433339,0.24256227628587781,0.9047356420155652
0.9935,0.7020429588011232,1.0,4071.129765110715,0.9999860186219331,0.8269137143097078,0.9788079769158916,0.24253880426964716,0.9044679136031204
0.994,0.7014841012718223,1.0,4069.8273182634584,0.9999860961341063,0.8266710215214118,0.9787903020640377,0.24251533225341654,0.9041998253175035
0.9945,0.7009252437425213,1.0,4068.5231586529467,0.9999861732132123,0.8264283430361252,0.9787726116745622,0.24249186023718589,0.9039313772283641
0.995,0.7003663862132203,1.0,4067.2172868086855,0.9999862498628798,0.8261856788567834,0.9787549057342451,0.24246838822095523,0.9036625694053659
0.9955,0.6998075286839192,1.0,4065.9097032618333,0.9999863260867371,0.8259430289863214,0.9787371842298564,0.2424449162047246,0.9033934019181871
0.996,0.6992486711546182,1.0,4064.6004085448867,0.9999864018884128,0.8257003934276749,0.9787194471481567,0.24242144418849396,0.90312387483652
0.9965,0.6986898136253172,1.0,4063.2894031923156,0.9999864772715356,0.8254577721837787,0.9787016944758972,0.24239797217226333,0.9028539882300711
0.997,0.6981309560960163,1.0,4061.976687739967,0.9999865522397335,0.8252151652575684,0.978683926199818,0.24237450015603268,0.9025837421685615
0.9975,0.6975720985667151,1.0,4060.6622627253887,0.9999866267966354,0.8249725726519791,0.9786661423066509,0.24235102813980203,0.902313136721726
0.998,0.6970132410374141,1.0,4059.3461286877837,0.9999867009458697,0.8247299943699461,0.9786483427831169,0.24232755612357137,0.902042171959314
0.9985,0.696454383508113,1.0,4058.028286167897,0.9999867746910648,0.8244874304144048,0.9786305276159277,0.24230408410734072,0.9017708479510893
0.999,0.695895525978812,1.0,4056.708735708133,0.9999868480358493,0.8242448807882902,0.9786126967917851,0.2422806120911101,0.9014991647668293
0.9995,0.695336668449511,1.0,4055.38747785252,0.9999869209838514,0.8240023454945378,0.9785948502973809,0.24225714007487945,0.9012271224763264
1.0,0.6947778109202101,1.0,4054.0645131467068,0.9999869935387,0.8237598245360827,0.9785769881193974,0.24223366805864882,0.9009547211493866
1.0005,0.6942189533909091,1.0,4052.7398421378853,0.9999870657040234,0.8235173179158602,0.9785591102445069,0.24221019604241817,0.9006819608558305
1.0010000000000001,0.6936600958616079,1.0,4051.413465375074,0.99998713748345,0.8232748256368057,0.9785412166593719,0.24218672402618752,0.9004088416654928
1.0015,0.693101238332307,1.0,4050.085383408716,0.9999872088806084,0.8230323477018543,0.978523307350645,0.2421632520099569,0.9001353636482226
1.002,0.692542380803006,1.0,4048.7555967909593,0.9999872798991272,0.8227898841139414,0.9785053823049693,0.24213977999372624,0.8998615268738829
1.0025,0.691983523273705,1.0,4047.424106075582,0.9999873505426345,0.8225474348760021,0.9784874415089774,0.24211630797749562,0.899587331412351
1.0030000000000001,0.6914246657444039,1.0,4046.090911817987,0.9999874208147592,0.8223049999909717,0.9784694849492929,0.24209283596126496,0.8993127773335187
1.0035,0.6908658082151029,1.0,4044.756014575208,0.9999874907191296,0.8220625794617856,0.978451512612529,0.2420693639450343,0.8990378647072916
1.004,0.690306950685802,1.0,4043.419414905911,0.9999875602593743,0.8218201732913791,0.9784335244852892,0.24204589192880369,0.89876259360359
1.0045,0.689748093156501,1.0,4042.081113370348,0.9999876294391216,0.8215777814826873,0.9784155205541674,0.24202241991257303,0.898486964092348
1.0050000000000001,0.6891892356271996,1.0,4040.7411105304877,0.9999876982620001,0.8213354040386454,0.9783975008057471,0.24199894789634238,0.8982109762435138
1.0055,0.6886303780978986,1.0,4039.399406949809,0.9999877667316384,0.8210930409621888,0.9783794652266025,0.24197547588011173,0.8979346301270502
1.006,0.6880715205685977,1.0,4038.0560031936247,0.9999878348516648,0.8208506922562528,0.9783614138032976,0.2419520038638811,0.8976579258129342
1.0065,0.6875126630392967,1.0,4036.710899828604,0.9999879026257077,0.8206083579237727,0.9783433465223865,0.24192853184765045,0.8973808633711567
1.0070000000000001,0.6869538055099955,1.0,4035.3640974233695,0.9999879700573959,0.8203660379676836,0.978325263370414,0.2419050598314198,0.897103442871723
1.0075,0.6863949479806946,1.0,4034.0155965479034,0.9999880371503578,0.8201237323909208,0.9783071643339143,0.24188158781518918,0.8968256643846523
1.008,0.6858360904513936,1.0,4032.665397773942,0.9999881039082217,0.8198814411964197,0.9782890493994122,0.24185811579895852,0.8965475279799783
1.0085,0.6852772329220926,1.0,4031.3135016749425,0.9999881703346163,0.8196391643871154,0.9782709185534223,0.2418346437827279,0.8962690337277488
1.0090000000000001,0.6847183753927915,1.0,4029.95990882584,0.9999882364331699,0.8193969019659432,0.9782527717824496,0.24181117176649725,0.8959901816980257
1.0095,0.6841595178634905,1.0,4028.604619803252,0.9999883022075112,0.8191546539358384,0.9782346090729891,0.2417876997502666,0.8957109719608853
1.01,0.6836006603341895,1.0,4027.247635185555,0.9999883676612685,0.8189124202997363,0.9782164304115256,0.24176422773403594,0.8954314045864179
1.0105,0.6830418028048886,1.0,4025.888955552689,0.9999884327980705,0.8186702010605722,0.9781982357845348,0.24174075571780532,0.895151479644728
1.0110000000000001,0.6824829452755874,1.0,4024.5285814861563,0.9999884976215454,0.818427996221281,0.9781800251784816,0.24171728370157466,0.8948711972059339
1.0115,0.6819240877462864,1.0,4023.166399316408,0.9999885614510221,0.8181858066402008,0.97816179861512,0.24169381168534404,0.894590558332033
1.012,0.6813652302169855,1.0,4021.802353880208,0.9999886239476842,0.8179436327381537,0.9781435560979201,0.2416703396691134,0.8943095635823334
1.0125,0.6808063726876845,1.0,4020.436618962443,0.999988686148396,0.8177014732215613,0.9781252975597008,0.24164686765288274,0.8940282115255449
1.0130000000000001,0.6802475151583833,1.0,4019.069194780164,0.9999887480540215,0.8174593280961284,0.9781070229869748,0.24162339563665208,0.8937465022349589
1.0135,0.6796886576290824,1.0,4017.7000815523975,0.9999888096654249,0.8172171973675604,0.9780887323662457,0.24159992362042146,0.8934644357838987
1.014,0.6791298000997814,1.0,4016.329279499748,0.9999888709834703,0.816975081041562,0.9780704256840074,0.2415764516041908,0.8931820122457181
1.0145,0.6785709425704805,1.0,4014.9567888451597,0.9999889320090217,0.8167329791238381,0.9780521029267438,0.24155297958796018,0.8928992316938025
1.0150000000000001,0.6780120850411793,1.0,4013.582609813077,0.9999889927429433,0.8164908916200939,0.9780337640809301,0.24152950757172953,0.8926160942015685
1.0155,0.6774532275118783,1.0,4012.206742630086,0.9999890531860992,0.8162488185360343,0.9780154091330315,0.24150603555549888,0.892332599842464
1.016,0.6768943699825773,1.0,4010.829187524679,0.9999891133393535,0.8160067598773643,0.9779970380695039,0.24148256353926825,0.8920487486899684
1.0165,0.6763355124532764,1.0,4009.4499447270928,0.9999891732035702,0.8157647156497888,0.9779786508767929,0.2414590915230376,0.8917645408175919
1.0170000000000001,0.675776654923975,1.0,4008.0690144696346,0.9999892327796136,0.8155226858590129,0.9779602475413357,0.24143561950680695,0.8914799762988761
1.0175,0.675217797394674,1.0,4006.6863969864403,0.9999892920683476,0.8152806705107415,0.9779418280495592,0.2414121474905763,0.891195055207394
1.018,0.6746589398653731,1.0,4005.302092513636,0.9999893510706364,0.8150386696106796,0.977923392387881,0.24138867547434567,0.8909097776167496
1.0185,0.6741000823360721,1.0,4003.9161012891045,0.9999894097873442,0.8147966831645322,0.9779049405427088,0.24136520345811502,0.8906241436005783
1.0190000000000001,0.6735412248067709,1.0,4002.528423552723,0.9999894682193349,0.8145547111780043,0.9778864725004413,0.24134173144188437,0.8903381532325465
1.0195,0.67298236727747,1.0,4001.139059546445,0.9999895263674727,0.8143127536568009,0.9778679882474672,0.24131825942565374,0.8900518065863523
1.02,0.672423509748169,1.0,3999.748009513823,0.9999895842326217,0.8140708106066269,0.9778494877701658,0.2412947874094231,0.8897651037357245
1.0205,0.671864652218868,1.0,3998.3552737006526,0.9999896418156462,0.8138288820331874,0.9778309710549068,0.24127131539319246,0.8894780447544233
1.0210000000000001,0.6713057946895669,1.0,3996.96085235449,0.99998969911741,0.8135869679421871,0.9778124380880503,0.2412478433769618,0.8891906297162399
1.0215,0.6707469371602659,1.0,3995.5647457247364,0.9999897561387774,0.8133450683393314,0.9777938888559471,0.24122437136073116,0.8889028586949973
1.022,0.6701880796309649,1.0,3994.1669540628413,0.9999898128806123,0.813103183230325,0.9777753233449376,0.2412008993445005,0.888614731764549
1.0225,0.6696292221016642,1.0,3992.7674776222593,0.999989869343779,0.812861312620873,0.977756741541354,0.24117742732826988,0.88832624899878
1.0230000000000001,0.669070364572363,1.0,3991.3663166582173,0.9999899255291416,0.8126194565166802,0.9777381434315173,0.24115395531203923,0.8880374104716062
1.0235,0.6685115070430616,1.0,3989.9634714278745,0.9999899814375641,0.812377614923452,0.9777195290017403,0.24113048329580858,0.8877482162569755
1.024,0.6679526495137611,1.0,3988.5589421905215,0.9999900370699106,0.812135787846893,0.9777008982383254,0.24110701127957795,0.8874586664288661
1.0245,0.6673937919844597,1.0,3987.1527292070678,0.9999900924270454,0.8118939752927082,0.9776822511275658,0.2410835392633473,0.8871687610612875
1.025,0.666834934455159,1.0,3985.744832740677,0.9999901475098323,0.8116521772666028,0.9776635876557449,0.24106006724711668,0.8868785002282805
1.0255,0.6662760769258578,1.0,3984.3352530562147,0.9999902023191357,0.8114103937742816,0.9776449078091363,0.24103659523088602,0.8865878840039173
1.026,0.6657172193965566,1.0,3982.9239904206465,0.9999902568558194,0.8111686248214497,0.9776262115740044,0.24101312321465537,0.8862969124623009
1.0265,0.6651583618672559,1.0,3981.5110451028004,0.9999903111207479,0.810926870413812,0.9776074989366041,0.24098965119842475,0.8860055856775655
1.027,0.6645995043379547,1.0,3980.09641737345,0.9999903651147849,0.8106851305570735,0.9775887698831803,0.2409661791821941,0.8857139037238766
1.0275,0.6640406468086535,1.0,3978.680107505315,0.9999904188387948,0.8104434052569391,0.9775700243999682,0.24094270716596344,0.8854218666754304
1.028,0.6634817892793528,1.0,3977.262115773144,0.9999904722936415,0.8102016945191141,0.977551262473194,0.24091923514973282,0.8851294746064551
1.0285,0.6629229317500516,1.0,3975.8424424535565,0.9999905254801893,0.8099599983493031,0.9775324840890737,0.24089576313350217,0.8848367275912089
1.029,0.6623640742207508,1.0,3974.421087825123,0.999990578399302,0.8097183167532114,0.9775136892338137,0.24087229111727154,0.8845436257039822
1.0295,0.6618052166914496,1.0,3972.998052168368,0.999990631051844,0.8094766497365437,0.9774948778936112,0.2408488191010409,0.8842501690190955
1.03,0.6612463591621485,1.0,3971.5733357658128,0.9999906834386795,0.8092349973050051,0.9774760500546537,0.24082534708481024,0.8839563576109012
1.0305,0.6606875016328477,1.0,3970.146938901896,0.9999907355606722,0.8089933594643007,0.9774572057031184,0.24080187506857959,0.8836621915537825
1.031,0.6601286441035465,1.0,3968.718861863096,0.9999907874186864,0.8087517362201353,0.9774383448251741,0.24077840305234896,0.8833676709221534
1.0315,0.6595697865742454,1.0,3967.2891049376926,0.9999908390135863,0.8085101275782139,0.9774194674069786,0.2407549310361183,0.8830727957904595
1.032,0.6590109290449446,1.0,3965.8576684161267,0.9999908903462359,0.8082685335442418,0.977400573434681,0.24073145901988768,0.8827775662331775
1.0325,0.6584520715156434,1.0,3964.4245525906085,0.9999909414174993,0.8080269541239236,0.9773816628944204,0.24070798700365703,0.8824819823248146
1.033,0.6578932139863427,1.0,3962.989757755471,0.9999909922282407,0.8077853893229644,0.9773627357723268,0.24068451498742638,0.8821860441399095
1.0335,0.6573343564570415,1.0,3961.5532842069388,0.999991042779324,0.8075438391470691,0.9773437920545196,0.24066104297119573,0.8818897517530319
1.034,0.6567754989277403,1.0,3960.1151322432056,0.9999910930716136,0.8073023036019429,0.9773248317271089,0.24063757095496507,0.8815931052387825
1.0345,0.6562166413984396,1.0,3958.675302164517,0.9999911431059734,0.8070607826932907,0.9773058547761959,0.24061409893873445,0.8812961046717934
1.035,0.6556577838691384,1.0,3957.2337942729755,0.9999911928832675,0.8068192764268174,0.9772868611878713,0.2405906269225038,0.8809987501267271
1.0355,0.655098926339837,1.0,3955.7906088727377,0.9999912424043601,0.806577784808228,0.9772678509482161,0.24056715490627315,0.8807010416782776
1.036,0.6545400688105365,1.0,3954.3457462698593,0.9999912916701152,0.8063363078432275,0.9772488240433025,0.24054368289004252,0.8804029794011698
1.0365,0.6539812112812351,1.0,3952.899206772495,0.9999913406813971,0.8060948455375211,0.9772297804591922,0.24052021087381187,0.8801045633701601
1.037,0.6534223537519346,1.0,3951.4509906907415,0.9999913894390696,0.8058533978968134,0.9772107201819376,0.24049673885758124,0.879805793660035
1.0375,0.6528634962226332,1.0,3950.001098336599,0.9999914379439971,0.8056119649268095,0.9771916431975809,0.2404732668413506,0.8795066703456125
1.038,0.652304638693332,1.0,3948.549530024134,0.9999914861970436,0.8053705466332146,0.9771725494921559,0.24044979482511994,0.879207193501742
1.0385,0.6517457811640313,1.0,3947.09628606936,0.999991534199073,0.8051291430217336,0.9771534390516855,0.24042632280888931,0.8789073632033036
1.039,0.6511869236347301,1.0,3945.6413667903184,0.9999915819509497,0.8048877540980713,0.9771343118621836,0.24040285079265866,0.8786071795252083
1.0395,0.6506280661054289,1.0,3944.184772507002,0.9999916294535377,0.8046463798679327,0.9771151679096537,0.240379378776428,0.8783066425423979
1.04,0.6500692085761282,1.0,3942.7265035414785,0.9999916767077012,0.8044050203370231,0.9770960071800905,0.24035590676019739,0.8780057523298459
1.0405,0.649510351046827,1.0,3941.266560217649,0.999991723714304,0.8041636755110472,0.9770768296594788,0.24033243474396673,0.877704508962556
1.041,0.6489514935175262,1.0,3939.80494286157,0.9999917704742105,0.80392234539571,0.9770576353337931,0.2403089627277361,0.8774029125155636
1.0415,0.648392635988225,1.0,3938.3416518011786,0.9999918169882847,0.8036810299967165,0.9770384241889987,0.24028549071150546,0.8771009630639346
1.042,0.6478337784589239,1.0,3936.876687366491,0.9999918632573906,0.8034397293197718,0.9770191962110515,0.2402620186952748,0.876798660682766
1.0425,0.6472749209296231,1.0,3935.4100498896046,0.9999919092823927,0.8031984433705808,0.9769999513858973,0.24023854667904415,0.8764960054471859
1.043,0.646716063400322,1.0,3933.941739704383,0.9999919550641546,0.8029571721548485,0.9769806896994722,0.24021507466281353,0.8761929974323533
1.0435,0.6461572058710208,1.0,3932.471757146895,0.9999920006035407,0.8027159156782797,0.9769614111377029,0.24019160264658287,0.8758896367134578
1.044,0.64559834834172,1.0,3931.0001025551364,0.999992045901415,0.8024746739465798,0.9769421156865058,0.24016813063035225,0.8755859233657208
1.0445,0.6450394908124188,1.0,3929.5267762691533,0.9999920909586416,0.8022334469654534,0.9769228033317883,0.2401446586141216,0.8752818574643937
1.045,0.6444806332831181,1.0,3928.0517786309633,0.9999921357760847,0.8019922347406057,0.9769034740594476,0.24012118659789095,0.8749774390847596
1.0455,0.6439217757538169,1.0,3926.5751099845966,0.9999921803546082,0.8017510372777414,0.9768841278553717,0.2400977145816603,0.8746726683021319
1.046,0.6433629182245157,1.0,3925.096770676101,0.9999922246950765,0.801509854582566,0.9768647647054384,0.24007424256542964,0.8743675451918556
1.0465,0.642804060695215,1.0,3923.6167610536963,0.9999922687983536,0.801268686660784,0.9768453845955161,0.24005077054919902,0.874062069829306
1.047,0.6422452031659138,1.0,3922.1350814673083,0.9999923126653034,0.8010275335181005,0.9768259875114629,0.24002729853296836,0.8737562422898897
1.0475,0.6416863456366124,1.0,3920.6517322691575,0.9999923562967903,0.8007863951602205,0.9768065734391282,0.2400038265167377,0.873450062649044
1.048,0.6411274881073119,1.0,3919.1667138133303,0.9999923996936783,0.8005452715928493,0.9767871423643509,0.2399803545005071,0.8731435309822377
1.0485,0.6405686305780105,1.0,3917.680026456057,0.9999924428568313,0.8003041628216914,0.9767676942729606,0.23995688248427643,0.8728366473649696
1.049,0.64000977304871,1.0,3916.1916705554745,0.9999924857871136,0.800063068852452,0.9767482291507765,0.2399334104680458,0.87252941187277
1.0495,0.6394509155194086,1.0,3914.7016464718276,0.9999925284853894,0.7998219896908361,0.9767287469836091,0.23990993845181516,0.8722218245811998
1.05,0.6388920579901074,1.0,3913.209954567314,0.9999925709525226,0.7995809253425487,0.9767092477572584,0.2398864664355845,0.8719138855658513
1.0505,0.6383332004608067,1.0,3911.716595206395,0.9999926131893774,0.7993398758132946,0.976689731457515,0.23986299441935388,0.8716055949023468
1.051,0.6377743429315055,1.0,3910.221568755178,0.9999926551968179,0.799098841108779,0.9766701980701596,0.23983952240312323,0.8712969526663406
1.0515,0.6372154854022043,1.0,3908.724875582117,0.9999926969757083,0.7988578212347068,0.9766506475809631,0.23981605038689258,0.8709879589335168
1.052,0.6366566278729036,1.0,3907.226516057627,0.9999927385269124,0.798616816196783,0.9766310799756872,0.23979257837066195,0.870678613779591
1.0525,0.6360977703436024,1.0,3905.7264905540833,0.9999927798512946,0.7983758260007127,0.9766114952400832,0.2397691063544313,0.8703689172803096
1.053,0.6355389128143016,1.0,3904.224799445981,0.999992820949719,0.7981348506522006,0.9765918933598927,0.23974563433820067,0.8700588695114497
1.0535,0.6349800552850005,1.0,3902.7214431098587,0.9999928618230495,0.7978938901569518,0.9765722743208481,0.23972216232197002,0.8697484705488193
1.054,0.6344211977556993,1.0,3901.2164219242222,0.9999929024721503,0.7976529445206714,0.9765526381086718,0.23969869030573937,0.8694377204682573
1.0545,0.6338623402263985,1.0,3899.7097362697027,0.9999929428978857,0.7974120137490643,0.976532984709076,0.23967521828950872,0.8691266193456336
1.055,0.6333034826970974,1.0,3898.2013865290187,0.9999929831011195,0.7971710978478356,0.9765133141077638,0.2396517462732781,0.8688151672568486
1.0555,0.6327446251677962,1.0,3896.6913730868223,0.9999930230827159,0.79693019682269,0.976493626290428,0.23962827425704744,0.8685033642778335
1.056,0.6321857676384954,1.0,3895.179696329898,0.9999930628435391,0.7966893106793327,0.9764739212427523,0.23960480224081682,0.8681912104845507
1.0565,0.6316269101091943,1.0,3893.6663566470047,0.999993102384453,0.7964484394234687,0.9764541989504102,0.23958133022458616,0.8678787059529933
1.057,0.6310680525798935,1.0,3892.151354429077,0.999993141706322,0.7962075830608029,0.9764344593990654,0.2395578582083555,0.867565850759185
1.0575,0.6305091950505923,1.0,3890.634690069028,0.9999931808100101,0.7959667415970402,0.9764147025743718,0.23953438619212486,0.8672526449791806
1.058,0.6299503375212911,1.0,3889.1163639618317,0.9999932196963812,0.7957259150378858,0.9763949284619738,0.2395109141758942,0.8669390886890656
1.0585,0.6293914799919904,1.0,3887.5963765046026,0.9999932583662997,0.7954851033890445,0.976375137047506,0.23948744215966358,0.866625181964956
1.059,0.6288326224626892,1.0,3886.074728096363,0.9999932968206295,0.7952443066562215,0.9763553283165931,0.23946397014343293,0.8663109248829992
1.0595,0.628273764933388,1.0,3884.551419138396,0.9999933350602348,0.7950035248451215,0.9763355022548498,0.2394404981272023,0.8659963175193727
1.06,0.6277149074040873,1.0,3883.0264500338967,0.9999933730859797,0.7947627579614497,0.9763156588478816,0.23941702611097165,0.8656813599502855
1.0605,0.6271560498747861,1.0,3881.4998211881293,0.9999934108987282,0.794522006010911,0.9762957980812835,0.239393554094741,0.8653660522519768
1.061,0.6265971923454854,1.0,3879.971533008626,0.9999934484993445,0.7942812689992105,0.9762759199406418,0.23937008207851038,0.8650503945007169
1.0615,0.626038334816184,1.0,3878.4415859047176,0.9999934858886926,0.7940405469320528,0.9762560244115317,0.23934661006227972,0.8647343867728063
1.062,0.6254794772868828,1.0,3876.909980288007,0.9999935230676369,0.7937998398151433,0.9762361114795197,0.23932313804604907,0.8644180291445773
1.0625,0.6249206197575821,1.0,3875.376716572173,0.9999935600370411,0.7935591476541869,0.9762161811301618,0.23929966602981845,0.8641013216923922
1.063,0.6243617622282809,1.0,3873.8417951727392,0.9999935967977696,0.7933184704548886,0.9761962333490047,0.2392761940135878,0.8637842644926442
1.0635000000000001,0.6238029046989797,1.0,3872.3052165076638,0.9999936333506864,0.793077808222953,0.9761762681215848,0.23925272199735714,0.863466857621757
1.064,0.623244047169679,1.0,3870.7669809967906,0.9999936696966556,0.7928371609640856,0.9761562854334294,0.23922924998112652,0.8631491011561857
1.0645,0.6226851896403778,1.0,3869.227089061892,0.9999937058365413,0.7925965286839912,0.9761362852700552,0.23920577796489587,0.8628309951724156
1.065,0.622126332111077,1.0,3867.6855411272195,0.9999937417712076,0.7923559113883748,0.9761162676169698,0.23918230594866524,0.8625125397469628
1.0655000000000001,0.6215674745817759,1.0,3866.1423376187595,0.9999937775015186,0.7921153090829413,0.9760962324596706,0.2391588339324346,0.8621937349563742
1.066,0.6210086170524747,1.0,3864.597478964746,0.9999938130283386,0.7918747217733957,0.9760761797836454,0.23913536191620394,0.8618745808772275
1.0665,0.6204497595231739,1.0,3863.050965595506,0.9999938483525314,0.791634149465443,0.9760561095743719,0.23911188989997328,0.8615550775861309
1.067,0.6198909019938728,1.0,3861.5027979434603,0.9999938834749612,0.7913935921647882,0.9760360218173185,0.23908841788374266,0.8612352251597235
1.0675000000000001,0.6193320444645716,1.0,3859.952976443008,0.9999939183964922,0.7911530498771362,0.9760159164979433,0.239064945867512,0.8609150236746749
1.068,0.6187731869352708,1.0,3858.401501530883,0.9999939531179884,0.7909125226081921,0.9759957936016951,0.23904147385128138,0.8605944732076857
1.0685,0.6182143294059697,1.0,3856.848373645681,0.999993987640314,0.790672010363661,0.9759756531140121,0.23901800183505073,0.8602735738354871
1.069,0.6176554718766689,1.0,3855.293593228181,0.9999940219643331,0.7904315131492476,0.9759554950203233,0.23899452981882008,0.8599523256348407
1.0695000000000001,0.6170966143473677,1.0,3853.737160721382,0.9999940560909096,0.7901910309706569,0.9759353193060479,0.23897105780258943,0.8596307286825388
1.07,0.6165377568180666,1.0,3852.179076570155,0.9999940900209079,0.7899505638335942,0.9759151259565951,0.23894758578635877,0.859308783055405
1.0705,0.6159788992887658,1.0,3850.619341221788,0.9999941237551919,0.7897101117437642,0.9758949149573642,0.23892411377012815,0.8589864888302928
1.071,0.6154200417594646,1.0,3849.057955125292,0.9999941572946258,0.789469674706872,0.9758746862937447,0.2389006417538975,0.8586638460840871
1.0715000000000001,0.6148611842301634,1.0,3847.4949187322172,0.9999941906400737,0.7892292527286224,0.9758544399511166,0.23887716973766687,0.8583408548937025
1.072,0.6143023267008627,1.0,3845.9302324958353,0.9999942237923997,0.7889888458147206,0.9758341759148498,0.23885369772143622,0.858017515336085
1.0725,0.6137434691715615,1.0,3844.36389687177,0.9999942567524678,0.7887484539708716,0.9758138941703043,0.23883022570520557,0.8576938274882112
1.073,0.6131846116422608,1.0,3842.7959123177216,0.9999942895211422,0.7885080772027803,0.9757935947028304,0.23880675368897494,0.8573697914270881
1.0735000000000001,0.6126257541129596,1.0,3841.2262792934316,0.9999943220992871,0.7882677155161515,0.9757732774977684,0.2387832816727443,0.8570454072297533
1.074,0.6120668965836582,1.0,3839.654998260879,0.9999943544877663,0.7880273689166906,0.9757529425404493,0.23875980965651364,0.8567206749732755
1.0745,0.6115080390543577,1.0,3838.0820696840888,0.9999943866874442,0.7877870374101021,0.9757325898161935,0.23873633764028301,0.8563955947347532
1.075,0.6109491815250563,1.0,3836.50749402921,0.9999944186991849,0.7875467210020914,0.975712219310312,0.23871286562405236,0.8560701665913164
1.0755000000000001,0.6103903239957551,1.0,3834.9312717645184,0.9999944505238524,0.7873064196983632,0.975691831008106,0.2386893936078217,0.855744390620125
1.076,0.6098314664664544,1.0,3833.353403360535,0.9999944821623107,0.7870661335046227,0.9756714248948666,0.23866592159159108,0.8554182668983701
1.0765,0.6092726089371532,1.0,3831.7738892896778,0.9999945136154241,0.7868258624265748,0.9756510009558754,0.23864244957536043,0.855091795503273
1.077,0.6087137514078524,1.0,3830.192730026731,0.9999945448840566,0.7865856064699245,0.9756305591764036,0.2386189775591298,0.8547649765120857
1.0775000000000001,0.6081548938785513,1.0,3828.6099260484575,0.9999945759690724,0.7863453656403765,0.9756100995417134,0.23859550554289916,0.8544378100020905
1.078,0.6075960363492501,1.0,3827.0254778338326,0.9999946068713353,0.7861051399436362,0.9755896220370561,0.2385720335266685,0.8541102960506012
1.0785,0.6070371788199493,1.0,3825.439385863895,0.9999946375917099,0.7858649293854084,0.9755691266476744,0.23854856151043785,0.8537824347349614
1.079,0.6064783212906482,1.0,3823.851650622015,0.99999466813106,0.7856247339713982,0.9755486133587997,0.23852508949420723,0.8534542261325453
1.0795000000000001,0.605919463761347,1.0,3822.262272593396,0.9999946984902497,0.7853845537073103,0.9755280821556546,0.23850161747797657,0.8531256703207577
1.08,0.6053606062320462,1.0,3820.6712522656944,0.9999947286701432,0.7851443885988499,0.9755075330234516,0.23847814546174595,0.8527967673770345
1.0805,0.6048017487027451,1.0,3819.07859012848,0.9999947586716044,0.7849042386517221,0.9754869659473934,0.2384546734455153,0.8524675173788414
1.081,0.6042428911734443,1.0,3817.4842866736267,0.9999947884954977,0.7846641038716315,0.9754663809126723,0.23843120142928464,0.8521379204036751
1.0815000000000001,0.6036840336441431,1.0,3815.888342395079,0.999994818142687,0.7844239842642835,0.9754457779044716,0.238407729413054,0.8518079765290629
1.082,0.603125176114842,1.0,3814.29075778901,0.9999948476140366,0.7841838798353828,0.9754251569079639,0.23838425739682337,0.8514776858325623
1.0825,0.6025663185855412,1.0,3812.6915333535158,0.9999948769104103,0.7839437905906346,0.9754045179083125,0.23836078538059272,0.8511470483917616
1.083,0.60200746105624,1.0,3811.0906695891567,0.9999949060326725,0.7837037165357437,0.9753838608906705,0.23833731336436206,0.8508160642842796
1.0835000000000001,0.6014486035269389,1.0,3809.488166998572,0.9999949349816871,0.783463657676415,0.9753631858401816,0.23831384134813144,0.8504847335877654
1.084,0.6008897459976381,1.0,3807.88402608633,0.9999949637583183,0.7832236140183538,0.9753424927419789,0.2382903693319008,0.8501530563798991
1.0845,0.6003308884683369,1.0,3806.2782473593898,0.9999949923634303,0.7829835855672649,0.9753217815811864,0.23826689731567013,0.8498210327383908
1.085,0.5997720309390362,1.0,3804.670831326876,0.999995020797887,0.7827435723288533,0.9753010523429176,0.2382434252994395,0.8494886627409814
1.0855000000000001,0.599213173409735,1.0,3803.0617784999986,0.9999950490625527,0.7825035743088239,0.9752803050122764,0.23821995328320886,0.8491559464654423
1.086,0.5986543158804336,1.0,3801.451089392059,0.9999950771582913,0.7822635915128818,0.9752595395743566,0.2381964812669782,0.8488228839895753
1.0865,0.5980954583511331,1.0,3799.8387645187595,0.999995105085967,0.7820236239467321,0.9752387560142428,0.23817300925074758,0.8484894753912128
1.087,0.5975366008218317,1.0,3798.22480439774,0.9999951328464439,0.7817836716160795,0.9752179543170086,0.23814953723451693,0.8481557207482174
1.0875000000000001,0.5969777432925305,1.0,3796.6092095489294,0.9999951604405862,0.7815437345266291,0.975197134467719,0.23812606521828628,0.8478216201384824
1.088,0.5964188857632298,1.0,3794.9919804944307,0.9999951878692579,0.7813038126840859,0.9751762964514279,0.23810259320205565,0.8474871736399318
1.0885,0.5958600282339286,1.0,3793.3731177584864,0.9999952151333231,0.7810639060941549,0.9751554402531801,0.238079121185825,0.8471523813305197
1.089,0.5953011707046278,1.0,3791.7526218675553,0.999995242233646,0.7808240147625412,0.9751345658580104,0.23805564916959437,0.8468172432882309
1.0895,0.5947423131753267,1.0,3790.130493350199,0.9999952691710906,0.7805841386949495,0.975113673250943,0.23803217715336372,0.8464817595910805
1.09,0.5941834556460255,1.0,3788.506732737238,0.999995295946521,0.7803442778970848,0.9750927624169935,0.23800870513713307,0.8461459303171138
1.0905,0.5936245981167247,1.0,3786.8813405617184,0.9999953225608014,0.7801044323746524,0.9750718333411665,0.23798523312090245,0.8458097555444075
1.091,0.5930657405874236,1.0,3785.2543173587546,0.9999953490147958,0.7798646021333572,0.9750508860084569,0.2379617611046718,0.8454732353510679
1.0915,0.5925068830581228,1.0,3783.625663665687,0.9999953753093684,0.7796247871789039,0.9750299204038504,0.23793828908844114,0.8451363698152315
1.092,0.5919480255288216,1.0,3781.9953800221256,0.9999954014453832,0.7793849875169977,0.9750089365123218,0.23791481707221052,0.8447991590150661
1.0925,0.5913891679995205,1.0,3780.3634669697153,0.9999954274237045,0.7791452031533437,0.9749879343188369,0.23789134505597986,0.8444616030287697
1.093,0.5908303104702197,1.0,3778.72992505253,0.9999954532451961,0.7789054340936465,0.9749669138083507,0.2378678730397492,0.84412370193457
1.0935,0.5902714529409185,1.0,3777.094754816527,0.9999954789107224,0.7786656803436116,0.9749458749658092,0.23784440102351856,0.8437854558107261
1.094,0.5897125954116174,1.0,3775.457956810211,0.9999955044211474,0.7784259419089434,0.9749248177761478,0.23782092900728793,0.8434468647355264
1.0945,0.5891537378823166,1.0,3773.819531583977,0.9999955297773351,0.7781862187953473,0.9749037422242925,0.23779745699105728,0.843107928787291
1.095,0.5885948803530154,1.0,3772.1794796906543,0.9999955549801497,0.7779465110085283,0.9748826482951589,0.23777398497482666,0.8427686480443698
1.0955,0.5880360228237147,1.0,3770.5378016850814,0.9999955800304553,0.7777068185541912,0.9748615359736531,0.237750512958596,0.8424290225851426
1.096,0.5874771652944135,1.0,3768.8944981244576,0.999995604929116,0.7774671414380409,0.9748404052446711,0.23772704094236535,0.84208905248802
1.0965,0.5869183077651123,1.0,3767.2495695680727,0.9999956296769958,0.7772274796657827,0.9748192560930985,0.2377035689261347,0.8417487378314437
1.097,0.5863594502358116,1.0,3765.6030165775824,0.9999956542749591,0.7769878332431213,0.9747980885038121,0.23768009690990408,0.8414080786938842
1.0975,0.5858005927065104,1.0,3763.954839716659,0.9999956787238696,0.7767482021757618,0.9747769024616781,0.23765662489367342,0.841067075153844
1.098,0.5852417351772092,1.0,3762.3050395513437,0.9999957030245917,0.776508586469409,0.9747556979515528,0.23763315287744277,0.8407257272898545
1.0985,0.5846828776479085,1.0,3760.653616649815,0.9999957271779895,0.7762689861297682,0.9747344749582822,0.23760968086121215,0.8403840351804789
1.099,0.5841240201186071,1.0,3759.000571582431,0.9999957511849269,0.7760294011625444,0.9747132334667035,0.2375862088449815,0.8400419989043098
1.0995,0.5835651625893066,1.0,3757.345904921921,0.9999957750462681,0.7757898315734423,0.9746919734616425,0.23756273682875087,0.8396996185399701
1.1,0.5830063050600052,1.0,3755.6896172430456,0.9999957987628774,0.7755502773681668,0.9746706949279164,0.23753926481252022,0.8393568941661134
1.1005,0.582447447530704,1.0,3754.0317091229026,0.9999958223356186,0.7753107385524234,0.9746493978503319,0.23751579279628957,0.839013825861424
1.101,0.5818885900014032,1.0,3752.3721811409296,0.999995845765356,0.7750712151319166,0.9746280822136854,0.23749232078005894,0.8386704137046156
1.1015,0.5813297324721021,1.0,3750.7110338784078,0.9999958690529537,0.7748317071123516,0.9746067480027641,0.2374688487638283,0.838326657774433
1.102,0.5807708749428009,1.0,3749.0482679192687,0.9999958921992756,0.7745922144994333,0.9745853952023449,0.23744537674759764,0.8379825581496508
1.1025,0.5802120174135001,1.0,3747.3838838494844,0.999995915205186,0.7743527372988668,0.9745640237971945,0.237421904731367,0.8376381149090746
1.103,0.579653159884199,1.0,3745.7178822572196,0.999995938071549,0.7741132755163569,0.9745426337720705,0.23739843271513636,0.8372933281315392
1.1035,0.5790943023548982,1.0,3744.050263732952,0.9999959607992287,0.7738738291576088,0.9745212251117193,0.23737496069890573,0.8369481978959111
1.104,0.578535444825597,1.0,3742.381028869395,0.9999959833890891,0.7736343982283272,0.9744997978008786,0.23735148868267508,0.8366027242810856
1.1045,0.5779765872962959,1.0,3740.7101782614623,0.9999960058419943,0.7733949827342175,0.9744783518242756,0.23732801666644443,0.8362569073659898
1.105,0.5774177297669951,1.0,3739.0377125062696,0.9999960281588086,0.7731555826809843,0.9744568871666274,0.23730454465021378,0.8359107472295799
1.1055,0.5768588722376939,1.0,3737.3636322033303,0.999996050340396,0.7729161980743328,0.9744354038126413,0.23728107263398313,0.8355642439508428
1.106,0.5763000147083928,1.0,3735.687937954285,0.9999960723876204,0.7726768289199677,0.974413901747015,0.2372576006177525,0.8352173976087958
1.1065,0.575741157179092,1.0,3734.0106303630228,0.9999960943013463,0.7724374752235943,0.9743923809544358,0.23723412860152185,0.8348702082824864
1.107,0.5751822996497908,1.0,3732.331710035679,0.9999961160824375,0.7721981369909175,0.9743708414195814,0.23721065658529122,0.8345226760509925
1.1075,0.5746234421204901,1.0,3730.6511775806025,0.9999961377317582,0.7719588142276423,0.974349283127119,0.23718718456906057,0.8341748009934218
1.108,0.5740645845911889,1.0,3728.969033608547,0.9999961592501725,0.7717195069394736,0.9743277060617065,0.23716371255282992,0.8338265831889125
1.1085,0.5735057270618877,1.0,3727.2852787323686,0.9999961806385446,0.7714802151321164,0.9743061102079915,0.23714024053659927,0.8334780227166333
1.109,0.572946869532587,1.0,3725.599913567331,0.9999962018977384,0.7712409388112758,0.9742844955506115,0.23711676852036864,0.833129119655783
1.1095,0.5723880120032858,1.0,3723.912938730689,0.9999962230286181,0.7710016779826566,0.9742628620741948,0.237093296504138,0.8327798740855903
1.11,0.5718291544739846,1.0,3722.2243548422643,0.9999962440320479,0.7707624326519639,0.9742412097633587,0.23706982448790734,0.8324302860853144
1.1105,0.5712702969446839,1.0,3720.534162523948,0.9999962649088917,0.7705232028249026,0.9742195386027115,0.2370463524716767,0.832080355734245
1.111,0.5707114394153827,1.0,3718.8423623999347,0.9999962856600139,0.7702839885071778,0.9741978485768509,0.23702288045544606,0.8317300831117015
1.1115,0.570152581886082,1.0,3717.1489550967995,0.9999963062862783,0.7700447897044944,0.9741761396703644,0.23699940843921544,0.8313794682970338
1.112,0.5695937243567808,1.0,3715.4539412431554,0.9999963267885492,0.7698056064225574,0.9741544118678306,0.23697593642298478,0.831028511369622
1.1125,0.5690348668274794,1.0,3713.757321470078,0.9999963471676906,0.7695664386670719,0.9741326651538175,0.23695246440675413,0.8306772124088764
1.113,0.5684760092981787,1.0,3712.059096410874,0.9999963674245668,0.7693272864437426,0.9741108995128825,0.2369289923905235,0.8303255714942374
1.1135,0.5679171517688775,1.0,3710.35926670109,0.9999963875600415,0.7690881497582748,0.9740891149295747,0.23690552037429286,0.8299735887051756
1.114,0.5673582942395763,1.0,3708.657832978543,0.9999964075749792,0.7688490286163732,0.9740673113884314,0.2368820483580622,0.8296212641211917
1.1145,0.5667994367102756,1.0,3706.9547958833327,0.9999964274702439,0.7686099230237431,0.974045488873981,0.23685857634183158,0.8292685978218173
1.115,0.5662405791809744,1.0,3705.250156057912,0.9999964472466996,0.7683708329860892,0.974023647370742,0.23683510432560093,0.828915589886613
1.1155,0.5656817216516736,1.0,3703.543914146941,0.9999964669052105,0.7681317585091166,0.9740017868632223,0.2368116323093703,0.8285622403951702
1.116,0.5651228641223724,1.0,3701.836070797361,0.9999964864466406,0.7678926995985302,0.9739799073359201,0.23678816029313965,0.8282085494271105
1.1165,0.5645640065930713,1.0,3700.126626658403,0.9999965058718542,0.7676536562600352,0.9739580087733241,0.236764688276909,0.8278545170620859
1.117,0.5640051490637705,1.0,3698.415582381581,0.9999965251817151,0.7674146284993364,0.9739360911599121,0.23674121626067834,0.8275001433797777
1.1175,0.5634462915344693,1.0,3696.7029386207787,0.9999965443770877,0.7671756163221388,0.973914154480153,0.2367177442444477,0.8271454284598982
1.118,0.5628874340051682,1.0,3694.9886960321696,0.999996563458836,0.7669366197341474,0.9738921987185047,0.23669427222821707,0.8267903723821894
1.1185,0.5623285764758674,1.0,3693.2728552739923,0.9999965824278242,0.7666976387410672,0.9738702238594159,0.23667080021198642,0.8264349752264235
1.119,0.5617697189465662,1.0,3691.555417007086,0.9999966012849161,0.7664586733486032,0.9738482298873248,0.2366473281957558,0.826079237072403
1.1195,0.5612108614172655,1.0,3689.83638189432,0.9999966200309761,0.7662197235624604,0.9738262167866601,0.23662385617952514,0.8257231579999603
1.12,0.5606520038879643,1.0,3688.11575060113,0.9999966386668683,0.7659807893883436,0.97380418454184,0.23660038416329449,0.8253667380889579
1.1205,0.5600931463586631,1.0,3686.3935237950263,0.9999966571934565,0.7657418708319581,0.9737821331372732,0.23657691214706383,0.8250099774192889
1.121,0.5595342888293624,1.0,3684.6697021460113,0.9999966756116052,0.7655029678990086,0.9737600625573583,0.2365534401308332,0.8246528760708758
1.1215,0.5589754313000612,1.0,3682.9442863262025,0.9999966939221783,0.7652640805952002,0.9737379727864836,0.23652996811460256,0.8242954341236715
1.122,0.55841657377076,1.0,3681.2172770101397,0.9999967121260398,0.7650252089262379,0.9737158638090275,0.2365064960983719,0.8239376516576591
1.1225,0.5578577162414593,1.0,3679.4886748746717,0.999996730224054,0.7647863528978267,0.9736937356093588,0.23648302408214128,0.8235795287528517
1.123,0.5572988587121581,1.0,3677.75848059892,0.999996748217085,0.7645475125156715,0.9736715881718364,0.23645955206591063,0.8232210654892926
1.1235,0.5567400011828574,1.0,3676.0266948643966,0.9999967661059967,0.7643086877854773,0.9736494214808084,0.23643608004968,0.8228622619470549
1.124,0.5561811436535562,1.0,3674.293318354776,0.9999967838916536,0.7640698787129492,0.9736272355206136,0.23641260803344935,0.822503118206242
1.1245,0.5556222861242548,1.0,3672.5583517561263,0.9999968015749193,0.763831085303792,0.9736050302755804,0.2363891360172187,0.8221436343469872
1.125,0.5550634285949543,1.0,3670.821795756987,0.9999968191566583,0.7635923075637109,0.973582805730028,0.23636566400098807,0.8217838104494546
1.1255,0.5545045710656529,1.0,3669.0836510479908,0.9999968366377345,0.7633535454984106,0.9735605618682647,0.23634219198475742,0.8214236465938367
1.1260000000000001,0.5539457135363517,1.0,3667.3439183221685,0.9999968540190121,0.7631147991135963,0.9735382986745889,0.23631871996852677,0.8210631428603576
1.1265,0.553386856007051,1.0,3665.602598274954,0.9999968713013551,0.762876068414973,0.9735160161332895,0.23629524795229614,0.8207022993292712
1.127,0.5528279984777498,1.0,3663.8596916039933,0.9999968884856277,0.7626373534082456,0.9734937142286454,0.2362717759360655,0.8203411160808607
1.1275,0.552269140948449,1.0,3662.1151990094136,0.9999969055726939,0.762398654099119,0.9734713929449248,0.23624830391983487,0.8199795931954398
1.1280000000000001,0.5517102834191479,1.0,3660.369121193408,0.999996922563418,0.7621599704932983,0.9734490522663869,0.23622483190360422,0.8196177307533523
1.1285,0.5511514258898467,1.0,3658.6214588608045,0.999996939458664,0.7619213025964886,0.9734266921772803,0.23620135988737356,0.8192555288349721
1.129,0.5505925683605459,1.0,3656.8722127185797,0.999996956259296,0.7616826504143946,0.9734043126618432,0.2361778878711429,0.8188929875207027
1.1295,0.5500337108312447,1.0,3655.121383476083,0.999996972966178,0.7614440139527215,0.9733819137043048,0.23615441585491226,0.8185301068909779
1.1300000000000001,0.5494748533019436,1.0,3653.3689718451174,0.9999969895801742,0.7612053932171742,0.9733594952888841,0.23613094383868163,0.8181668870262615
1.1305,0.5489159957726428,1.0,3651.6149785396747,0.9999970061021487,0.7609667882134576,0.9733370573997892,0.23610747182245098,0.8178033280070471
1.131,0.5483571382433416,1.0,3649.8594042760906,0.9999970225329656,0.760728198947277,0.9733146000212187,0.23608399980622036,0.8174394299138588
1.1315,0.5477982807140409,1.0,3648.1022497731587,0.9999970388734891,0.760489625424337,0.9732921231373618,0.2360605277899897,0.8170751928272499
1.1320000000000001,0.5472394231847397,1.0,3646.3435157519452,0.9999970551245833,0.7602510676503427,0.9732696267323971,0.23603705577375905,0.8167106168278043
1.1325,0.5466805656554385,1.0,3644.5832029358644,0.999997071287112,0.7600125256309993,0.9732471107904933,0.2360135837575284,0.816345701996136
1.133,0.5461217081261378,1.0,3642.8213120507576,0.9999970873619396,0.7597739993720115,0.973224575295809,0.23599011174129778,0.815980448412888
1.1335,0.5455628505968366,1.0,3641.0578438246675,0.9999971033499302,0.7595354888790844,0.973202020232493,0.23596663972506712,0.8156148561587342
1.1340000000000001,0.5450039930675354,1.0,3639.292798988143,0.9999971192519478,0.759296994157923,0.973179445584684,0.23594316770883647,0.8152489253143782
1.1345,0.5444451355382347,1.0,3637.5261782740918,0.9999971350688565,0.7590585152142323,0.9731568513365108,0.23591969569260585,0.8148826559605538
1.135,0.5438862780089335,1.0,3635.757982417551,0.9999971508015204,0.7588200520537172,0.9731342374720917,0.2358962236763752,0.8145160481780239
1.1355,0.5433274204796328,1.0,3633.9882121562996,0.9999971664508037,0.7585816046820828,0.9731116039755361,0.23587275166014457,0.8141491020475824
1.1360000000000001,0.5427685629503316,1.0,3632.2168682300985,0.9999971820175705,0.7583431731050339,0.973088950830942,0.23584927964391392,0.8137818176500522
1.1365,0.5422097054210302,1.0,3630.443951381228,0.9999971975026849,0.7581047573282756,0.9730662780223986,0.23582580762768326,0.813414195066287
1.137,0.5416508478917297,1.0,3628.6694623545604,0.9999972129070108,0.7578663573575131,0.9730435855339841,0.23580233561145264,0.8130462343771697
1.1375,0.5410919903624283,1.0,3626.893401896883,0.9999972282314126,0.757627973198451,0.9730208733497678,0.235778863595222,0.8126779356636136
1.1380000000000001,0.5405331328331271,1.0,3625.1157707577336,0.9999972434767542,0.7573896048567943,0.9729981414538076,0.23575539157899134,0.8123092990065612
1.1385,0.5399742753038264,1.0,3623.336569688909,0.9999972586438998,0.7571512523382483,0.9729753898301526,0.2357319195627607,0.8119403244869862
1.139,0.5394154177745252,1.0,3621.555799444467,0.9999972737337135,0.7569129156485178,0.9729526184628416,0.23570844754653006,0.8115710121858909
1.1395,0.5388565602452244,1.0,3619.7734607809944,0.9999972887470593,0.7566745947933079,0.9729298273359032,0.23568497553029943,0.8112013621843084
1.1400000000000001,0.5382977027159233,1.0,3617.9895544573815,0.9999973036848014,0.7564362897783233,0.9729070164333555,0.23566150351406878,0.8108313745633008
1.1405,0.5377388451866221,1.0,3616.204081234899,0.999997318547804,0.7561980006092692,0.9728841857392074,0.23563803149783813,0.8104610494039608
1.141,0.5371799876573213,1.0,3614.417041877239,0.9999973333369311,0.7559597272918507,0.9728613352374578,0.23561455948160748,0.8100903867874111
1.1415,0.5366211301280202,1.0,3612.6284371504025,0.9999973480530467,0.7557214698317726,0.9728384649120949,0.23559108746537682,0.8097193867948036
1.1420000000000001,0.536062272598719,1.0,3610.8382678230046,0.999997362697015,0.7554832282347397,0.9728155747470977,0.2355676154491462,0.8093480495073202
1.1425,0.5355034150694182,1.0,3609.0465346656715,0.9999973772697002,0.7552450025064574,0.9727926647264343,0.23554414343291555,0.8089763750061734
1.143,0.534944557540117,1.0,3607.253238451723,0.9999973917719662,0.7550067926526305,0.9727697348340635,0.23552067141668492,0.8086043633726047
1.1435,0.5343857000108163,1.0,3605.458379956796,0.9999974062046774,0.7547685986789638,0.9727467850539339,0.23549719940045427,0.8082320146878855
1.1440000000000001,0.5338268424815151,1.0,3603.6619599588093,0.9999974205686976,0.7545304205911626,0.9727238153699836,0.23547372738422362,0.8078593290333178
1.1445,0.533267984952214,1.0,3601.86397923823,0.999997434864891,0.7542922583949316,0.9727008257661418,0.23545025536799297,0.8074863064902327
1.145,0.5327091274229132,1.0,3600.0644385779246,0.9999974490941218,0.7540541120959761,0.9726778162263264,0.23542678335176234,0.8071129471399914
1.1455,0.532150269893612,1.0,3598.2633387629708,0.999997463257254,0.7538159817000009,0.9726547867344462,0.2354033113355317,0.806739251063985
1.1460000000000001,0.5315914123643108,1.0,3596.4606805810763,0.9999974773551518,0.7535778672127108,0.9726317372743993,0.23537983931930104,0.806365218343634
1.1465,0.5310325548350101,1.0,3594.656464822242,0.9999974913886791,0.753339768639811,0.9726086678300744,0.2353563673030704,0.8059908490603891
1.147,0.5304736973057089,1.0,3592.8506922788742,0.9999975053587004,0.7531016859870066,0.9725855783853502,0.23533289528683976,0.8056161432957312
1.1475,0.5299148397764082,1.0,3591.0433637458277,0.9999975192660793,0.7528636192600023,0.9725624689240945,0.23530942327060914,0.80524110113117
1.1480000000000001,0.529355982247107,1.0,3589.234480020291,0.9999975331116803,0.7526255684645032,0.9725393394301662,0.23528595125437848,0.8048657226482456
1.1485,0.5287971247178058,1.0,3587.424041901943,0.9999975468963673,0.7523875336062145,0.9725161898874134,0.23526247923814783,0.8044900079285282
1.149,0.5282382671885051,1.0,3585.612050192952,0.9999975606210045,0.7521495146908408,0.9724930202796749,0.2352390072219172,0.8041139570536169
1.1495,0.5276794096592037,1.0,3583.798505697679,0.999997574286456,0.7519115117240873,0.9724698305907781,0.23521553520568655,0.8037375701051415
1.1500000000000001,0.5271205521299025,1.0,3581.9832534739594,0.9999975878012209,0.7516735259474674,0.9724466209201954,0.2351920631894559,0.8033608491219287
1.1505,0.5265616946006018,1.0,3580.166312048902,0.9999976011720939,0.7514355572270078,0.9724233912387356,0.23516859117322528,0.8029837939698722
1.151,0.5260028370713006,1.0,3578.3478121530507,0.9999976144753256,0.7511976045378709,0.9724001414337737,0.23514511915699463,0.8026064031004666
1.1515,0.5254439795419998,1.0,3576.5277541214878,0.9999976277111454,0.7509596678896183,0.9723768714894583,0.235121647140764,0.8022286766018839
1.1520000000000001,0.5248851220126987,1.0,3574.7061382921574,0.9999976408797822,0.750721747291812,0.9723535813899294,0.23509817512453335,0.8018506145623493
1.1525,0.5243262644833975,1.0,3572.8829650059424,0.9999976539814648,0.7504838427540138,0.9723302711193185,0.2350747031083027,0.8014722170701413
1.153,0.5237674069540967,1.0,3571.0582346066685,0.9999976670164225,0.7502459542857857,0.9723069406617483,0.23505123109207204,0.8010934842135911
1.1535,0.5232085494247956,1.0,3569.2319474411083,0.9999976799848841,0.7500080818966893,0.9722835900013327,0.2350277590758414,0.800714416081083
1.154,0.5226496918954948,1.0,3567.404103859097,0.9999976928870788,0.7497702255962867,0.972260219122177,0.23500428705961077,0.8003350127610547
1.1545,0.5220908343661936,1.0,3565.574704213198,0.9999977057232357,0.7495323853941395,0.9722368280083777,0.23498081504338011,0.7999552743419966
1.155,0.5215319768368925,1.0,3563.743748859155,0.9999977184935835,0.7492945612998098,0.9722134166440228,0.2349573430271495,0.7995752009124526
1.1555,0.5209731193075917,1.0,3561.9112381554487,0.9999977311983517,0.7490567533228593,0.9721899850131919,0.23493387101091884,0.7991947925610194
1.156,0.5204142617782905,1.0,3560.077172463747,0.9999977438377688,0.7488189614728499,0.9721665330999552,0.23491039899468819,0.7988140493763467
1.1565,0.5198554042489894,1.0,3558.2415521485727,0.9999977564120643,0.7485811857593433,0.9721430608883748,0.23488692697845753,0.798432971447137
1.157,0.5192965467196886,1.0,3556.4043775774567,0.999997768921467,0.7483434261919015,0.9721195683625039,0.2348634549622269,0.7980515588621464
1.1575,0.5187376891903874,1.0,3554.565649120791,0.9999977813662059,0.7481056827800865,0.9720960555063873,0.23483998294599626,0.7976698117101837
1.158,0.5181788316610867,1.0,3552.7253671520934,0.9999977937465101,0.7478679555334599,0.9720725223040605,0.23481651092976563,0.7972877300801104
1.1585,0.5176199741317855,1.0,3550.8835320478274,0.9999978060626087,0.7476302444615834,0.9720489687395515,0.23479303891353498,0.7969053140608414
1.159,0.5170611166024843,1.0,3549.040144187326,0.9999978183147306,0.7473925495740193,0.9720253947968783,0.23476956689730433,0.7965225637413448
1.1595,0.5165022590731836,1.0,3547.1952039530224,0.9999978305031048,0.7471548708803293,0.9720018004600512,0.2347460948810737,0.7961394792106411
1.16,0.5159434015438824,1.0,3545.34871173038,0.9999978426279604,0.7469172083900751,0.9719781857130717,0.23472262286484305,0.795756060557804
1.1605,0.5153845440145812,1.0,3543.500667907741,0.9999978546895265,0.7466795621128185,0.9719545505399322,0.2346991508486124,0.7953723078719599
1.161,0.5148256864852805,1.0,3541.651072876523,0.999997866688032,0.7464419320581217,0.9719308949246169,0.23467567883238177,0.7949882212422891
1.1615,0.5142668289559793,1.0,3539.799927031068,0.999997878623706,0.7462043182355462,0.9719072188511014,0.23465220681615112,0.7946038007580233
1.162,0.5137079714266786,1.0,3537.9472307688366,0.9999978904967776,0.745966720654654,0.9718835223033523,0.2346287347999205,0.7942190465084483
1.1625,0.5131491138973774,1.0,3536.092984490184,0.9999979023074755,0.7457291393250068,0.9718598052653279,0.23460526278368984,0.7938339585829025
1.163,0.512590256368076,1.0,3534.2371885985144,0.9999979140560292,0.7454915742561667,0.9718360677209775,0.2345817907674592,0.7934485370707771
1.1635,0.5120313988387755,1.0,3532.379843500323,0.9999979257426674,0.7452540254576955,0.9718123096542424,0.23455831875122857,0.7930627820615164
1.164,0.5114725413094741,1.0,3530.5209496050475,0.9999979373676193,0.7450164929391548,0.9717885310490546,0.23453484673499791,0.7926766936446171
1.1645,0.5109136837801729,1.0,3528.6605073250726,0.9999979489311138,0.7447789767101067,0.9717647318893381,0.23451137471876726,0.7922902719096293
1.165,0.5103548262508721,1.0,3526.7985170759957,0.9999979604333801,0.7445414767801131,0.9717409121590075,0.2344879027025366,0.7919035169461559
1.1655,0.509795968721571,1.0,3524.9349792763314,0.999997971874647,0.7443039931587355,0.9717170718419698,0.23446443068630599,0.7915164288438521
1.166,0.5092371111922702,1.0,3523.0698943475873,0.9999979832551437,0.7440665258555361,0.9716932109221226,0.23444095867007533,0.7911290076924268
1.1665,0.508678253662969,1.0,3521.2032627144577,0.9999979945750991,0.7438290748800765,0.9716693293833552,0.2344174866538447,0.7907412535816408
1.167,0.5081193961336679,1.0,3519.335084804378,0.9999980058347423,0.7435916402419189,0.971645427209548,0.23439401463761406,0.7903531666013089
1.1675,0.5075605386043671,1.0,3517.4653610482346,0.9999980170343024,0.7433542219506248,0.9716215043845734,0.2343705426213834,0.7899647468412974
1.168,0.5070016810750659,1.0,3515.594091879626,0.9999980281740083,0.7431168200157562,0.9715975608922947,0.23434707060515275,0.7895759943915261
1.1685,0.5064428235457648,1.0,3513.721277735348,0.999998039254089,0.7428794344468749,0.971573596716567,0.2343235985889221,0.7891869093419678
1.169,0.505883966016464,1.0,3511.8469190552887,0.9999980502747738,0.7426420652535427,0.9715496118412361,0.23430012657269148,0.7887974917826475
1.1695,0.5053251084871628,1.0,3509.971016282241,0.9999980612362914,0.7424047124453216,0.9715256062501398,0.23427665455646082,0.7884077418036433
1.17,0.5047662509578621,1.0,3508.0935698622093,0.999998072138871,0.7421673760317734,0.971501579927108,0.2342531825402302,0.7880176594950863
1.1705,0.5042073934285609,1.0,3506.214580244185,0.9999980829827417,0.7419300560224598,0.9714775328559603,0.23422971052399955,0.7876272449471596
1.171,0.5036485358992597,1.0,3504.3340478801533,0.9999980937681324,0.7416927524269429,0.971453465020509,0.2342062385077689,0.7872364982501001
1.1715,0.503089678369959,1.0,3502.451973225392,0.9999981044952722,0.7414554652547843,0.9714293764045575,0.23418276649153827,0.7868454194941964
1.172,0.5025308208406578,1.0,3500.5683567380306,0.99999811516439,0.7412181945155462,0.9714052669919006,0.23415929447530762,0.7864540087697904
1.1725,0.5019719633113566,1.0,3498.68319887935,0.9999981257757148,0.7409809402187899,0.9713811367663246,0.23413582245907696,0.7860622661672765
1.173,0.5014131057820559,1.0,3496.796500113823,0.9999981363294759,0.7407437023740777,0.9713569857116073,0.23411235044284634,0.7856701917771021
1.1735,0.5008542482527547,1.0,3494.908260908784,0.9999981468259022,0.7405064809909714,0.9713328138115177,0.2340888784266157,0.7852777856897669
1.174,0.500295390723454,1.0,3493.018481734878,0.9999981572652226,0.7402692760790327,0.9713086210498163,0.23406540641038506,0.7848850479958236
1.1745,0.4997365331941528,1.0,3491.127163065694,0.9999981676476662,0.7400320876478235,0.9712844074102552,0.2340419343941544,0.7844919787858771
1.175,0.4991776756648514,1.0,3489.2343053779127,0.9999981779734621,0.7397949157069057,0.9712601728765783,0.23401846237792376,0.7840985781505858
1.1755,0.49861881813555087,1.0,3487.3399091514652,0.9999981882428394,0.7395577602658412,0.97123591743252,0.23399499036169313,0.7837048461806599
1.176,0.49805996060624946,1.0,3485.4439748692344,0.9999981984560269,0.7393206213341916,0.9712116410618072,0.23397151834546248,0.7833107829668626
1.1765,0.4975011030769483,1.0,3483.5465030172813,0.9999982086132537,0.7390834989215189,0.9711873437481575,0.23394804632923183,0.7829163886000096
1.177,0.49694224554764754,1.0,3481.647494084667,0.9999982187147489,0.7388463930373852,0.9711630254752803,0.23392457431300118,0.7825216631709697
1.1775,0.49638338801834636,1.0,3479.7469485637857,0.9999982287607416,0.7386093036913519,0.9711386862268764,0.23390110229677055,0.7821266067706636
1.178,0.4958245304890456,1.0,3477.8448669498885,0.9999982387514607,0.7383722308929812,0.9711143259866382,0.2338776302805399,0.7817312194900653
1.1785,0.49526567295974444,1.0,3475.941249741568,0.9999982486871352,0.7381351746518346,0.9710899447382494,0.23385415826430928,0.7813355014202005
1.179,0.49470681543044326,1.0,3474.0360974403534,0.9999982585679942,0.7378981349774745,0.9710655424653852,0.23383068624807862,0.7809394526521487
1.1795,0.4941479579011425,1.0,3472.12941055105,0.9999982683942668,0.7376611118794623,0.9710411191517129,0.23380721423184797,0.7805430732770408
1.18,0.49358910037184134,1.0,3470.221189581482,0.9999982781661818,0.7374241053673598,0.9710166747808898,0.23378374221561732,0.7801463633860607
1.1805,0.49303024284254016,1.0,3468.311435042679,0.9999982878839684,0.737187115450729,0.9709922093365664,0.23376027019938667,0.7797493230704451
1.181,0.4924713853132394,1.0,3466.400147448809,0.9999982975478556,0.736950142139132,0.9709677228023836,0.23373679818315604,0.7793519524214833
1.1815,0.49191252778393824,1.0,3464.4873273171065,0.9999983071580726,0.7367131854421303,0.9709432151619742,0.2337133261669254,0.7789542515305163
1.182,0.4913536702546375,1.0,3462.5729751680233,0.9999983167148481,0.7364762453692859,0.9709186863989626,0.23368985415069476,0.7785562204889388
1.1825,0.4907948127253363,1.0,3460.657091525158,0.9999983262184112,0.7362393219301605,0.9708941364969644,0.2336663821344641,0.7781578593881968
1.183,0.49023595519603513,1.0,3458.7396769151874,0.9999983356689912,0.7360024151343161,0.970869565439587,0.23364291011823346,0.7777591683197896
1.1835,0.4896770976667344,1.0,3456.820731868017,0.9999983450668168,0.7357655249913145,0.9708449732104293,0.23361943810200284,0.777360147375269
1.184,0.4891182401374332,1.0,3454.9002569167087,0.9999983544121173,0.7355286515107177,0.9708203597930813,0.23359596608577218,0.7769607966462391
1.1845,0.48855938260813203,1.0,3452.978252597376,0.9999983637051215,0.7352917947020873,0.9707957251711251,0.23357249406954153,0.7765611162243562
1.185,0.4880005250788313,1.0,3451.054719449483,0.9999983729460586,0.7350549545749853,0.970771069328134,0.2335490220533109,0.7761611062013294
1.1855,0.4874416675495301,1.0,3449.1296580155135,0.9999983821351576,0.7348181311389734,0.9707463922476728,0.23352555003708025,0.77576076666892
1.186,0.4868828100202294,1.0,3447.2030688411974,0.9999983912726473,0.7345813244036137,0.9707216939132982,0.23350207802084963,0.7753600977189421
1.1865,0.4863239524909282,1.0,3445.27495247533,0.9999984003587571,0.7343445343784678,0.9706969743085581,0.23347860600461898,0.7749590994432619
1.187,0.4857650949616268,1.0,3443.3453094700703,0.9999984093937158,0.7341077610730977,0.9706722334169918,0.23345513398838832,0.7745577719337982
1.1875,0.48520623743232627,1.0,3441.4141403806866,0.9999984183777524,0.7338710044970653,0.9706474712221307,0.2334316619721577,0.7741561152825223
1.188,0.48464737990302487,1.0,3439.4814457654843,0.999998427311096,0.7336342646599323,0.9706226877074973,0.23340818995592705,0.7737541295814574
1.1885000000000001,0.4840885223737237,1.0,3437.5472261861823,0.9999984361939758,0.7333975415712605,0.9705978828566059,0.2333847179396964,0.7733518149226792
1.189,0.48352966484442295,1.0,3435.6114822075074,0.9999984450266205,0.733160835240612,0.9705730566529623,0.23336124592346574,0.772949171398317
1.1895,0.48297080731512176,1.0,3433.6742143976044,0.9999984538092593,0.7329241456775485,0.9705482090800637,0.23333777390723512,0.7725461991005506
1.19,0.482411949785821,1.0,3431.735423327524,0.9999984625421212,0.7326874728916318,0.9705233401213992,0.23331430189100447,0.7721428981216133
1.1905000000000001,0.48185309225651984,1.0,3429.7951095718154,0.9999984712254353,0.7324508168924238,0.9704984497604489,0.23329082987477384,0.7717392685537903
1.191,0.48129423472721866,1.0,3427.853273708016,0.9999984798594306,0.7322141776894864,0.9704735379806854,0.2332673578585432,0.7713353104894197
1.1915,0.4807353771979179,1.0,3425.9099163169453,0.999998488444336,0.7319775552923814,0.9704486047655718,0.23324388584231254,0.7709310240208914
1.192,0.48017651966861674,1.0,3423.965037982714,0.9999984969803807,0.7317409497106706,0.970423650098564,0.23322041382608188,0.7705264092406475
1.1925000000000001,0.47961766213931556,1.0,3422.0186392925757,0.9999985054677937,0.7315043609539159,0.9703986739631081,0.23319694180985123,0.7701214662411828
1.193,0.4790588046100148,1.0,3420.070720837043,0.9999985139068038,0.7312677890316792,0.970373676342643,0.2331734697936206,0.7697161951150444
1.1935,0.47849994708071364,1.0,3418.1212832097076,0.9999985222976404,0.7310312339535224,0.9703486572205986,0.23314999777738996,0.7693105959548318
1.194,0.4779410895514129,1.0,3416.170327007683,0.9999985306405322,0.7307946957290072,0.9703236165803966,0.23312652576115933,0.7689046688531959
1.1945000000000001,0.4773822320221117,1.0,3414.2178528310237,0.9999985389357086,0.7305581743676954,0.9702985544054503,0.23310305374492868,0.7684984139028406
1.195,0.47682337449281054,1.0,3412.263861283164,0.9999985471833982,0.730321669879149,0.9702734706791644,0.23307958172869803,0.7680918311965221
1.1955,0.4762645169635098,1.0,3410.3083529707806,0.9999985553838303,0.7300851822729298,0.9702483653849355,0.2330561097124674,0.7676849208270489
1.196,0.4757056594342086,1.0,3408.3513285037193,0.9999985635372338,0.7298487115585998,0.9702232385061517,0.23303263769623675,0.7672776828872812
1.1965000000000001,0.47514680190490743,1.0,3406.392788495146,0.9999985716438379,0.7296122577457205,0.9701980900261925,0.2330091656800061,0.7668701174701317
1.197,0.4745879443756067,1.0,3404.4327335615503,0.9999985797038714,0.7293758208438541,0.9701729199284297,0.23298569366377547,0.7664622246685658
1.1975,0.4740290868463055,1.0,3402.471164322383,0.9999985877175634,0.7291394008625622,0.970147728196226,0.23296222164754482,0.7660540045756004
1.198,0.4734702293170048,1.0,3400.508081400719,0.9999985956851432,0.7289029978114069,0.9701225148129362,0.2329387496313142,0.7656454572843047
1.1985000000000001,0.4729113717877036,1.0,3398.5434854226014,0.9999986036068395,0.7286666116999497,0.9700972797619065,0.23291527761508354,0.7652365828878003
1.199,0.4723525142584024,1.0,3396.5773770175574,0.9999986114828814,0.7284302425377528,0.9700720230264747,0.2328918055988529,0.764827381479261
1.1995,0.4717936567291017,1.0,3394.6097568182367,0.9999986193134979,0.7281938903343779,0.9700467445899708,0.23286833358262227,0.7644178531519127
1.2,0.4712347991998005,1.0,3392.640625460597,0.9999986270989181,0.7279575550993868,0.9700214444357156,0.23284486156639161,0.7640079979990332
1.2005000000000001,0.4706759416704991,1.0,3390.6699835839095,0.9999986348393711,0.7277212368423414,0.9699961225470225,0.23282138955016096,0.7635978161139529
1.201,0.47011708414119835,1.0,3388.69783183065,0.9999986425350857,0.7274849355728035,0.9699707789071957,0.2327979175339303,0.7631873075900539
1.2015,0.46955822661189717,1.0,3386.724170846724,0.9999986501862913,0.7272486513003351,0.9699454134995318,0.23277444551769969,0.7627764725207711
1.202,0.46899936908259643,1.0,3384.749001281142,0.9999986577932165,0.727012384034498,0.9699200263073184,0.23275097350146903,0.7623653109995905
1.2025000000000001,0.46844051155329525,1.0,3382.7723237863834,0.9999986653560906,0.7267761337848537,0.9698946173138357,0.2327275014852384,0.7619538231200506
1.203,0.46788165402399406,1.0,3380.79413901797,0.9999986728751425,0.7265399005609646,0.9698691865023541,0.23270402946900776,0.7615420089757426
1.2035,0.4673227964946933,1.0,3378.814447634937,0.9999986803506015,0.7263036843723923,0.9698437338561376,0.2326805574527771,0.7611298686603093
1.204,0.46676393896539214,1.0,3376.8332502996223,0.9999986877826962,0.7260674852286987,0.9698182593584402,0.23265708543654645,0.7607174022674451
1.2045000000000001,0.46620508143609096,1.0,3374.850547677594,0.999998695171656,0.7258313031394453,0.9697927629925086,0.2326336134203158,0.760304609890897
1.205,0.4656462239067902,1.0,3372.866340437729,0.9999987025177096,0.7255951381141945,0.969767244741581,0.23261014140408517,0.7598914916244643
1.2055,0.46508736637748904,1.0,3370.880629252178,0.9999987098210863,0.7253589901625079,0.9697417045888869,0.23258666938785452,0.7594780475619981
1.206,0.4645285088481883,1.0,3368.893414796519,0.999998717082015,0.7251228592939474,0.9697161425176484,0.2325631973716239,0.759064277797401
1.2065000000000001,0.4639696513188871,1.0,3366.9046977495377,0.9999987243007248,0.7248867455180745,0.9696905585110782,0.23253972535539325,0.7586501824246279
1.207,0.46341079378958594,1.0,3364.9144787933783,0.9999987314774447,0.7246506488444516,0.9696649525523817,0.2325162533391626,0.7582357615376866
1.2075,0.4628519362602852,1.0,3362.9227586136226,0.9999987386124036,0.7244145692826403,0.9696393246247554,0.23249278132293197,0.7578210152306356
1.208,0.462293078730984,1.0,3360.929537898998,0.9999987457058307,0.7241785068422024,0.969613674711388,0.23246930930670132,0.7574059435975862
1.2085000000000001,0.46173422120168284,1.0,3358.934817341676,0.999998752757955,0.7239424615326997,0.9695880027954599,0.23244583729047066,0.7569905467327009
1.209,0.4611753636723821,1.0,3356.938597637128,0.9999987597690055,0.7237064333636942,0.9695623088601422,0.23242236527424004,0.7565748247301953
1.2095,0.4606165061430809,1.0,3354.9408794841665,0.9999987667392113,0.7234704223447478,0.9695365928885992,0.2323988932580094,0.7561587776843363
1.21,0.4600576486137802,1.0,3352.9416635850216,0.9999987736688012,0.7232344284854222,0.9695108548639864,0.23237542124177876,0.7557424056894424
1.2105000000000001,0.459498791084479,1.0,3350.940950645124,0.9999987805580045,0.7229984517952792,0.969485094769451,0.2323519492255481,0.7553257088398844
1.211,0.4589399335551778,1.0,3348.938741373403,0.9999987874070501,0.7227624922838808,0.969459312588132,0.23232847720931746,0.7549086872300853
1.2115,0.4583810760258771,1.0,3346.9350364820707,0.999998794216167,0.7225265499607889,0.96943350830316,0.23230500519308683,0.7544913409545199
1.212,0.4578222184965759,1.0,3344.929836686697,0.9999988009855844,0.7222906248355652,0.9694076818976577,0.23228153317685618,0.7540736701077142
1.2125000000000001,0.4572633609672745,1.0,3342.923142706216,0.9999988077155311,0.7220547169177713,0.9693818333547396,0.23225806116062553,0.7536556747842468
1.213,0.456704503437974,1.0,3340.9149552629615,0.9999988144062362,0.7218188262169697,0.9693559626575112,0.2322345891443949,0.7532373550787483
1.2135,0.45614564590867257,1.0,3338.9052750826036,0.9999988210579288,0.7215829527427218,0.9693300697890711,0.23221111712816425,0.7528187110859008
1.214,0.45558678837937205,1.0,3336.8941028942577,0.9999988276708378,0.7213470965045895,0.9693041547325086,0.23218764511193363,0.7523997429004383
1.2145000000000001,0.45502793085007065,1.0,3334.881439430197,0.9999988342451924,0.7211112575121347,0.9692782174709055,0.23216417309570297,0.7519804506171466
1.215,0.45446907332076947,1.0,3332.8672854263687,0.9999988407812216,0.7208754357749192,0.969252257987335,0.23214070107947232,0.7515608343308633
1.2155,0.45391021579146873,1.0,3330.851641621921,0.9999988472791543,0.720639631302505,0.9692262762648621,0.23211722906324167,0.7511408941364784
1.216,0.45335135826216755,1.0,3328.834508759462,0.9999988537392196,0.7204038441044538,0.9692002722865438,0.23209375704701102,0.7507206301289331
1.2165,0.4527925007328668,1.0,3326.815887584994,0.9999988601616466,0.7201680741903276,0.9691742460354289,0.2320702850307804,0.7503000424032207
1.217,0.4522336432035656,1.0,3324.795778847841,0.9999988665466643,0.7199323215696879,0.9691481974945583,0.23204681301454974,0.7498791310543855
1.2175,0.45167478567426445,1.0,3322.774183300726,0.9999988728945015,0.7196965862520969,0.969122126646964,0.2320233409983191,0.749457896177525
1.218,0.4511159281449637,1.0,3320.7511016999556,0.9999988792053875,0.7194608682471164,0.9690960334756702,0.23199986898208846,0.7490363378677878
1.2185,0.4505570706156625,1.0,3318.7265348049905,0.9999988854795513,0.7192251675643081,0.9690699179636938,0.2319763969658578,0.7486144562203736
1.219,0.44999821308636134,1.0,3316.7004833788806,0.9999988917172218,0.7189894842132339,0.9690437800940421,0.23195292494962716,0.7481922513305348
1.2195,0.4494393555570606,1.0,3314.6729481880197,0.9999988979186282,0.7187538182034559,0.969017619849715,0.23192945293339653,0.7477697232935754
1.22,0.4488804980277594,1.0,3312.6439300022535,0.9999989040839993,0.7185181695445355,0.9689914372137043,0.23190598091716588,0.7473468722048506
1.2205,0.4483216404984587,1.0,3310.613429594741,0.9999989102135644,0.7182825382460349,0.9689652321689938,0.23188250890093526,0.746923698159768
1.221,0.4477627829691575,1.0,3308.581447742246,0.9999989163075522,0.7180469243175158,0.9689390046985585,0.2318590368847046,0.7465002012537862
1.2215,0.4472039254398563,1.0,3306.5479852248163,0.999998922366192,0.7178113277685402,0.9689127547853662,0.23183556486847395,0.7460763815824163
1.222,0.4466450679105556,1.0,3304.5130428260063,0.9999989283897128,0.7175757486086697,0.9688864824123757,0.23181209285224333,0.7456522392412203
1.2225,0.4460862103812544,1.0,3302.4766213326952,0.9999989343783436,0.7173401868474664,0.9688601875625382,0.23178862083601268,0.7452277743258124
1.223,0.4455273528519532,1.0,3300.4387215353836,0.9999989403323133,0.7171046424944919,0.9688338702187967,0.23176514881978202,0.7448029869318583
1.2235,0.4449684953226525,1.0,3298.399344227943,0.9999989462518512,0.7168691155593082,0.9688075303640863,0.2317416768035514,0.7443778771550753
1.224,0.4444096377933513,1.0,3296.3584902075477,0.9999989521371859,0.7166336060514773,0.9687811679813337,0.23171820478732075,0.7439524450912329
1.2245,0.44385078026405056,1.0,3294.316160275001,0.9999989579885469,0.7163981139805609,0.9687547830534574,0.23169473277109012,0.7435266908361513
1.225,0.4432919227347494,1.0,3292.2723552345647,0.9999989638061629,0.7161626393561206,0.9687283755633684,0.23167126075485947,0.7431006144857026
1.2255,0.442733065205448,1.0,3290.22707589381,0.9999989695902631,0.7159271821877186,0.9687019454939687,0.23164778873862882,0.7426742161358111
1.226,0.44217420767614746,1.0,3288.180323063845,0.9999989753410765,0.7156917424849166,0.9686754928281536,0.2316243167223982,0.7422474958824523
1.2265,0.44161535014684605,1.0,3286.1320975593135,0.999998981058832,0.7154563202572766,0.9686490175488086,0.23160084470616754,0.7418204538216533
1.227,0.44105649261754487,1.0,3284.0824001982573,0.9999989867437589,0.7152209155143602,0.9686225196388126,0.2315773726899369,0.7413930900494924
1.2275,0.44049763508824413,1.0,3282.0312318021906,0.9999989923960859,0.7149855282657295,0.9685959990810361,0.23155390067370624,0.7409654046621005
1.228,0.43993877755894295,1.0,3279.978593196104,0.9999989980160422,0.7147501585209461,0.9685694558583409,0.23153042865747558,0.740537397755659
1.2285,0.4393799200296422,1.0,3277.9244852085417,0.9999990036038569,0.7145148062895721,0.9685428899535814,0.23150695664124496,0.7401090694264014
1.229,0.43882106250034103,1.0,3275.86890867135,0.9999990091597589,0.7142794715811691,0.968516301349604,0.2314834846250143,0.7396804197706124
1.2295,0.43826220497103985,1.0,3273.8118644200795,0.9999990146839773,0.7140441544052992,0.9684896900292465,0.23146001260878366,0.739251448884629
1.23,0.4377033474417391,1.0,3271.753353293665,0.999999020176741,0.7138088547715242,0.9684630559753392,0.23143654059255303,0.738822156864839
1.2305,0.43714448991243793,1.0,3269.6933761345354,0.9999990256382792,0.7135735726894058,0.9684363991707043,0.23141306857632238,0.7383925438076815
1.231,0.43658563238313675,1.0,3267.6319337886184,0.9999990310688209,0.7133383081685059,0.9684097195981558,0.23138959656009173,0.7379626098096477
1.2315,0.436026774853836,1.0,3265.5690271053454,0.9999990364685951,0.7131030612183864,0.9683830172404997,0.2313661245438611,0.7375323549672802
1.232,0.4354679173245348,1.0,3263.5046569376896,0.9999990418378308,0.7128678318486091,0.9683562920805346,0.23134265252763045,0.7371017793771728
1.2325,0.4349090597952341,1.0,3261.438824142169,0.999999047176757,0.712632620068736,0.96832954410105,0.23131918051139982,0.7366708831359712
1.233,0.4343502022659329,1.0,3259.371529578637,0.9999990524856028,0.7123974258883287,0.9683027732848285,0.23129570849516917,0.7362396663403719
1.2335,0.4337913447366317,1.0,3257.3027741106434,0.9999990577645972,0.7121622493169492,0.9682759796146435,0.23127223647893852,0.7358081290871233
1.234,0.433232487207331,1.0,3255.232558605224,0.9999990630139692,0.7119270903641594,0.9682491630732623,0.2312487644627079,0.7353762714730255
1.2345,0.4326736296780298,1.0,3253.1608839328305,0.9999990682339479,0.711691949039521,0.9682223236434422,0.23122529244647724,0.7349440935949294
1.235,0.4321147721487286,1.0,3251.087750967624,0.9999990734247624,0.7114568253525959,0.9681954613079337,0.2312018204302466,0.7345115955497374
1.2355,0.4315559146194279,1.0,3249.013160587154,0.9999990785866414,0.7112217193129461,0.968168576049479,0.23117834841401597,0.734078777434404
1.236,0.4309970570901267,1.0,3246.9371136725417,0.9999990837198143,0.7109866309301333,0.9681416678508128,0.2311548763977853,0.7336456393459343
1.2365,0.43043819956082596,1.0,3244.8596111085208,0.9999990888245098,0.7107515602137193,0.968114736694661,0.2311314043815547,0.7332121813813851
1.237,0.4298793420315248,1.0,3242.7806537832244,0.9999990939009573,0.710516507173266,0.9680877825637426,0.23110793236532404,0.7327784036378643
1.2375,0.4293204845022236,1.0,3240.7002425884402,0.9999990989493855,0.7102814718183353,0.9680608054407674,0.23108446034909338,0.7323443062125319
1.238,0.42876162697292286,1.0,3238.6183784195086,0.9999991039700237,0.7100464541584892,0.9680338053084386,0.23106098833286276,0.7319098892025986
1.2385,0.42820276944362146,1.0,3236.535062175287,0.9999991089631006,0.7098114542032893,0.9680067821494507,0.2310375163166321,0.7314751527053263
1.239,0.4276439119143203,1.0,3234.4502947581936,0.9999991139288456,0.7095764719622973,0.9679797359464904,0.23101404430040146,0.7310400968180286
1.2395,0.42708505438501954,1.0,3232.3640770742777,0.9999991188674874,0.7093415074450755,0.9679526666822365,0.2309905722841708,0.7306047216380706
1.24,0.42652619685571835,1.0,3230.2764100329796,0.9999991237792553,0.7091065606611856,0.96792557433936,0.23096710026794015,0.7301690272628684
1.2405,0.4259673393264176,1.0,3228.1872945475566,0.9999991286643781,0.7088716316201893,0.9678984589005243,0.23094362825170953,0.7297330137898892
1.241,0.42540848179711643,1.0,3226.096731534626,0.999999133523085,0.7086367203316484,0.9678713203483839,0.23092015623547887,0.7292966813166515
1.2415,0.42484962426781525,1.0,3224.004721914527,0.9999991383556049,0.708401826805125,0.9678441586655867,0.23089668421924825,0.728860029940726
1.242,0.4242907667385145,1.0,3221.911266611071,0.999999143162167,0.7081669510501808,0.9678169738347718,0.2308732122030176,0.7284230597597334
1.2425,0.42373190920921333,1.0,3219.816366551655,0.999999147943,0.7079320930763776,0.9677897658385708,0.23084974018678694,0.7279857708713464
1.243,0.42317305167991215,1.0,3217.720022667407,0.9999991526983334,0.7076972528932773,0.9677625346596078,0.2308262681705563,0.7275481633732888
1.2435,0.4226141941506114,1.0,3215.622235892907,0.9999991574283958,0.707462430510442,0.9677352802804977,0.23080279615432567,0.7271102373633356
1.244,0.42205533662131023,1.0,3213.5230071663987,0.9999991621334164,0.7072276259374332,0.9677080026838497,0.23077932413809502,0.7266719929393126
1.2445,0.4214964790920095,1.0,3211.422337429729,0.9999991668136243,0.7069928391838128,0.967680701852263,0.2307558521218644,0.7262334301990977
1.245,0.4209376215627083,1.0,3209.320227628205,0.9999991714692485,0.7067580702591427,0.9676533777683302,0.23073238010563374,0.725794549240619
1.2455,0.4203787640334071,1.0,3207.216678710955,0.9999991761005179,0.7065233191729849,0.9676260304146361,0.2307089080894031,0.7253553501618569
1.246,0.4198199065041064,1.0,3205.111691630648,0.9999991807076617,0.7062885859349011,0.9675986597737569,0.23068543607317246,0.7249158330608418
1.2465,0.4192610489748052,1.0,3203.005267343496,0.9999991852909088,0.7060538705544531,0.9675712658282619,0.2306619640569418,0.7244759980356563
1.247,0.418702191445504,1.0,3200.897406809331,0.9999991898504883,0.7058191730412029,0.9675438485607115,0.23063849204071116,0.7240358451844333
1.2475,0.4181433339162033,1.0,3198.78811099175,0.9999991943866292,0.7055844934047122,0.9675164079536598,0.23061502002448053,0.7235953746053573
1.248,0.4175844763869021,1.0,3196.6773808578328,0.9999991988995605,0.705349831654543,0.9674889439896518,0.23059154800824988,0.7231545863966642
1.2485,0.41702561885760137,1.0,3194.565217378362,0.9999992033895113,0.7051151878002571,0.9674614566512252,0.23056807599201926,0.7227134806566401
1.249,0.4164667613283002,1.0,3192.4516214109995,0.999999207856705,0.7048805618523966,0.9674339459210243,0.2305446039757886,0.7222720574854684
1.2495,0.415907903798999,1.0,3190.3365804956857,0.9999992122999225,0.7046459539335066,0.9674064117947472,0.23052113195955795,0.7218303171943613
1.25,0.41534904626969826,1.0,3188.220088903091,0.9999992167182538,0.7044113641097043,0.9673788542615204,0.23049765994332733,0.7213882599888846
1.2505,0.4147901887403971,1.0,3186.102147638246,0.9999992211118306,0.7041767923905546,0.9673512733038996,0.23047418792709667,0.7209458859683004
1.2510000000000001,0.4142313312110957,1.0,3183.982757710154,0.9999992254807848,0.7039422387856225,0.9673236689044341,0.23045071591086602,0.7205031952319216
1.2515,0.41367247368179516,1.0,3181.8619201313,0.999999229825248,0.7037077033044731,0.9672960410456645,0.2304272438946354,0.7200601878791131
1.252,0.41311361615249376,1.0,3179.7396359178674,0.9999992341453521,0.7034731859566714,0.967268389710124,0.23040377187840472,0.7196168640092897
1.2525,0.412554758623193,1.0,3177.61590608992,0.9999992384412286,0.7032386867517824,0.9672407148803378,0.2303802998621741,0.7191732237219173
1.2530000000000001,0.41199590109389184,1.0,3175.4907316710137,0.9999992427130093,0.703004205699371,0.9672130165388243,0.23035682784594344,0.7187292671165131
1.2535,0.41143704356459065,1.0,3173.364113688557,0.999999246960826,0.7027697428090026,0.9671852946680936,0.23033335582971282,0.7182849942926453
1.254,0.4108781860352899,1.0,3171.2360531736376,0.9999992511848104,0.702535298090242,0.9671575492506483,0.23030988381348216,0.7178404053499323
1.2545,0.41031932850598873,1.0,3169.106551160952,0.9999992553850942,0.7023008715526542,0.9671297802689838,0.2302864117972515,0.7173955003880443
1.2550000000000001,0.40976047097668755,1.0,3166.9756086891334,0.9999992595618091,0.7020664632058042,0.9671019877055872,0.23026293978102086,0.7169502795067015
1.2555,0.4092016134473868,1.0,3164.843226800361,0.9999992637150869,0.7018320730592572,0.9670741715429381,0.23023946776479023,0.7165047428056757
1.256,0.40864275591808563,1.0,3162.7094065405804,0.9999992678450592,0.7015977011225781,0.9670463317635086,0.23021599574855958,0.7160588903847889
1.2565,0.4080838983887849,1.0,3160.574148959575,0.999999271951858,0.701363347405332,0.9670184683497643,0.23019252373232896,0.7156127223439145
1.2570000000000001,0.4075250408594837,1.0,3158.437455110725,0.9999992760356147,0.7011290119170838,0.966990581284161,0.2301690517160983,0.7151662387829762
1.2575,0.40696618333018253,1.0,3156.2993260511853,0.9999992800964612,0.7008946946673986,0.9669626705491492,0.23014557969986765,0.7147194398019493
1.258,0.4064073258008818,1.0,3154.1597628419627,0.9999992841345293,0.7006603956658416,0.96693473612717,0.23012210768363703,0.7142723255008594
1.2585,0.4058484682715806,1.0,3152.0187665476005,0.9999992881499505,0.7004261149219776,0.9669067780006579,0.23009863566740638,0.7138248959797826
1.2590000000000001,0.4052896107422794,1.0,3149.8763382366756,0.9999992921428568,0.7001918524453716,0.96687879615204,0.23007516365117572,0.7133771513388463
1.2595,0.4047307532129787,1.0,3147.732478789251,0.9999992961133735,0.6999576082472141,0.9668507905639289,0.2300516916349451,0.7129290916813384
1.26,0.4041718956836775,1.0,3145.5871888411266,0.9999993000616211,0.6997233823407986,0.966822761219183,0.23002821961871445,0.7124807171146357
1.2605,0.40361303815437677,1.0,3143.440469237997,0.9999993039877233,0.6994891747376778,0.9667947081004454,0.23000474760248382,0.7120320277428509
1.2610000000000001,0.4030541806250756,1.0,3141.2923208255615,0.999999307891803,0.699254985449439,0.9667666311903578,0.22998127558625317,0.711583023670226
1.2615,0.4024953230957744,1.0,3139.142744453584,0.999999311773983,0.6990208144876695,0.9667385304715538,0.22995780357002252,0.7111337050010655
1.262,0.40193646556647367,1.0,3136.991740975933,0.9999993156343863,0.6987866618639568,0.9667104059266616,0.2299343315537919,0.7106840718397376
1.2625,0.4013776080371725,1.0,3134.839311250695,0.9999993194731355,0.6985525275898877,0.9666822575383026,0.22991085953756124,0.7102341242906716
1.2630000000000001,0.4008187505078711,1.0,3132.685456027716,0.9999993232903445,0.6983184116780019,0.966654085289205,0.2298873875213306,0.7097838624601929
1.2635,0.40025989297857056,1.0,3130.5301762900326,0.9999993270861467,0.6980843141388964,0.9666258891618589,0.22986391550509996,0.7093332864509547
1.264,0.39970103544926916,1.0,3128.373472870821,0.9999993308606635,0.6978502349844738,0.9665976691389033,0.22984044348886928,0.7088823963681835
1.2645,0.39914217791996864,1.0,3126.2153465475612,0.9999993346140114,0.6976161742271468,0.9665694252030328,0.2298169714726387,0.708431192318153
1.2650000000000001,0.39858332039066724,1.0,3124.0557981016495,0.9999993383463066,0.6973821318793282,0.966541157336935,0.229793499456408,0.7079796744072056
1.2655,0.39802446286136606,1.0,3121.8948283191053,0.9999993420576656,0.697148107953431,0.9665128655232924,0.22977002744017738,0.7075278427417515
1.266,0.3974656053320653,1.0,3119.7324379900165,0.9999993457482047,0.6969141024618678,0.9664845497447799,0.22974655542394673,0.7070756974282679
1.2665,0.39690674780276414,1.0,3117.568627908788,0.9999993494180403,0.6966801154170514,0.9664562099840678,0.22972308340771608,0.7066232385732997
1.2670000000000001,0.39634789027346295,1.0,3115.403398874183,0.9999993530672888,0.6964461468313947,0.9664278462238193,0.22969961139148543,0.7061704662834594
1.2675,0.3957890327441622,1.0,3113.236751689188,0.9999993566960665,0.6962121967173107,0.9663994584466913,0.2296761393752548,0.7057173806654276
1.268,0.39523017521486103,1.0,3111.0686871610874,0.9999993603044899,0.695978265087212,0.9663710466353354,0.22965266735902415,0.7052639818259516
1.2685,0.3946713176855603,1.0,3108.899206071157,0.999999363892672,0.6957443519537705,0.9663426107724274,0.22962919534279352,0.70481026987235
1.2690000000000001,0.3941124601562591,1.0,3106.7283091970376,0.9999993674607263,0.6955104573297244,0.9663141508406468,0.22960572332656287,0.7043562449121379
1.2695,0.39355360262695793,1.0,3104.55599736864,0.9999993710087722,0.6952765812274051,0.966285666822616,0.22958225131033222,0.7039019070521102
1.27,0.3929947450976572,1.0,3102.382271335923,0.9999993745369192,0.6950427236598626,0.9662571587010393,0.2295587792941016,0.7034472564005265
1.2705,0.392435887568356,1.0,3100.2071318530657,0.9999993780452767,0.6948088846401469,0.9662286264586156,0.22953530727787094,0.702992293065717
1.2710000000000001,0.39187703003905483,1.0,3098.0305796788894,0.9999993815339545,0.6945750641813079,0.9662000700780371,0.2295118352616403,0.7025370171560836
1.2715,0.3913181725097541,1.0,3095.852615576515,0.9999993850030617,0.6943412622963958,0.9661714895419913,0.22948836324540967,0.7020814287800998
1.272,0.3907593149804529,1.0,3093.6732403135775,0.9999993884527081,0.6941074789984606,0.9661428848331587,0.229464891229179,0.70162552804631
1.2725,0.39020045745115217,1.0,3091.4924546621983,0.9999993918830031,0.6938737143005523,0.9661142559342152,0.2294414192129484,0.7011693150633296
1.2730000000000001,0.389641599921851,1.0,3089.310259398813,0.9999993952940562,0.6936399682157209,0.9660856028278303,0.22941794719671774,0.7007127899398455
1.2735,0.3890827423925498,1.0,3087.126655304458,0.999999398685977,0.6934062407570166,0.9660569254966682,0.22939447518048708,0.7002559527846159
1.274,0.38852388486324907,1.0,3084.9416431483355,0.9999994020588732,0.6931725319376284,0.9660282239234038,0.22937100316425646,0.6997988037067422
1.2745,0.3879650273339479,0.0,3082.749351231988,0.9977727231885839,0.692938891997952,0.9658533742425777,0.2293475311480258,0.6993414411752379
1.2750000000000001,0.3874061698046465,0.0,3080.495773735511,0.9921760637068227,0.6927057830899421,0.9654528391722691,0.22932405913179515,0.6988847712169461
1.2755,0.38684731227534597,0.0,3078.171518313726,0.9866107960853058,0.6924732861887789,0.9650478508436474,0.22930058711556453,0.6984289550142581
1.276,0.38628845474604456,0.0,3075.780153988023,0.9810767453824465,0.692241371427371,0.9646383609077539,0.22927711509933385,0.6979739366680312
1.2765,0.38572959721674405,0.0,3073.3251957383004,0.9755737368591307,0.6920100093750872,0.964224320505093,0.22925364308310325,0.697519660953017
1.2770000000000001,0.38517073968744264,0.0,3070.8079681737536,0.9701016134086593,0.6917791893429324,0.9638056839006208,0.22923017106687257,0.6970661093045283
1.2775,0.38461188215814146,0.0,3068.231327977296,0.9646602062522506,0.6915488875065743,0.9633824023720278,0.22920669905064195,0.6966132372498981
1.278,0.3840530246288407,0.0,3065.604005774202,0.959249295519113,0.6913190296373302,0.9629544161335156,0.2291832270344113,0.6961609009437517
1.2785,0.38349416709953954,0.0,3062.9275932304486,0.9538687174455714,0.6910896026485756,0.9625216767792533,0.22915975501818064,0.6957090765567127
1.2790000000000001,0.38293530957023836,0.0,3060.2036806073456,0.9485183082679489,0.6908605934536866,0.9620841354248777,0.22913628300195,0.6952577401791873
1.2795,0.3823764520409376,0.0,3057.4338566387255,0.9431979042225752,0.690631988966039,0.961641742700953,0.22911281098571937,0.6948068678217186
1.28,0.38181759451163644,0.0,3054.6197084113805,0.9379073415457734,0.6904037760990086,0.9611944487462485,0.22908933896948872,0.6943564354153291
1.2805,0.3812587369823357,0.0,3051.7628212497375,0.9326464564738683,0.6901759417659714,0.9607422032008409,0.2290658669532581,0.6939064188118536
1.281,0.3806998794530345,0.0,3048.8647786038205,0.9274150852431853,0.6899484728803033,0.9602849551990249,0.22904239493702744,0.6934567937842601
1.2815,0.38014102192373334,0.0,3045.9271619418005,0.9222130640900473,0.6897213563553799,0.9598226533620319,0.22901892292079679,0.6930075360269606
1.282,0.3795821643944326,0.0,3042.9515506454436,0.917040229250784,0.6894945791045773,0.9593552457905506,0.22899545090456616,0.692558621156111
1.2825,0.3790233068651314,0.0,3039.9395219098424,0.9118964169617183,0.6892681280412714,0.9588826800570391,0.2289719788883355,0.6921100247098988
1.283,0.3784644493358307,0.0,3036.89265064708,0.9067814634591753,0.6890419900788378,0.9584049031978287,0.22894850687210488,0.6916617221488215
1.2835,0.3779055918065295,0.0,3033.8125093932445,0.9016952049794781,0.6888161521306526,0.9579218617050071,0.22892503485587423,0.691213688855953
1.284,0.3773467342772283,0.0,3030.7006682196543,0.8966374777589562,0.6885906011100916,0.9574335015180792,0.22890156283964358,0.6907659001372001
1.2845,0.3767878767479276,0.0,3027.558694647603,0.8916081180339327,0.6883653239305307,0.9569397680153934,0.22887809082341296,0.6903183312215464
1.285,0.3762290192186264,0.0,3024.3879773357226,0.8866069659006146,0.6881403090271252,0.9564406066044848,0.2288546188071823,0.689870960287956
1.2855,0.3756701616893252,0.0,3021.1875982621614,0.8816339005144143,0.6879155647438646,0.9559359690126429,0.22883114679095165,0.6894238050728924
1.286,0.3751113041600245,0.0,3017.960753519508,0.876688705133245,0.6876910638828333,0.9554257918448641,0.22880767477472103,0.6889768125681234
1.2865,0.3745524466307233,0.0,3014.7078768011793,0.8717712302785323,0.687466803083538,0.9549100211436458,0.22878420275849037,0.688529977121097
1.287,0.37399358910142255,0.0,3011.4294013494023,0.8668813264717034,0.6872427789854852,0.9543886025076354,0.22876073074225975,0.6880832930589221
1.2875,0.37343473157212137,0.0,3008.1257599371766,0.8620188442341835,0.6870189882281816,0.9538614810869662,0.2287372587260291,0.6876367546884212
1.288,0.3728758740428202,0.0,3004.7973848509746,0.8571836340874047,0.686795427451134,0.953328601578445,0.22871378670979844,0.6871903562961803
1.2885,0.37231701651351945,0.0,3001.444707873408,0.8523755465527921,0.6865720932938488,0.9527899082205842,0.22869031469356782,0.6867440921485977
1.289,0.37175815898421827,0.0,2998.0681602661507,0.8475944321517733,0.6863489823958329,0.9522453447884719,0.22866684267733717,0.6862979564919338
1.2895,0.37119930145491686,0.0,2994.668172753386,0.8428401414057737,0.6861260913965925,0.95169485458848,0.22864337066110652,0.6858519435523591
1.29,0.3706404439256161,0.0,2991.2451755049524,0.8381125248362248,0.6859034169356348,0.9511383804527952,0.22861989864487586,0.6854060475360024
1.2905,0.37008158639631494,0.0,2987.799598120532,0.8334114329645521,0.6856809556524663,0.950575864733774,0.2285964266286452,0.6849602626289961
1.291,0.3695227288670142,0.0,2984.3318696132656,0.828736716312183,0.6854587041865935,0.9500072492981128,0.22857295461241459,0.6845145829975227
1.2915,0.368963871337713,0.0,2980.842418394129,0.824088225400543,0.6852366591775231,0.9494324755208249,0.22854948259618393,0.6840690027878611
1.292,0.36840501380841184,0.0,2977.3316722563923,0.8194658107510637,0.6850148172647618,0.9488514842790243,0.22852601057995328,0.6836235161264305
1.2925,0.3678461562791111,0.0,2973.800058360536,0.8148693228851706,0.6847931750878162,0.9482642159454983,0.22850253856372266,0.6831781171198339
1.293,0.3672872987498099,0.0,2970.248003218967,0.8102986123242909,0.6845717292861929,0.9476706103820735,0.228479066547492,0.682732799854902
1.2935,0.36672844122050874,0.0,2966.674651088553,0.8057536088205731,0.6843504876732392,0.9470706188548559,0.22845559453126135,0.6822875808924684
1.294,0.366169583691208,0.0,2963.0814193433116,0.801234076996225,0.6841294382528147,0.9464641682745574,0.22843212251503073,0.6818424369308598
1.2945,0.3656107261619068,0.0,2959.468590139806,0.7967398644415149,0.6839085789115891,0.9458511967754548,0.22840865049880008,0.6813973645226686
1.295,0.3650518686326061,0.0,2955.83618242292,0.7922708366389158,0.6836879098322571,0.9452316447122033,0.22838517848256945,0.6809523648396483
1.2955,0.3644930111033049,0.0,2952.184215429451,0.7878268590708986,0.6834674311975136,0.9446054520487626,0.2283617064663388,0.6805074390538879
1.296,0.3639341535740037,0.0,2948.5127086890184,0.78340779721994,0.6832471431900536,0.9439725583559654,0.22833823445010815,0.6800625883378113
1.2965,0.363375296044703,0.0,2944.821682024905,0.7790135165685109,0.6830270459925719,0.9433329028089652,0.22831476243387752,0.6796178138641737
1.297,0.3628164385154018,0.0,2941.111155554521,0.7746438825990842,0.6828071397877633,0.9426864241845572,0.22829129041764687,0.6791731168060602
1.2975,0.3622575809861006,0.0,2937.381149690586,0.7702987607941308,0.6825874247583225,0.9420330608583716,0.22826781840141622,0.6787284983368826
1.298,0.3616987234567999,0.0,2933.631685141599,0.7659780166361274,0.6823679010869446,0.9413727508019232,0.2282443463851856,0.6782839596303794
1.2985,0.3611398659274987,0.0,2929.862782912644,0.7616815156075449,0.6821485689563244,0.9407054315795239,0.22822087436895494,0.6778395018606107
1.299,0.36058100839819796,0.0,2926.074464306405,0.7574091231908562,0.6819294285491566,0.9400310403450406,0.22819740235272432,0.6773951262019577
1.2995,0.3600221508688968,0.0,2922.2667509236376,0.7531607048685323,0.6817104800481361,0.9393495138384991,0.22817393033649366,0.6769508338291199
1.3,0.3594632933395956,0.0,2918.439664664147,0.7489361261230496,0.6814917236359579,0.9386607883825278,0.228150458320263,0.6765066259171142
1.3005,0.35890443581029485,0.0,2914.593227727501,0.7447352524368794,0.6812731594953167,0.9379647998786264,0.2281269863040324,0.6760625036412697
1.301,0.35834557828099367,0.0,2910.7274626137028,0.7405579492924943,0.6810547878089075,0.9372614838032653,0.22810351428780173,0.6756184681772288
1.3015,0.35778672075169227,0.0,2906.8423921242456,0.7364040821723654,0.680836608759425,0.9365507752037964,0.22808004227157108,0.6751745207009427
1.302,0.35722786322239175,0.0,2902.938039362585,0.7322735165589693,0.6806186225295641,0.9358326086941802,0.22805657025534046,0.6747306623886701
1.3025,0.35666900569309035,0.0,2899.0144277350555,0.7281661179347769,0.6804008293020197,0.9351069184505092,0.22803309823910978,0.6742868944169746
1.303,0.35611014816378983,0.0,2895.0715809518547,0.7240817517822611,0.6801832292594866,0.9343736382063322,0.22800962622287918,0.673843217962723
1.3035,0.3555512906344884,0.0,2891.1093595039506,0.7200203142431411,0.6799658240288847,0.9336327068389869,0.2279861542066485,0.6733996371507948
1.304,0.35499243310518724,0.0,2887.1276054608356,0.7159816822696571,0.6797486154066247,0.9328840598254964,0.22796268219041785,0.6729561564605422
1.3045,0.3544335755758865,0.0,2883.126492968173,0.7119656742842545,0.6795316022594061,0.9321276212824876,0.22793921017418722,0.6725127743927823
1.305,0.3538747180465853,0.0,2879.105913226014,0.7079721701518893,0.6793147859571961,0.9313633259746226,0.22791573815795657,0.6720694945609726
1.3055,0.35331586051728414,0.0,2875.0657581231917,0.7040010497375153,0.6790981678699616,0.9305911083750664,0.22789226614172592,0.6716263205854103
1.306,0.3527570029879834,0.0,2871.0059202432217,0.7000521929060918,0.6788817493676699,0.9298109026658544,0.2278687941254953,0.6711832560932144
1.3065,0.3521981454586822,0.0,2866.9262928703747,0.6961254795225729,0.6786655318202878,0.9290226427381539,0.22784532210926464,0.6707403047183085
1.307,0.3516392879293815,0.0,2862.8267699957605,0.692220789451914,0.6784495165977826,0.9282262621924231,0.22782185009303402,0.6702974701014042
1.3075,0.3510804304000803,0.0,2858.7072463235213,0.6883380025590694,0.6782337050701212,0.9274216943384512,0.22779837807680337,0.6698547558899817
1.308,0.3505215728707791,0.0,2854.567617276827,0.6844769987089983,0.6780180986072707,0.9266088721952841,0.2277749060605727,0.6694121657382741
1.3085,0.3499627153414784,0.0,2850.4077790042543,0.6806376577666545,0.6778026985791982,0.9257877284910127,0.2277514340443421,0.668969703307248
1.309,0.3494038578121772,0.0,2846.2276283858996,0.6768198595969939,0.6775875063558707,0.9249581956624366,0.22772796202811144,0.6685273722645864
1.3095,0.348845000282876,0.0,2842.0270630398045,0.6730234840649705,0.6773725233072554,0.9241202058545838,0.22770449001188078,0.6680851762846701
1.31,0.3482861427535753,0.0,2837.8059813282907,0.6692484110355433,0.6771577508033192,0.9232736909200816,0.22768101799565016,0.6676431190485594
1.3105,0.3477272852242741,0.0,2833.564282363996,0.6654945203736666,0.6769431902140293,0.9224185824183704,0.2276575459794195,0.6672012042439768
1.311,0.34716842769497336,0.0,2829.3018660169296,0.6617616919442959,0.6767288429093526,0.9215548116147624,0.22763407396318888,0.666759435565287
1.3115,0.3466095701656722,0.0,2825.018632920223,0.6580498056123855,0.6765147102592564,0.9206823094793196,0.22761060194695823,0.6663178167134794
1.312,0.346050712636371,0.0,2820.71448447717,0.6543587412428942,0.6763007936337075,0.9198010066855677,0.22758712993072758,0.6658763513961493
1.3125,0.34549185510707026,0.0,2816.3893228675606,0.6506883787007761,0.6760870944026731,0.9189108336090113,0.22756365791449695,0.6654350433274783
1.313,0.3449329975777691,0.0,2812.043051054068,0.6470385978509872,0.6758736139361203,0.9180117203254676,0.2275401858982663,0.6649938962282169
1.3135000000000001,0.34437414004846767,0.0,2807.675485908408,0.6434093165292365,0.6756603543826591,0.9171036057662763,0.22751671388203565,0.664552915436281
1.314,0.34381528251916715,0.0,2803.286524328807,0.639800401277362,0.6754473171827047,0.9161864166672525,0.22749324186580502,0.6641121048344902
1.3145,0.34325642498986575,0.0,2798.8761093659336,0.6362117037206872,0.6752345033698466,0.9152600755310702,0.22746976984957434,0.6636714674699293
1.315,0.34269756746056523,0.0,2794.444100658932,0.6326431164151952,0.6750219147332246,0.9143245144405193,0.22744629783334375,0.6632310079602693
1.3155000000000001,0.34213870993126383,0.0,2789.9903588136485,0.6290945319168678,0.6748095530619787,0.9133796653674136,0.22742282581711307,0.6627907309319194
1.316,0.34157985240196265,0.0,2785.514745412068,0.6255658427816914,0.6745974201452486,0.9124254601765983,0.22739935380088241,0.6623506410200004
1.3165,0.3410209948726619,0.0,2781.0171230211504,0.6220569415656475,0.6743855177721744,0.911461830629861,0.2273758817846518,0.6619107428683196
1.317,0.3404621373433607,0.0,2776.497355201744,0.6185677208247196,0.6741738477318958,0.910488708389742,0.22735240976842114,0.6614710411293437
1.3175000000000001,0.33990327981405954,0.0,2771.9553065182618,0.6150980731148892,0.6739624118135524,0.9095060250232352,0.22732893775219049,0.6610315404641722
1.318,0.3393444222847588,0.0,2767.3908425474033,0.6116478909921427,0.6737512118062846,0.90851371200537,0.22730546573595986,0.6605922455425135
1.3185,0.3387855647554576,0.0,2762.803829887774,0.6082170670124618,0.6735402494992317,0.9075117007226682,0.2272819937197292,0.6601531610426535
1.319,0.3382267072261569,0.0,2758.1941361692493,0.6048054937318297,0.673329526681534,0.9064999224764682,0.22725852170349858,0.6597142916514331
1.3195000000000001,0.3376678496968557,0.0,2753.5616300623033,0.6014130637062283,0.673119045142331,0.905478308486108,0.22723504968726793,0.6592756420642174
1.32,0.3371089921675545,0.0,2748.906181287844,0.5980396694916438,0.6729088066707628,0.9044467898919607,0.22721157767103728,0.6588372169848711
1.3205,0.3365501346382538,0.0,2744.2276606264213,0.5946852036440577,0.6726988130559691,0.9034052977583087,0.22718810565480665,0.6583990211257289
1.321,0.3359912771089526,0.0,2739.525939928171,0.5913495587194537,0.6724890660870898,0.9023537630760577,0.227164633638576,0.6579610592075682
1.3215000000000001,0.3354324195796514,0.0,2734.8008921224946,0.5880326272738132,0.6722795675532647,0.9012921167652707,0.22714116162234535,0.6575233359595816
1.322,0.3348735620503507,0.0,2730.0523912279805,0.5847343018631226,0.6720703192436337,0.9002202896775265,0.22711768960611473,0.6570858561193484
1.3225,0.3343147045210495,0.0,2725.2803123619965,0.5814544750433635,0.6718613229473367,0.8991382125980807,0.22709421758988407,0.656648624432806
1.323,0.33375584699174876,0.0,2720.484531751045,0.5781930393705192,0.6716525804535135,0.8980458162478299,0.22707074557365345,0.6562116456542206
1.3235000000000001,0.3331969894624476,0.0,2715.664884454228,0.5749499305140202,0.6714440939366472,0.8969430452199814,0.2270472735574228,0.655774925353601
1.324,0.3326381319331464,0.0,2710.8212585453048,0.5717250095885082,0.6712358650993562,0.8958298204984333,0.22702380154119214,0.655338468121911
1.3245,0.33207927440384566,0.0,2705.9535348406703,0.5685181559874642,0.6710278957206135,0.8947060684591365,0.22700032952496152,0.6549022787180883
1.325,0.3315204168745445,0.0,2701.061574613143,0.5653292736172228,0.6708201877684434,0.8935717234381045,0.22697685750873087,0.6544663623061134
1.3255000000000001,0.3309615593452433,0.0,2696.1452403677035,0.5621582663841174,0.6706127432108704,0.8924267199459158,0.22695338549250021,0.6540307240590943
1.326,0.33040270181594256,0.0,2691.2043958530107,0.5590050381944853,0.6704055640159188,0.8912709926759379,0.2269299134762696,0.6535953691592328
1.3265,0.32984384428664115,0.0,2686.2389060726755,0.55586949295466,0.6701986521516129,0.8901044765124241,0.2269064414600389,0.6531603027977908
1.327,0.32928498675734064,0.0,2681.248637297272,0.5527515345709761,0.6699920095859773,0.8889271065384919,0.2268829694438083,0.6527255301750583
1.3275000000000001,0.32872612922803923,0.0,2676.2334570754965,0.549651066949767,0.6697856382870362,0.8877388180439574,0.22685949742757763,0.6522910565003186
1.328,0.32816727169873805,0.0,2671.193234246607,0.5465679939973699,0.6695795402228141,0.886539546533025,0.22683602541134698,0.6518568869918147
1.3285,0.3276084141694373,0.0,2666.1278389518484,0.5435022196201184,0.6693737173613352,0.8853292277318155,0.22681255339511636,0.6514230268767147
1.329,0.32704955664013613,0.0,2661.037142646453,0.540453647724347,0.6691681716706241,0.8841077975957293,0.2267890813788857,0.650989481391079
1.3295000000000001,0.32649069911083495,0.0,2655.9210181119156,0.5374221822163892,0.6689629051187052,0.8828751923166371,0.22676560936265505,0.6505562557798233
1.33,0.3259318415815342,0.0,2650.7793394680025,0.5344077270025821,0.6687579196736027,0.8816313483298771,0.22674213734642443,0.6501233552966854
1.3305,0.325372984052233,0.0,2645.6119821848442,0.5314101859892594,0.668553217303341,0.8803762023210601,0.22671866533019377,0.6496907852041893
1.331,0.3248141265229323,0.0,2640.4188230955688,0.5284294630827555,0.6683487999759448,0.8791096912326654,0.22669519331396315,0.64925855077361
1.3315000000000001,0.3242552689936311,0.0,2635.199740408307,0.5254654621894039,0.668144669659438,0.8778317522704207,0.2266717212977325,0.6488266572849377
1.332,0.3236964114643299,0.0,2629.954613718997,0.5225180872155419,0.6679408283218452,0.876542322909461,0.22664824928150185,0.6483951100268422
1.3325,0.3231375539350292,0.0,2624.683324023789,0.5195872420675031,0.667737277931191,0.8752413409002372,0.22662477726527122,0.6479639142966371
1.333,0.322578696405728,0.0,2619.385753731697,0.5166728306516217,0.6675340204554995,0.8739287442741929,0.22660130524904057,0.6475330754002415
1.3335000000000001,0.3220198388764268,0.0,2614.061795853758,0.5137748033557081,0.6673310577775635,0.8726044913336992,0.22657783323280992,0.6471025984713177
1.334,0.3214609813471261,0.0,2608.711305061104,0.5108930192656649,0.6671283921496737,0.8712685020988985,0.2265543612165793,0.6466724894360286
1.3345,0.3209021238178249,0.0,2603.3341606923796,0.5080273808340477,0.6669260256092101,0.8699207149055677,0.22653088920034864,0.6462427537739905
1.335,0.32034326628852416,0.0,2597.930247684353,0.5051778021184954,0.6667239601553372,0.8685610735588807,0.22650741718411802,0.6458133968924067
1.3355000000000001,0.319784408759223,0.0,2592.4994524660488,0.5023441971766452,0.6665221977872192,0.8671895224352365,0.22648394516788736,0.6453844242070583
1.336,0.3192255512299218,0.0,2587.041662972517,0.49952648006613837,0.6663207405040209,0.8658060064942729,0.2264604731516567,0.6449558411422673
1.3365,0.31866669370062106,0.0,2581.556768658188,0.49672456484461225,0.6661195903049066,0.864410471290671,0.22643700113542609,0.6445276531308566
1.337,0.3181078361713199,0.0,2576.0446605104376,0.49393836556970555,0.6659187491890408,0.8630028629857518,0.22641352911919543,0.6440998656141104
1.3375000000000001,0.3175489786420187,0.0,2570.505231063179,0.4911677962990556,0.6657182191555878,0.861583128358836,0.22639005710296478,0.6436724840417359
1.338,0.31699012111271796,0.0,2564.9383744107345,0.4884127710903036,0.6655180022037124,0.8601512148183671,0.22636658508673416,0.6432455138718247
1.3385,0.3164312635834168,0.0,2559.3439862215737,0.4856732040010869,0.6653181003325788,0.8587070704127797,0.2263431130705035,0.6428189605708106
1.339,0.31587240605411604,0.0,2553.721963752297,0.48294900908904415,0.6651185155413516,0.8572506438411036,0.22631964105427288,0.6423928296134312
1.3395000000000001,0.31531354852481486,0.0,2548.0722058615843,0.48024010041181286,0.664919249829195,0.8557818844632876,0.22629616903804223,0.641967126482687
1.34,0.31475469099551345,0.0,2542.3946130242907,0.477546392027034,0.6647203051952738,0.8543007423102402,0.22627269702181155,0.6415418566698012
1.3405,0.3141958334662127,0.0,2536.6890873458287,0.474867797992345,0.6645216836387524,0.8528071680935553,0.22624922500558092,0.6411170256741795
1.341,0.31363697593691153,0.0,2530.9555325760584,0.47220423236538467,0.6643233871587951,0.8513011132149363,0.22622575298935027,0.6406926390033669
1.3415000000000001,0.31307811840761035,0.0,2525.1938541240047,0.46955560920379025,0.6641254177545665,0.8497825297752911,0.22620228097311962,0.6402687021730087
1.342,0.3125192608783096,0.0,2519.4039590722136,0.4669218425652029,0.6639277774252309,0.8482513705834788,0.226178808956889,0.6398452207068076
1.3425,0.31196040334900843,0.0,2513.5857561911666,0.46430284650726006,0.663730468169953,0.8467075891647162,0.22615533694065834,0.6394222001364827
1.343,0.3114015458197077,0.0,2507.7391559540715,0.4616985350876004,0.6635334919878971,0.8451511397686151,0.22613186492442772,0.6389996460017269
1.3435000000000001,0.3108426882904065,0.0,2501.8642254323227,0.45910888937724514,0.6633368494077677,0.8435820149734214,0.22610839290819706,0.6385775606929589
1.344,0.31028383076110533,0.0,2495.960670918923,0.456533745330417,0.6631405443971102,0.8420001277760939,0.2260849208919664,0.6381559539889182
1.3445,0.3097249732318046,0.0,2490.028419088951,0.4539730245113416,0.6629445788521039,0.8404054387617245,0.2260614488757358,0.6377348312334643
1.345,0.3091661157025034,0.0,2484.0674036625687,0.4514266506618798,0.6627489546181156,0.8387979107766438,0.22603797685950514,0.6373141976684507
1.3455,0.30860725817320267,0.0,2478.0775600611646,0.44889454752389296,0.6625536735405125,0.8371775077396524,0.2260145048432745,0.6368940585427201
1.346,0.3080484006439015,0.0,2472.058825421043,0.44637663883924095,0.6623587374646619,0.8355441946561813,0.22599103282704386,0.6364744191120628
1.3465,0.3074895431146003,0.0,2466.0111386077183,0.44387284834978724,0.6621641482359308,0.8338979376320885,0.2259675608108132,0.6360552846391769
1.347,0.30693068558529957,0.0,2459.934440229916,0.44138309979739176,0.6619699076996866,0.8322387038870646,0.22594408879458258,0.6356366603936274
1.3475,0.3063718280559984,0.0,2453.8286726539227,0.4389073169239157,0.6617760177012959,0.8305664617676317,0.22592061677835193,0.6352185516518045
1.348,0.3058129705266972,0.0,2447.6937800177056,0.43644542347121906,0.6615824800861263,0.8288811807597383,0.22589714476212128,0.6348009636968843
1.3485,0.30525411299739647,0.0,2441.5297082456336,0.4339973431811652,0.6613892966995447,0.8271828315009063,0.22587367274589065,0.6343839018187852
1.349,0.3046952554680953,0.0,2435.3364050624377,0.4315629997956141,0.6611964693869185,0.8254713857919408,0.22585020072966,0.6339673713141286
1.3495,0.30413639793879454,0.0,2429.1138200082655,0.4291423170564269,0.6610039999936145,0.8237468166081732,0.22582672871342938,0.6335513774861947
1.35,0.30357754040949336,0.0,2422.8619044528878,0.4267352187054637,0.6608118903649999,0.8220090981102305,0.22580325669719872,0.6331359256448825
1.3505,0.3030186828801922,0.0,2416.5806116105973,0.4243416284845878,0.660620142346442,0.8202582056543158,0.22577978468096807,0.6327210211066667
1.351,0.30245982535089144,0.0,2410.2698965549316,0.4219614701356591,0.6604287577833079,0.8184941158019706,0.22575631266473745,0.6323066691945556
1.3515,0.30190096782159026,0.0,2403.9297162334174,0.4195946674005389,0.6602377385209646,0.8167168063293392,0.2257328406485068,0.631892875238047
1.352,0.30134211029228886,0.0,2397.560029482478,0.41724114402108725,0.6600470864047793,0.8149262562358757,0.22570936863227611,0.6314796445730879
1.3525,0.30078325276298834,0.0,2391.160797042722,0.4149008237391673,0.6598568032801191,0.8131224457525291,0.2256858966160455,0.6310669825420294
1.353,0.30022439523368694,0.0,2384.731981573485,0.4125736302966392,0.6596668909923513,0.8113053563493395,0.22566242459981484,0.6306548944935839
1.3535,0.2996655377043864,0.0,2378.2735476683897,0.41025948743536406,0.6594773513868428,0.8094749707424883,0.2256389525835842,0.6302433857827816
1.354,0.299106680175085,0.0,2371.785461870344,0.40795831889720197,0.6592881863089609,0.8076312729007424,0.22561548056735356,0.629832461770927
1.3545,0.29854782264578383,0.0,2365.267945664332,0.405670096133284,0.6590993951338905,0.8057742832039531,0.2255920085511229,0.6294221224551042
1.355,0.2979889651164831,0.0,2358.7207187172503,0.40339470173389635,0.6589109821492406,0.8039039589996201,0.22556853653489228,0.629012378512769
1.3555,0.2974301075871819,0.0,2352.14369903981,0.40113205075701974,0.6587229497335726,0.802020281739755,0.22554506451866163,0.628603236484204
1.356,0.29687125005788073,0.0,2345.5369042310845,0.39888207590390123,0.6585352993116602,0.8001232473042598,0.22552159250243098,0.6281947008412708
1.3565,0.29631239252858,0.0,2338.9003536763717,0.39664470987579076,0.6583480323082774,0.7982128532064126,0.22549812048620035,0.6277867760598665
1.357,0.2957535349992788,0.0,2332.2340685591034,0.3944198853739352,0.6581611501481982,0.7962890986038365,0.2254746484699697,0.6273794666198894
1.3575,0.2951946774699781,0.0,2325.538071873222,0.3922075350995826,0.6579746542561965,0.79435198430881,0.22545117645373908,0.6269727770052032
1.358,0.2946358199406769,0.0,2318.8123884352076,0.3900075917539799,0.6577885460570458,0.792401512797889,0.22542770443750842,0.6265667117036013
1.3585,0.2940769624113757,0.0,2312.0570448962108,0.38781998803837714,0.6576028269755205,0.7904376882208282,0.22540423242127777,0.6261612752067751
1.359,0.29351810488207497,0.0,2305.272069754658,0.38564465665402115,0.6574174984363943,0.7884605164087838,0.22538076040504715,0.6257564720102746
1.3595,0.2929592473527738,0.0,2298.457493368169,0.38348153030216003,0.657232561864441,0.7864700048817925,0.2253572883888165,0.625352306613475
1.36,0.2924003898234726,0.0,2291.613347966192,0.3813305416840407,0.6570480186844345,0.7844661628554946,0.22533381637258584,0.6249487835195409
1.3605,0.29184153229417187,0.0,2284.739667662316,0.379191623500913,0.6568638703211488,0.7824490012471055,0.22531034435635522,0.6245459072353909
1.361,0.2912826747648707,0.0,2277.836488466659,0.3770647084540241,0.6566801181993578,0.7804185326806042,0.22528687234012457,0.6241436822716615
1.3615,0.29072381723556995,0.0,2270.9038482984843,0.37494972924462183,0.6564967637438354,0.7783747714911353,0.22526340032389394,0.6237421131426708
1.362,0.29016495970626877,0.0,2263.9417869986496,0.3728466185739533,0.6563138083793553,0.7763177337286191,0.2252399283076633,0.6233412043663823
1.3625,0.2896061021769676,0.0,2256.9503463422216,0.3707553091432683,0.6561312535306915,0.7742474371605317,0.22521645629143264,0.62294096046437
1.363,0.28904724464766685,0.0,2249.9295700511348,0.3686757336538139,0.655949100622618,0.7721639012738695,0.225192984275202,0.6225413859617812
1.3635,0.28848838711836566,0.0,2242.879503806808,0.366607824806838,0.6557673510799086,0.7700671472762731,0.22516951225897136,0.6221424853872994
1.364,0.28792952958906426,0.0,2235.800195262891,0.36455151530358776,0.6555860063273371,0.7679571980963051,0.22514604024274068,0.6217442632731088
1.3645,0.28737067205976374,0.0,2228.6916940580604,0.36250673784531284,0.6554050677896776,0.7658340783828652,0.22512256822651006,0.6213467241548574
1.365,0.28681181453046234,0.0,2221.5540518287717,0.3604734251332604,0.6552245368917038,0.7636978145037404,0.2250990962102794,0.6209498725716196
1.3655,0.2862529570011618,0.0,2214.3876692751755,0.3584515464567193,0.6550444115558651,0.7615484689898931,0.22507562419404878,0.6205537053608439
1.366,0.2856940994718604,0.0,2207.192432058981,0.3564410196503237,0.6548646949082814,0.7593860589307179,0.22505215217781813,0.6201582308011682
1.3665,0.28513524194255924,0.0,2199.968121924597,0.35444174932451666,0.654685391158787,0.7572105895739041,0.22502868016158747,0.6197634595690054
1.367,0.2845763844132585,0.0,2192.714875007505,0.3524536763667336,0.6545065009623022,0.7550221019292364,0.22500520814535685,0.6193693945238786
1.3675,0.2840175268839573,0.0,2185.432829006269,0.3504767416644108,0.6543280249737473,0.7528206390879412,0.2249817361291262,0.6189760385250311
1.368,0.28345866935465613,0.0,2178.12212318893,0.34851088610498376,0.6541499638480426,0.7506062462229991,0.22495826411289555,0.6185833944314088
1.3685,0.2828998118253554,0.0,2170.782898398726,0.3465560505758907,0.6539723182401083,0.7483789705884618,0.22493479209666492,0.6181914651016425
1.369,0.2823409542960542,0.0,2163.415297060129,0.3446121759645669,0.6537950888048646,0.7461388615177316,0.22491132008043427,0.6178002533940319
1.3695,0.2817820967667535,0.0,2156.0194631851396,0.34267920315844874,0.653618276197232,0.7438859704208278,0.22488784806420364,0.6174097621665273
1.37,0.2812232392374523,0.0,2148.5955423790456,0.3407570730449718,0.6534418810721305,0.7416203507806073,0.224864376047973,0.6170199942767114
1.3705,0.2806643817081511,0.0,2141.1436818465972,0.3388457265115741,0.6532659040844806,0.7393420581479414,0.22484090403174234,0.6166309525817838
1.371,0.2801055241788504,0.0,2133.6640303981867,0.3369451044456911,0.6530903458892025,0.7370511501358212,0.22481743201551171,0.6162426399385421
1.3715,0.2795466666495492,0.0,2126.1567384556092,0.33505514773475914,0.6529152071412163,0.734747686412414,0.22479395999928106,0.6158550592033649
1.372,0.278987809120248,0.0,2118.621958058552,0.3331757972662137,0.6527404884954424,0.7324317286930359,0.2247704879830504,0.615468213232194
1.3725,0.27842895159094727,0.0,2111.059842870372,0.3313069939274929,0.6525661906068012,0.7301033407310547,0.22474701596681979,0.615082104880518
1.373,0.2778700940616461,0.0,2103.470548184316,0.32944867860603216,0.6523923141302128,0.7277625883076959,0.22472354395058913,0.6146967370033526
1.3735,0.27731123653234535,0.0,2095.8542309297236,0.3276007921892678,0.6522188597205976,0.7254095392207713,0.2247000719343585,0.6143121124552252
1.374,0.27675237900304417,0.0,2088.2110496779164,0.3257632755646354,0.6520458280328757,0.723044263272318,0.22467659991812786,0.613928234090156
1.3745,0.276193521473743,0.0,2080.5411646486536,0.32393606961957294,0.6518732197219674,0.7206668322551283,0.2246531279018972,0.6135451047616405
1.375,0.27563466394444225,0.0,2072.8447377159537,0.32211911524151593,0.6517010354427932,0.7182773199382042,0.22462965588566658,0.6131627273226328
1.3755,0.27507580641514107,0.0,2065.1219324144786,0.3203123533179007,0.6515292758502731,0.7158758020510996,0.22460618386943593,0.612781104625526
1.3760000000000001,0.2745169488858399,0.0,2057.372913945582,0.3185157247361628,0.6513579415993275,0.7134623562671769,0.22458271185320527,0.6124002395221366
1.3765,0.27395809135653915,0.0,2049.597849183507,0.31672917038374016,0.6511870333448766,0.7110370621857672,0.22455923983697465,0.6120201348636856
1.377,0.27339923382723796,0.0,2041.7969066815408,0.3149526311480683,0.6510165517418407,0.7086000013132431,0.224535767820744,0.6116407935007802
1.3775,0.2728403762979372,0.0,2033.9709758289928,0.3131861001647363,0.6508464898727154,0.7061513198719634,0.22451229580451335,0.6112622014215441
1.3780000000000001,0.2722815187686358,0.0,2026.1194493260716,0.3114294637511508,0.6506768565693669,0.7036910390689759,0.2244888237882827,0.6108843796675425
1.3785,0.27172266123933464,0.0,2018.2425176704166,0.3096826636276401,0.6505076523116972,0.7012192469088001,0.22446535177205204,0.6105073306993574
1.379,0.2711638037100339,0.0,2010.3404638020424,0.3079456480404009,0.6503388766172239,0.6987360413543153,0.22444187975582142,0.6101310548300225
1.3795,0.2706049461807327,0.0,2002.4135715257062,0.30621836523563095,0.6501705290034647,0.6962415225592666,0.22441840773959076,0.609755552366978
1.3800000000000001,0.27004608865143154,0.0,1994.4621255065185,0.3045007634595271,0.650002608987937,0.6937357928477885,0.2243949357233601,0.6093808236120827
1.3805,0.2694872311221308,0.0,1986.4864112651449,0.3027927909582885,0.6498351160881586,0.6912189566927032,0.2243714637071295,0.6090068688616284
1.381,0.2689283735928296,0.0,1978.48671517326,0.3010943959781119,0.649668049821647,0.6886911206925788,0.22434799169089883,0.6086336884063521
1.3815,0.2683695160635289,0.0,1970.463324449151,0.29940552676519494,0.64950140970592,0.6861523935475815,0.2243245196746682,0.6082612825314497
1.3820000000000001,0.2678106585342277,0.0,1962.416527152988,0.2977261315657346,0.6493351952584948,0.6836028860340939,0.22430104765843756,0.6078896515165881
1.3825,0.2672518010049265,0.0,1954.3466121823224,0.2960561586259299,0.6491694059968894,0.6810427109781386,0.2242775756422069,0.6075187956359203
1.383,0.2666929434756258,0.0,1946.253869267538,0.2943955561919777,0.6490040414386213,0.6784719832275884,0.22425410362597628,0.6071487151580961
1.3835,0.2661340859463246,0.0,1938.1385889673043,0.2927442725100757,0.648839101101208,0.6758908196231905,0.22423063160974563,0.6067794103462768
1.3840000000000001,0.2655752284170234,0.0,1930.001062664063,0.2911022558264207,0.6486745845021672,0.6732993389684053,0.22420715959351498,0.6064108814581478
1.3845,0.2650163708877227,0.0,1921.8415825594388,0.2894694543872118,0.6485104911590165,0.6706976619980852,0.22418368757728435,0.6060431287459317
1.385,0.2644575133584215,0.0,1913.6604416697069,0.2878458164386459,0.6483468205892734,0.6680859113459776,0.2241602155610537,0.6056761524564009
1.3855,0.26389865582912075,0.0,1905.4579338214076,0.2862312902269205,0.6481835723104556,0.6654642115111062,0.22413674354482307,0.6053099528308916
1.3860000000000001,0.26333979829981957,0.0,1897.2343536465505,0.2846258239982327,0.6480207458400807,0.6628326888230143,0.22411327152859242,0.6049445301053156
1.3865,0.2627809407705184,0.0,1888.9899965783738,0.2830293659987815,0.6478583406956664,0.6601914714058965,0.22408979951236177,0.6045798845101742
1.387,0.26222208324121765,0.0,1880.7251588467536,0.2814418644747637,0.6476963563947302,0.6575406891416444,0.22406632749613115,0.604216016270571
1.3875,0.26166322571191647,0.0,1872.4401374735614,0.279863267672377,0.6475347924547896,0.6548804736318163,0.2240428554799005,0.6038529256062237
1.3880000000000001,0.2611043681826153,0.0,1864.1352302683836,0.27829352383781825,0.6473736483933624,0.6522109581585486,0.22401938346366984,0.6034906127314796
1.3885,0.26054551065331455,0.0,1855.8107358238638,0.27673258121728656,0.6472129237279661,0.6495322776444465,0.22399591144743922,0.6031290778553258
1.389,0.25998665312401337,0.0,1847.467257223971,0.2751804054348167,0.6470526146205813,0.6468445943464461,0.22397243943120856,0.6027683136282911
1.3895,0.25942779559471263,0.0,1839.1054825565147,0.2736369674178132,0.6468927162699935,0.64414808106008,0.2239489674149779,0.6024083105128082
1.3900000000000001,0.25886893806541145,0.0,1830.7248794644036,0.2721021673650298,0.6467332373892972,0.6414428065036224,0.2239254953987473,0.6020490893958972
1.3905,0.25831008053611004,0.0,1822.3258804911857,0.27057596020360514,0.6465741760504066,0.6387289214458116,0.2239020233825166,0.6016906472115784
1.391,0.2577512230068095,0.0,1813.908917747869,0.26905830086067606,0.6464155303252352,0.6360065784633274,0.22387855136628598,0.6013329808827022
1.3915,0.2571923654775081,0.0,1805.474422894926,0.26754914426337995,0.6462572982856973,0.6332759318972462,0.22385507935005533,0.6009760873210009
1.3920000000000001,0.25663350794820694,0.0,1797.0228271247556,0.2660484453388535,0.6460994780037065,0.6305371378083835,0.22383160733382468,0.6006199634271396
1.3925,0.2560746504189062,0.0,1788.5545611439586,0.26455615901423557,0.6459420675511768,0.6277903539315556,0.22380813531759405,0.600264606090767
1.393,0.255515792889605,0.0,1780.070055155672,0.26307224021666287,0.6457850650000221,0.625035739628783,0.2237846633013634,0.5999100121905658
1.3935,0.2549569353603043,0.0,1771.569738842355,0.26159664387327275,0.6456284684221563,0.6222734558414605,0.22376119128513278,0.5995561785943027
1.3940000000000001,0.2543980778310031,0.0,1763.0540413480753,0.26012932491120205,0.6454722758894932,0.6195036650415274,0.22373771926890212,0.5992031021588788
1.3945,0.2538392203017019,0.0,1754.5233912614606,0.2586702382575895,0.6453164854739468,0.6167265311816614,0.22371424725267147,0.5988507797303796
1.395,0.2532803627724012,0.0,1745.9782165983875,0.2572193388395719,0.645161095247431,0.613942219644536,0.22369077523644085,0.598499208144124
1.3955,0.2527215052431,0.0,1737.4189447846745,0.2557765815842865,0.6450061032818598,0.6111508971911457,0.2236673032202102,0.5981483842247144
1.3960000000000001,0.2521626477137988,0.0,1728.8460026392534,0.25434192141887024,0.6448515076491469,0.6083527319082772,0.22364383120397954,0.5977983047860844
1.3965,0.2516037901844981,0.0,1720.2598163570794,0.2529153132704618,0.6446973064212063,0.6055478931551157,0.22362035918774892,0.5974489666315492
1.397,0.2510449326551969,0.0,1711.660811492152,0.25149671206619784,0.6445434976699518,0.6027365515090418,0.22359688717151827,0.5971003665538535
1.3975,0.25048607512589616,0.0,1703.049412940852,0.250086072733216,0.6443900794672974,0.5999188787106483,0.22357341515528764,0.59675250133522
1.3980000000000001,0.24992721759659497,0.0,1694.4260449251012,0.24868335019865281,0.6442370498851571,0.5970950476080278,0.223549943139057,0.5964053677473973
1.3985,0.2493683600672938,0.0,1685.7911309757073,0.24728849938964714,0.6440844069954446,0.5942652321003382,0.22352647112282634,0.5960589625517081
1.399,0.24880950253799305,0.0,1677.145093915897,0.2459014752333357,0.6439321488700738,0.591429607080712,0.2235029991065957,0.5957132824990967
1.3995,0.24825064500869187,0.0,1668.488355844619,0.2445222326568559,0.6437802735809587,0.5885883483785318,0.22347952709036506,0.5953683243301766
1.4000000000000001,0.2476917874793907,0.0,1659.821338120396,0.2431507265873446,0.6436287792000132,0.5857416327011234,0.2234560550741344,0.5950240847752776
1.4005,0.24713292995008995,0.0,1651.1444613448177,0.2417869119519404,0.6434776637991511,0.5828896375748934,0.22343258305790378,0.5946805605544925
1.401,0.24657407242078877,0.0,1642.4581453463275,0.2404307436777801,0.6433269254502864,0.5800325412859579,0.22340911104167313,0.5943377483777246
1.4015,0.24601521489148803,0.0,1633.7628569461428,0.2390821793720236,0.643176561663952,0.5771705277268829,0.22338563902544248,0.5939956436672211
1.4020000000000001,0.24545635736218685,0.0,1625.0598695970386,0.2377412213126828,0.6430265604329061,0.5743038638724479,0.22336216700921185,0.5936542201646631
1.4025,0.24489749983288545,0.0,1616.3486095319467,0.23640776737357183,0.6428769314508559,0.5714326256898881,0.22333869499298117,0.5933135009886585
1.403,0.24433864230358493,0.0,1607.6296219983526,0.23508177844287292,0.642727671273382,0.568557004513143,0.22331522297675055,0.5929734793566946
1.4035,0.24377978477428353,0.0,1598.9034500037903,0.23376321540876888,0.6425787764560646,0.5656771924788804,0.2232917509605199,0.5926341484705236
1.4040000000000001,0.24322092724498234,0.0,1590.1706342878624,0.23245203915944196,0.6424302435544843,0.5627933824638751,0.22326827894428924,0.5922955015162455
1.4045,0.2426620697156816,0.0,1581.4317132945428,0.23114821058307614,0.6422820691242216,0.5599057680219128,0.22324480692805862,0.5919575316643872
1.405,0.24210321218638042,0.0,1572.6872231445957,0.22985169056785362,0.6421342497208566,0.5570145433202266,0.22322133491182797,0.5916202320699803
1.4055,0.24154435465707969,0.0,1563.93769760838,0.22856244000195725,0.64198678189997,0.5541199030755519,0.22319786289559734,0.5912835958726415
1.4060000000000001,0.2409854971277785,0.0,1555.1836680788197,0.22728041977356922,0.6418396622171421,0.5512220424898104,0.2231743908793667,0.5909476161966489
1.4065,0.24042663959847732,0.0,1546.425663544685,0.22600559077087357,0.6416928872279534,0.54832115718549,0.22315091886313604,0.59061228615102
1.407,0.23986778206917658,0.0,1537.6642105642857,0.22473791388205244,0.6415464534879841,0.5454174431407423,0.22312744684690541,0.5902775988295856
1.4075,0.2393089245398754,0.0,1528.8998332389588,0.22347734999528873,0.641400357552815,0.5425110966242753,0.22310397483067476,0.5899435473110686
1.408,0.23875006701057466,0.0,1520.133053187508,0.2222238599987652,0.6412545959780263,0.5396023141300506,0.22308050281444414,0.5896101246591544
1.4085,0.23819120948127348,0.0,1511.3643895202686,0.22097740478066413,0.6411091653191983,0.5366912923118633,0.22305703079821348,0.5892773239225684
1.409,0.2376323519519723,0.0,1502.594358813851,0.21973794522916945,0.6409640621319116,0.5337782279178258,0.22303355878198283,0.5889451381351473
1.4095,0.23707349442267156,0.0,1493.8234750859513,0.2185054422324634,0.6408192829717466,0.5308633177248206,0.2230100867657522,0.5886135603159113
1.41,0.23651463689337038,0.0,1485.0522497704033,0.2172798566787288,0.6406748243942838,0.5279467584729516,0.22298661474952156,0.5882825834691365
1.4105,0.2359557793640692,0.0,1476.281191692733,0.2160611494561479,0.6405306829551034,0.5250287468000533,0.2229631427332909,0.5879522005844248
1.411,0.23539692183476846,0.0,1467.5108070457115,0.21484928145290466,0.640386855209786,0.5221094791763026,0.22293967071706028,0.5876224046367748
1.4115,0.23483806430546728,0.0,1458.7415993651223,0.2136442135571813,0.640243337713912,0.5191891518389659,0.22291619870082963,0.5872931885866506
1.412,0.23427920677616654,0.0,1449.9740695062746,0.21244590665716062,0.6401001270230617,0.5162679607273489,0.22289272668459897,0.58696454538005
1.4125,0.23372034924686536,0.0,1441.2087156201526,0.21125432164102495,0.6399572196928157,0.5133461014179734,0.22286925466836835,0.5866364679485735
1.413,0.23316149171756417,0.0,1432.4460331301648,0.21006941939695814,0.6398146122787544,0.5104237690600493,0.2228457826521377,0.5863089492094897
1.4135,0.23260263418826344,0.0,1423.6865147092528,0.20889116081314246,0.639672301336458,0.5075011583112552,0.22282231063590704,0.5859819820658027
1.414,0.23204377665896225,0.0,1414.9306502570228,0.20771950677776074,0.6395302834215072,0.5045784632739176,0.22279883861967642,0.5856555594063172
1.4145,0.23148491912966085,0.0,1406.1794518890476,0.20655445693722105,0.6393885484407899,0.5016559640659403,0.22277536660344574,0.5853296588149217
1.415,0.23092606160036033,0.0,1397.432964517865,0.20539593520046642,0.6392470984691198,0.4987337711066191,0.22275189458721512,0.5850042858324331
1.4155,0.23036720407105893,0.0,1388.6916453195558,0.20424389862394973,0.6391059303605451,0.49581206750549667,0.22272842257098446,0.5846794339893886
1.416,0.2298083465417584,0.0,1379.9560649678954,0.20309831326852987,0.6389650394853374,0.49289105590738846,0.22270495055475384,0.584355093387041
1.4165,0.229249489012457,0.0,1371.226790075687,0.2019591451950652,0.6388244212137679,0.48997093836315364,0.2226814785385232,0.584031254108515
1.417,0.22869063148315583,0.0,1362.5043831665853,0.20082636046441565,0.638684070916108,0.48705191626470934,0.22265800652229253,0.5837079062188901
1.4175,0.2281317739538551,0.0,1353.7894026472136,0.19969992513743956,0.6385439839626289,0.4841341902804957,0.2226345345060619,0.5833850397652798
1.418,0.2275729164245539,0.0,1345.0824027799408,0.19857980527499586,0.638404155723602,0.48121796029141367,0.22261106248983126,0.5830626447769098
1.4185,0.22701405889525272,0.0,1336.3839336561807,0.19746596693794288,0.6382645815692986,0.47830342532729897,0.2225875904736006,0.5827407112651957
1.419,0.22645520136595199,0.0,1327.6945411699785,0.19635837618714053,0.6381252568699899,0.47539078350397174,0.22256411845736998,0.5824192292238177
1.4195,0.2258963438366508,0.0,1319.0147669921232,0.1952569990834472,0.6379861769959475,0.47248023196087746,0.22254064644113933,0.5820981886287964
1.42,0.22533748630735007,0.0,1310.3451485450075,0.1941618016877218,0.6378473373174425,0.46957196679940655,0.2225171744249087,0.5817775794385642
1.4205,0.22477862877804888,0.0,1301.6862189773694,0.19307275006082264,0.6377087332047462,0.46666618302189083,0.22249370240867805,0.5814573915940378
1.421,0.2242197712487477,0.0,1293.038507140238,0.19198981026360967,0.6375703600281302,0.46376307447135084,0.2224702303924474,0.5811376150186889
1.4215,0.22366091371944696,0.0,1284.4025375627868,0.19091294835694125,0.6374322131578655,0.4608628337719915,0.22244675837621677,0.5808182396186113
1.422,0.22310205619014578,0.0,1275.7788304288663,0.18984213040167625,0.6372942879642235,0.45796565227054087,0.22242328635998612,0.5804992552825905
1.4225,0.2225431986608446,0.0,1267.1679015541247,0.1887773224586731,0.6371565798174755,0.4550717199784115,0.22239981434375547,0.5801806518821684
1.423,0.22198434113154386,0.0,1258.570262363377,0.18771849058879161,0.6370190840878931,0.4521812255147686,0.22237634232752485,0.5798624192717092
1.4235,0.22142548360224268,0.0,1249.9864198686103,0.18666560085289022,0.6368817961457474,0.44929435605049833,0.2223528703112942,0.5795445472884613
1.424,0.22086662607294194,0.0,1241.41687664746,0.1856186193118278,0.6367447113613096,0.4464112972531575,0.22232939829506354,0.5792270257526204
1.4245,0.22030776854364076,0.0,1232.8621308220295,0.18457751202646278,0.6366078251048511,0.44353223323288454,0.22230592627883292,0.5789098444673901
1.425,0.21974891101433958,0.0,1224.3226760383197,0.18354224505765493,0.6364711327466434,0.44065734648936355,0.22228245426260226,0.5785929932190415
1.4255,0.21919005348503884,0.0,1215.7990014460877,0.18251278446626273,0.6363346296569576,0.4377868178598056,0.2222589822463716,0.5782764617769702
1.426,0.21863119595573766,0.0,1207.291591679268,0.18148909631314503,0.6361983112060653,0.43492082646804875,0.222235510230141,0.5779602398937536
1.4265,0.21807233842643647,0.0,1198.80092683652,0.18047114665916025,0.6360621727642374,0.432059549674745,0.22221203821391033,0.5776443173052048
1.427,0.21751348089713574,0.0,1190.3275003611634,0.17945890290445862,0.6359262094553879,0.42920316641609335,0.22218856619767968,0.5773286831584119
1.4275,0.21695462336783455,0.0,1181.871857877663,0.1784523363810562,0.6357904156159526,0.4263518637534321,0.22216509418144903,0.5770133247538248
1.428,0.21639576583853382,0.0,1173.4344964480392,0.17745141582099552,0.6356547861771132,0.423505820542808,0.2221416221652184,0.5766982307536828
1.4285,0.21583690830923263,0.0,1165.0159033420866,0.17645610973928846,0.6355193161358196,0.42066521326418566,0.22211815014898775,0.5763833899550364
1.429,0.21527805077993123,0.0,1156.6165608145423,0.1754663866509483,0.6353840004890214,0.4178302164964924,0.2220946781327571,0.5760687911371495
1.4295,0.2147191932506305,0.0,1148.236946283583,0.1744822151049498,0.6352488342309243,0.41500100296243364,0.22207120611652648,0.5757544230551666
1.43,0.2141603357213293,0.0,1139.877533889931,0.1735035639121834,0.6351138123307702,0.41217774409431396,0.22204773410029582,0.5754402743884428
1.4305,0.21360147819202813,0.0,1131.5387943272194,0.17253040219323135,0.6349789297345462,0.4093606101371045,0.22202426208406517,0.5751263337444599
1.431,0.2130426206627274,0.0,1123.2179109300853,0.17156269931693355,0.6348442278957739,0.40654981281760166,0.22200079006783455,0.5748126980196636
1.4315,0.21248376479289943,0.0,1114.9207045289904,0.17060042440356288,0.634709626791378,0.4037454490342228,0.22197731812130178,0.5744991812535256
1.432,0.2119313609467457,0.0,1106.840805629994,0.1696435467956184,0.6345752766102429,0.40094782591797545,0.22195411715976332,0.5741861337229577
1.4325,0.21139145710059148,0.0,1099.1378670414915,0.16869203653284545,0.6344415925530666,0.3981574915258915,0.22193144119822483,0.5738745240588707
1.433,0.2108640532544377,0.0,1091.7793514847885,0.1677458636549906,0.6343089898205472,0.3953749879573852,0.22190929023668637,0.5735653223020769
1.4335,0.21034914940828386,0.0,1084.7332577771856,0.1668049982017992,0.6341778836133823,0.3926008510901418,0.22188766427514792,0.573259499880153
1.434,0.2098467455621298,0.0,1077.9683510005798,0.16586941021806406,0.6340486852231129,0.38983560678763063,0.22186656331360943,0.5729580204498331
1.4345,0.20935684171597568,0.0,1071.4573196457125,0.16493907023565688,0.6339217556433752,0.38707973005023727,0.22184598735207098,0.5726617315330718
1.435,0.208879437869822,0.0,1065.175137806345,0.16401394858638985,0.6337974281909636,0.3843336638824427,0.22182593639053252,0.5723714170932639
1.4355,0.20841453402366805,0.0,1059.1009338640722,0.16309401591528636,0.6336759804678375,0.3815977956312999,0.22180641042899404,0.5720877318679841
1.436,0.20796213017751408,0.0,1053.2183076090457,0.16217924338666168,0.6335576286317528,0.3788724529628584,0.2217874094674556,0.571811187710509
1.4365,0.20752222633136008,0.0,1047.511069391018,0.16126960216483074,0.6334425888404654,0.37615795806849783,0.22176893350591712,0.5715422969515942
1.437,0.20709482248520605,0.0,1041.9632284197276,0.16036506341410967,0.6333310772517317,0.3734546275491079,0.22175098254437864,0.5712815723553075
1.4375,0.20667991863905222,0.0,1036.5653301198029,0.15946559913168898,0.6332232163905352,0.37076269133728107,0.2217335565828402,0.571029308051964
1.438,0.20627751479289835,0.0,1031.300106692373,0.15857117994167116,0.6331192460051492,0.3680824746858385,0.22171665562130172,0.5707860725388068
1.4385000000000001,0.20588761094674424,0.0,1026.150137470244,0.15768177673479317,0.6330194108942362,0.3654143019346067,0.22170027965976324,0.5705524464910285
1.439,0.20551020710059031,0.0,1021.1088149896387,0.15679736195811045,0.6329237978716127,0.36275835627757863,0.2216844286982248,0.5703286410427275
1.4395,0.20514530325443658,0.0,1016.1696034322442,0.1559179080586773,0.6328324937510954,0.3601148163414915,0.22166910273668633,0.5701148672033183
1.44,0.2047928994082826,0.0,1011.3260359698608,0.1550433874835484,0.6327455853465006,0.35748385615544115,0.22165430177514786,0.5699113358339143
1.4405000000000001,0.2044529955621286,0.0,1006.5717122757488,0.15417377267977808,0.6326631594716449,0.35486564512370417,0.2216400258136094,0.5697182576232327
1.441,0.20412559171597455,0.0,1001.9002962032929,0.15330903609442179,0.6325853029403449,0.35226034800173545,0.22162627485207093,0.5695358430630162
1.4415,0.2038106878698207,0.0,997.3055136317871,0.1524491501745338,0.6325121025664171,0.3496681248753252,0.22161304889053246,0.5693643024229733
1.442,0.20350828402366683,0.0,992.7811504792161,0.15159408736716884,0.6324436451636779,0.34708913114290124,0.221600347928994,0.5692038457252413
1.4425000000000001,0.2032183801775127,0.0,988.3212939059515,0.150743821777309,0.6323800138749202,0.3445235192393717,0.22158817196745553,0.5690546741115947
1.443,0.202940976331359,0.0,983.9209794132715,0.14989832433316086,0.6323212783092276,0.3419714159470116,0.22157652100591707,0.5689169566831618
1.4435,0.20267607248520503,0.0,979.5778317503921,0.14905756874592235,0.6322674694729745,0.3394329187580312,0.2215653950443786,0.56879077165877
1.444,0.20242366863905104,0.0,975.2895635940646,0.14822152891617152,0.6322186173644746,0.33690812088611327,0.22155479408284012,0.5686761944728994
1.4445000000000001,0.202183764792897,0.0,971.0539081963037,0.14739017874448615,0.6321747519820416,0.3343971115932608,0.22154471812130166,0.5685733001292329
1.445,0.20195636094674319,0.0,966.8686189362652,0.14656349213144498,0.6321359033239893,0.3318999762057307,0.2215351671597632,0.5684821631911436
1.4455,0.20174145710058933,0.0,962.7314688924092,0.1457414429776258,0.6321021013886312,0.32941679613174646,0.22152614119822475,0.568402857772127
1.446,0.20153905325443522,0.0,958.6402504344981,0.14492400518360668,0.632073376174281,0.3269476488809448,0.22151764023668627,0.5683354575261732
1.4465000000000001,0.2013491494082813,0.0,954.5927748355454,0.14411115264996535,0.6320497576792525,0.3244926080855178,0.22150966427514782,0.5682800356380843
1.447,0.20117174556212736,0.0,950.5980749770317,0.14330285936921983,0.6320311033469285,0.32205160022407364,0.22150221331360934,0.5682362598721977
1.4475,0.20100684171597338,0.0,946.640467233429,0.14249909980159728,0.6320176509494351,0.3196248668634409,0.22149528735207089,0.5682046900102941
1.448,0.2008544378698196,0.0,942.6879972380896,0.14169984847651007,0.6320098919353485,0.3172128524941654,0.2214888863905324,0.5681864807607339
1.4485000000000001,0.20071453402366557,0.0,938.7938766061762,0.14090508034368518,0.632007001872459,0.31481491138806206,0.22148301042899396,0.568179698115764
1.449,0.20058713017751173,0.0,935.0108787985718,0.14011477035285075,0.6320081563285567,0.312430405925154,0.22147765946745548,0.5681824074977424
1.4495,0.20047222633135764,0.0,931.3913608450872,0.1393288934537337,0.6320125308714319,0.3100587068407935,0.221472833505917,0.5681926739934667
1.45,0.20036982248520374,0.0,927.9762581985098,0.13854742463833458,0.6320194732014192,0.3076993332293176,0.22146853254437854,0.568208966508415
1.4505000000000001,0.20027991863904981,0.0,924.7323145405346,0.13777033922644294,0.6320294856542561,0.3053527440898547,0.2214647565828401,0.5682324635590839
1.451,0.20020251479289586,0.0,921.6394583061069,0.1369976126592928,0.6320428686377142,0.30301922641472095,0.22146150562130162,0.5682638695141504
1.4515,0.20013761094674187,0.0,918.686186742954,0.13622922044712116,0.6320597909137029,0.3006989548369895,0.22145877965976316,0.5683035795201912
1.452,0.20008520710058808,0.0,915.8594237526372,0.13546513833581733,0.6320804475071758,0.2983921203102653,0.2214565786982247,0.5683520500429847
1.4525000000000001,0.20004530325443404,0.0,913.146858162061,0.1347053425444122,0.6321050230358999,0.29609890126057375,0.22145490273668622,0.5684097127697202
1.453,0.2000178994082802,0.0,910.5351193891694,0.13394980816767005,0.6321337202231633,0.2938194814136346,0.22145375177514776,0.5684770414641266
1.4535,0.2000029955621263,0.0,908.0128545917097,0.13319851143382047,0.63216671142381,0.29155401823659105,0.2214531258136093,0.5685544381863052
1.4538461538461573,0.19999999999999596,0.0,906.3134181798154,0.13268085299623342,0.6321921533355094,0.28999387383113195,0.22145299999999982,0.56861411968122
1.4543461538461573,0.20000624999999594,0.0,903.9180615338109,0.13193667420324595,0.6322327858223052,0.28775236124441644,0.22145326249999983,0.5687094265815613
1.4548461538461572,0.2000249999999959,0.0,901.5833210657091,0.13119666987929385,0.6322781549066212,0.28552518850565733,0.22145404999999982,0.5688158311260241
1.4553461538461572,0.20005624999999583,0.0,899.2985928235199,0.13046081655980155,0.632328424976851,0.28331248822949695,0.2214553624999998,0.5689337146683577
1.4558461538461571,0.20009999999999595,0.0,897.0533298546151,0.12972909078019348,0.6323837604213881,0.2811143877911308,0.22145719999999983,0.5690634579020428
1.456346153846157,0.20015624999999582,0.0,894.8485650934458,0.1290014720262326,0.6324441426643654,0.27893087851688786,0.22145956249999982,0.5692050119204932
1.456846153846157,0.20022499999999588,0.0,892.6558340441583,0.12827793301262724,0.6325100219168028,0.2767622851563695,0.2214624499999998,0.5693594260472299
1.457346153846157,0.2003062499999959,0.0,890.4665982101477,0.12755845091572648,0.6325815335135461,0.27460869828476425,0.22146586249999983,0.5695270104743065
1.457846153846157,0.20039999999999591,0.0,888.2754802431161,0.12684300365218518,0.632658763087613,0.2724701686117887,0.22146979999999983,0.5697079581112168
1.4583461538461568,0.2005062499999959,0.0,886.0771293164554,0.12613156913865817,0.6327417962720218,0.27034674293422756,0.22147426249999982,0.5699024610793968
1.4588461538461568,0.20062499999999583,0.0,883.8662213446024,0.12542412529180028,0.63283071869979,0.26823846417427244,0.22147924999999982,0.570110710680763
1.4593461538461567,0.20075624999999575,0.0,881.6374593652578,0.1247206500282664,0.6329256160039357,0.2661453714193131,0.22148476249999982,0.5703328973657842
1.4598461538461567,0.20089999999999564,0.0,879.3855740841137,0.12402112126471135,0.6330265738174768,0.26406749996313844,0.22149079999999982,0.570569210701085
1.4603461538461566,0.20105624999999572,0.0,877.1053245820543,0.12332551691778998,0.6331336777734313,0.262004881348458,0.22149736249999982,0.57081983933658
1.4608461538461566,0.20122499999999555,0.0,874.7914991851077,0.12263381490415713,0.6332470135048169,0.2599575434107007,0.2215044499999998,0.5710849709721431
1.4613461538461565,0.20140624999999557,0.0,872.4389164969257,0.12194599314046765,0.6333666666446517,0.2579255103230063,0.2215120624999998,0.5713647923238075
1.4618461538461565,0.20159999999999556,0.0,870.0424265937176,0.12126202954337639,0.6334927228259535,0.25590880264237237,0.2215201999999998,0.5716594890894982
1.4623461538461564,0.20180624999999552,0.0,867.5969123820471,0.1205819020295382,0.6336252676817401,0.25390743735686394,0.2215288624999998,0.5719692459142967
1.4628461538461563,0.20202499999999546,0.0,865.0994818247975,0.11990558963276236,0.6337643514747322,0.25192140610820907,0.2215380499999998,0.5722941637413155
1.4633461538461563,0.20225624999999536,0.0,862.5484305547782,0.11923307015595043,0.6339100056368663,0.24995068044074553,0.2215477624999998,0.5726342985561248
1.4638461538461562,0.20249999999999524,0.0,859.944408190664,0.1185643226193443,0.6340622237559951,0.24799520633031616,0.22155799999999978,0.57298961708416
1.4643461538461562,0.2027562499999953,0.0,857.2882558607475,0.11789932618349641,0.6342209963665101,0.2460549261018134,0.2215687624999998,0.5733600781278424
1.4648461538461561,0.20302499999999513,0.0,854.5808166179736,0.11723806000895921,0.6343863140028027,0.244129780240261,0.22158004999999978,0.5737456397051748
1.465346153846156,0.20330624999999514,0.0,851.8229352501496,0.11658050325628518,0.6345581671992641,0.24221970744063265,0.2215918624999998,0.5741462590536957
1.465846153846156,0.20359999999999512,0.0,849.0154580920503,0.11592663508602671,0.6347365464902859,0.24032464465718006,0.22160419999999978,0.5745618926344289
1.466346153846156,0.20390624999999507,0.0,846.1592328396193,0.11527643465873631,0.6349214424102594,0.23844452715228862,0.2216170624999998,0.5749924961358241
1.466846153846156,0.204224999999995,0.0,843.2560358221466,0.11462988137377603,0.6351128303265235,0.23657927891696454,0.22163044999999978,0.5754379891826519
1.4673461538461559,0.2045562499999949,0.0,840.3080341327809,0.11398695459502299,0.6353106791148221,0.23472881806111692,0.22164436249999978,0.5758982756132263
1.4678461538461558,0.20489999999999475,0.0,837.3167112662478,0.11334763380234972,0.6355149687255561,0.23289306932246862,0.22165879999999977,0.5763732843650118
1.4683461538461557,0.2052562499999946,0.0,834.2852806178892,0.11271189904447255,0.6357256505947173,0.23107193870103265,0.22167376249999976,0.5768628774405549
1.4688461538461557,0.20562499999999462,0.0,831.2169380152861,0.11207973037010782,0.6359426761582974,0.22926533134427574,0.22168924999999975,0.5773669163176584
1.4693461538461556,0.2060062499999944,0.0,828.1148609400682,0.11145110782797182,0.6361659968522879,0.22747315159015258,0.22170526249999975,0.5778852619691028
1.4698461538461556,0.20639999999999437,0.0,824.9822078018494,0.11082601146678092,0.6363955641126806,0.22569530300924884,0.22172179999999975,0.5784177748822202
1.4703461538461555,0.2068062499999943,0.0,821.8217889179235,0.1102044215284645,0.6366313348146186,0.2239316926122855,0.22173886249999974,0.5789643276830173
1.4708461538461555,0.20722499999999422,0.0,818.6347591443737,0.10958631859279985,0.6368732930139618,0.22218224541775494,0.22175644999999974,0.5795248554638901
1.4713461538461554,0.2076562499999941,0.0,815.4256416407115,0.10897168197418416,0.637121366660161,0.22044684499776387,0.22177456249999974,0.5800991628361309
1.4718461538461554,0.20809999999999396,0.0,812.1972979556988,0.10836049264083746,0.6373755108498195,0.2187253972868503,0.22179319999999975,0.58068711692784
1.4723461538461553,0.20855624999999378,0.0,808.9525695295433,0.1077527315609798,0.6376356806795405,0.21701780759155448,0.22181236249999972,0.5812885844496813
1.4728461538461552,0.2090249999999938,0.0,805.6942772928232,0.10714837970283124,0.6379018312459271,0.21532398062692365,0.22183204999999973,0.5819034317122034
1.4733461538461552,0.20950624999999357,0.0,802.4252213099534,0.10654741803461183,0.6381739176455825,0.21364382055220613,0.22185226249999973,0.5825315246430303
1.4738461538461551,0.20999999999999353,0.0,799.1481804674654,0.10594982752454163,0.6384518949751099,0.21197723100571847,0.2218729999999997,0.5831727288039255
1.474346153846155,0.21050624999999346,0.0,795.8659122070629,0.10535558914084069,0.6387357183311125,0.2103241151389344,0.22189426249999972,0.5838269094077256
1.474846153846155,0.21102499999999336,0.0,792.5811523031506,0.10476468385172905,0.6390253428101934,0.20868437564976278,0.22191604999999973,0.5844939313351455
1.475346153846155,0.21155624999999323,0.0,789.2855329541917,0.10417709369076728,0.6393209108256092,0.2070580338869615,0.2219383624999997,0.5851740900265683
1.475846153846155,0.21209999999999307,0.0,785.9941325469409,0.10359279865729501,0.6396221688399967,0.20544485845038868,0.2219611999999997,0.5858667691594776
1.4763461538461549,0.21265624999999289,0.0,782.7077471270935,0.10301178065129547,0.639929103623106,0.20384477332193798,0.2219845624999997,0.5865719055559313
1.4768461538461548,0.2132249999999929,0.0,779.4268527370509,0.10243402160654606,0.6402417072768161,0.20225770501409127,0.2220084499999997,0.5872894477579718
1.4773461538461548,0.21380624999999265,0.0,776.1519215190849,0.10185950345682424,0.6405599719030062,0.20068357918210028,0.22203286249999968,0.588019343755205
1.4778461538461547,0.2143999999999926,0.0,772.8834217117546,0.10128820813590739,0.6408838896035555,0.1991223206560348,0.2220577999999997,0.5887615409876552
1.4783461538461546,0.2150062499999923,0.0,769.6218176477593,0.10072011757757295,0.6412134524803429,0.19757385347233652,0.22208326249999966,0.5895159863486124
1.4788461538461546,0.21562499999999218,0.0,766.3675697534884,0.10015521371559832,0.6415486526352477,0.1960381009048656,0.22210924999999967,0.5902826261874801
1.4793461538461545,0.21625624999999205,0.0,763.1211345493799,0.09959347848376096,0.6418894821701492,0.19451498549545027,0.22213576249999967,0.5910614063126152
1.4798461538461545,0.21689999999999188,0.0,759.8842441208614,0.09903489409060484,0.6422359111453084,0.19300441704158094,0.22216279999999966,0.591852221702718
1.4803461538461544,0.2175562499999919,0.0,756.6599965857718,0.09847944269851439,0.6425878857828619,0.19150629100134353,0.22219036249999966,0.5926549126621027
1.4808461538461544,0.21822499999999168,0.0,753.4491227307353,0.09792710683917491,0.642945392803134,0.19002052736717528,0.22221844999999965,0.5934694116055221
1.4813461538461543,0.21890624999999142,0.0,750.2523672357463,0.09737786919418683,0.643308418573628,0.18854704584256768,0.22224706249999962,0.5942956496796997
1.4818461538461543,0.21959999999999136,0.0,747.0704681862767,0.0968317124451506,0.6436769494618464,0.18708576561632426,0.22227619999999962,0.5951335575739299
1.4823461538461542,0.22030624999999127,0.0,743.9041571134928,0.09628861927366664,0.6440509718352924,0.18563660538881618,0.22230586249999962,0.595983065524873
1.4828461538461541,0.22102499999999092,0.0,740.760242864263,0.09574857239408383,0.6444303659099535,0.1841994237645385,0.22233604999999962,0.5968438626054543
1.483346153846154,0.22175624999999077,0.0,737.6231010368878,0.0952115546883541,0.6448154031371187,0.18277429969720432,0.2223667624999996,0.5977165247173231
1.483846153846154,0.22249623561960874,0.0,734.4179931278455,0.09467754922225237,0.6452056930925877,0.181360940496629,0.22239784189602357,0.5986001268689061
1.484346153846154,0.22323653461401372,0.0,730.9832373442225,0.09414653913564011,0.6456002804405774,0.17995874689501462,0.22242893445378856,0.5994924705873808
1.484846153846154,0.2239768336084189,0.0,727.3669183500527,0.09361850758741738,0.6459982062978669,0.178567130759476,0.2224600270115536,0.6003913585958941
1.4853461538461539,0.2247171326028239,0.0,723.6204948833433,0.0930934378754892,0.6463985871509837,0.17718555842450903,0.2224911195693186,0.6012947730586083
1.4858461538461538,0.22545743159722886,0.0,719.7824118278696,0.09257131339033295,0.6468007615873309,0.17581362855367333,0.22252221212708362,0.6022012053083883
1.4863461538461538,0.22619773059163406,0.0,715.8785956458603,0.09205211772733168,0.6472042838065644,0.17445106499506485,0.22255330468484863,0.6031096385062527
1.4868461538461537,0.22693802958603904,0.0,711.9391705245887,0.09153583414236553,0.6476086286994501,0.17309755371299898,0.22258439724261364,0.6040188821202743
1.4873461538461537,0.22767832858044423,0.0,707.9738212573817,0.09102244648278708,0.6480136302534313,0.17175297966691894,0.22261548980037865,0.6049285571193617
1.4878461538461536,0.2284186275748492,0.0,703.9921319984478,0.09051193859594887,0.6484191224559509,0.1704172293530936,0.22264658235814366,0.6058382861777944
1.4883461538461535,0.22915892656925418,0.0,700.0035841513461,0.0900042943292035,0.6488249392944523,0.16909019080196386,0.22267767491590867,0.6067476936812974
1.4888461538461535,0.22989922556365938,0.0,696.0171233537731,0.08949949762349974,0.6492309225237319,0.16777175789995685,0.22270876747367369,0.6076564231072955
1.4893461538461534,0.23063952455806436,0.0,692.0376581931857,0.08899753255109877,0.6496369849659605,0.1664618630782801,0.2227398600314387,0.6085642783681677
1.4898461538461534,0.23137982355246955,0.0,688.0693169125639,0.08849838273243914,0.6500430525681172,0.16516044456975923,0.2227709525892037,0.6094710935719339
1.4903461538461533,0.23212012254687453,0.0,684.1133102270928,0.08800203263374513,0.65044910339299,0.16386746999542157,0.22280204514696872,0.6103768197743477
1.4908461538461533,0.2328604215412795,0.0,680.1708348994774,0.08750846672124102,0.6508551155033667,0.16258290651299936,0.22283313770473373,0.6112814082583948
1.4913461538461532,0.2336007205356847,0.0,676.243073753553,0.08701766946115103,0.6512610669620351,0.16130672082680036,0.22286423026249874,0.6121848105342533
1.4918461538461532,0.23434101953008968,0.0,672.3311956983345,0.08652962531969946,0.651666935831783,0.16003887919755114,0.22289532282026375,0.6130869783392247
1.492346153846153,0.23508131852449488,0.0,668.4363557629014,0.08604431876311056,0.6520727001753985,0.1587793474522029,0.22292641537802876,0.6139878636376336
1.492846153846153,0.23582161751889985,0.0,664.5593058692148,0.08556173550318816,0.6524783452265814,0.15752809827286257,0.22295750793579378,0.6148874345138549
1.493346153846153,0.23656191651330505,0.0,660.7003032313876,0.08508185923045054,0.6528838651878407,0.1562851021323452,0.22298860049355881,0.6157856790595244
1.493846153846153,0.23730221550771002,0.0,656.8596761967945,0.08460467343756481,0.6532892528777061,0.15505032762505105,0.22301969305132383,0.6166825823657551
1.4943461538461529,0.238042514502115,0.0,653.0374108262437,0.08413016351354641,0.6536945073934404,0.1538237514803971,0.2230507856090888,0.6175781434646941
1.4948461538461528,0.2387828134965202,0.0,649.2334927301745,0.08365831484741076,0.654099627832306,0.15260534975062542,0.22308187816685385,0.6184723613974834
1.4953461538461528,0.23952311249092517,0.0,645.4479070712371,0.08318911282817333,0.6545046132915656,0.15139509782227004,0.22311297072461886,0.6193652352142518
1.4958461538461527,0.24026341148533037,0.0,641.6806385670649,0.08272254284484953,0.6549094628684817,0.15019297042765717,0.22314406328238387,0.6202567639741079
1.4963461538461527,0.24100371047973534,0.0,637.9316714929851,0.08225859028645482,0.6553141756603169,0.14899894165642266,0.22317515584014888,0.6211469467451312
1.4968461538461526,0.24174400947414032,0.0,634.2009896847311,0.08179724054200463,0.6557187507643337,0.147812984967045,0.2232062483979139,0.6220357826043657
1.4973461538461525,0.24248430846854552,0.0,630.4885765411741,0.0813384790005144,0.6561231872777948,0.14663507319839456,0.2232373409556789,0.6229232706378107
1.4978461538461525,0.2432246074629505,0.0,626.7944150271194,0.08088229105099957,0.6565274842979628,0.14546517858128255,0.22326843351344391,0.623809409940414
1.4983461538461524,0.2439649064573557,0.0,623.1184876760573,0.08042866208247558,0.6569316409221001,0.14430327275002527,0.22329952607120893,0.6246941996160623
1.4988461538461524,0.24470520545176067,0.0,619.4607765929961,0.07997757748395787,0.6573356562474694,0.14314932675399558,0.22333061862897394,0.6255776387775751
1.4993461538461523,0.24544550444616564,0.0,615.8212270702398,0.07952903362834973,0.6577395300676493,0.14200334388634783,0.22336171118673895,0.6264597280666022
1.4998461538461523,0.24618580344057084,0.0,612.1996944584479,0.079083015301341,0.6581432639025709,0.14086529321763352,0.22339280374450396,0.6273404718903468
1.5003461538461522,0.2469261024349758,0.0,608.5960923790309,0.07863949160346913,0.6585468581710097,0.1397350964688158,0.22342389630226897,0.6282198722420644
1.5008461538461522,0.247666401429381,0.0,605.0103117386825,0.07819844964315191,0.6589503137377594,0.13861272833813518,0.223454988860034,0.629097932080444
1.501346153846152,0.248406700423786,0.0,601.4422441026226,0.07775987652880716,0.6593536314676143,0.13749816294698747,0.223486081417799,0.6299746543549045
1.501846153846152,0.24914699941819096,0.0,597.8917816922407,0.0773237593688527,0.6597568122253685,0.13639137385058933,0.223517173975564,0.6308500420056022
1.502346153846152,0.24988729841259616,0.0,594.3588173822287,0.07689008527170635,0.660159856875816,0.1352923340486425,0.22354826653332904,0.631724097963438
1.502846153846152,0.25062759740700113,0.0,590.843244697995,0.07645884134578591,0.6605627662837511,0.1342010159959998,0.22357935909109405,0.6325968251500658
1.503346153846152,0.25136789640140633,0.0,587.3449578132006,0.07603001469950921,0.6609655413139677,0.13311739161332498,0.22361045164885907,0.6334682264778988
1.5038461538461518,0.2521081953958113,0.0,583.8638515470212,0.07560359244129405,0.6613681828312599,0.1320414322977413,0.22364154420662408,0.6343383048501179
1.5043461538461518,0.2528484943902163,0.0,580.3998213616858,0.07517956167955826,0.6617706917004219,0.130973108933472,0.2236726367643891,0.6352070631606791
1.5048461538461517,0.2535887933846215,0.0,576.9527633598335,0.07475790952271964,0.6621730687862477,0.12991239190246348,0.2237037293221541,0.6360745042943199
1.5053461538461517,0.25432909237902646,0.0,573.52257428204,0.074338623079196,0.6625753149535316,0.12885925109498955,0.2237348218799191,0.6369406311265677
1.5058461538461516,0.25506939137343165,0.0,570.1091515043131,0.07392168945740518,0.6629774310670674,0.12781365592023494,0.22376591443768412,0.6378054465237459
1.5063461538461516,0.25580969036783663,0.0,566.7123930355165,0.07350709576576497,0.6633794179916495,0.12677557531685024,0.22379700699544913,0.6386689533429826
1.5068461538461515,0.2565499893622418,0.0,563.3321975149436,0.0730948291126932,0.6637812765920718,0.12574497776348473,0.22382809955321414,0.6395311544322164
1.5073461538461514,0.2572902883566468,0.0,559.9684642098789,0.07268487660660768,0.6641830077331283,0.12472183128927823,0.22385919211097915,0.6403920526302036
1.5078461538461514,0.2580305873510518,0.0,556.6210930130121,0.0722772253559262,0.6645846122796134,0.12370610348432998,0.22389028466874417,0.6412516507665267
1.5083461538461513,0.258770886345457,0.0,553.2899844401511,0.07187186246906661,0.664986091096321,0.12269776151012203,0.22392137722650918,0.6421099516615991
1.5088461538461513,0.25951118533986195,0.0,549.9750396277726,0.07146877505444671,0.6653874450480451,0.12169677210990341,0.2239524697842742,0.6429669581266741
1.5093461538461512,0.26025148433426715,0.0,546.6761603305023,0.07106795022048432,0.6657886749995802,0.12070310161903477,0.2239835623420392,0.6438226729638512
1.5098461538461512,0.2609917833286721,0.0,543.3932489188759,0.07066937507559723,0.66618978181572,0.11971671597528587,0.2240146548998042,0.6446770989660822
1.5103461538461511,0.2617320823230771,0.0,540.1262083769407,0.07027303672820329,0.6665907663612587,0.11873758072908451,0.22404574745756922,0.6455302389171786
1.510846153846151,0.2624723813174823,0.0,536.8749422998001,0.06987892228672028,0.6669916295009904,0.11776566105371405,0.22407684001533426,0.6463820955918189
1.511346153846151,0.26321268031188727,0.0,533.6393548913657,0.06948701885956604,0.6673923720997094,0.11680092175546039,0.22410793257309924,0.6472326717555543
1.511846153846151,0.26395297930629247,0.0,530.4193509621099,0.06909731355515837,0.6677929950222095,0.11584332728370188,0.22413902513086428,0.648081970164816
1.512346153846151,0.26469327830069744,0.0,527.2148359265309,0.0687097934819151,0.6681934991332849,0.11489284174093956,0.2241701176886293,0.6489299935669215
1.5128461538461508,0.2654335772951024,0.0,524.0257158011276,0.06832444574825403,0.6685938852977298,0.11394942889277306,0.2242012102463943,0.6497767447000821
1.5133461538461508,0.2661738762895076,0.0,520.8518972019842,0.06794125746259298,0.6689941543803382,0.11301305217780792,0.22423230280415932,0.6506222262934075
1.5138461538461507,0.2669141752839126,0.0,517.6936771242348,0.0675602405186623,0.6693942991106243,0.11208374161158964,0.22426339536192433,0.6514664239140455
1.5143461538461507,0.2676544742783178,0.0,514.5504400738658,0.06718135780732268,0.6697943312343027,0.11116139546462744,0.22429448791968934,0.6523093632493577
1.5148461538461506,0.26839477327272276,0.0,511.42203467084676,0.06680459324989996,0.6701942528967995,0.11024596772904317,0.22432558047745435,0.6531510496737875
1.5153461538461506,0.26913507226712774,0.0,508.3084042253655,0.06642993597606364,0.6705940642770835,0.10933742605972292,0.22435667303521936,0.6539914844085133
1.5158461538461505,0.26987537126153294,0.0,505.20949223257054,0.06605737511548322,0.6709937655541234,0.1084357377955176,0.22438776559298437,0.6548306686726559
1.5163461538461505,0.2706156702559379,0.0,502.12524237206304,0.06568689979782816,0.6713933569068878,0.10754086996783344,0.22441885815074938,0.6556686036832782
1.5168461538461504,0.2713559692503431,0.0,499.0555985074743,0.06531849915276795,0.6717928385143457,0.10665278930917539,0.2244499507085144,0.6565052906553879
1.5173461538461503,0.2720962682447481,0.0,496.0005046860868,0.0649521623099721,0.6721922105554654,0.10577146226163522,0.2244810432662794,0.6573407308019378
1.5178461538461503,0.2728365672391533,0.0,492.95990513836983,0.06458787839911007,0.6725914732092158,0.10489685498533123,0.22451213582404445,0.6581749253338276
1.5183461538461502,0.27357686623355826,0.0,489.93374427741986,0.06422563654985135,0.6729906266545655,0.1040289333667917,0.22454322838180943,0.6590078754599051
1.5188461538461502,0.27431716522796323,0.0,486.92196669875074,0.06386542589186543,0.6733896710704834,0.10316766302728099,0.22457432093957444,0.6598395823869674
1.5193461538461501,0.27505746422236843,0.0,483.92451717974825,0.06350723555482181,0.6737886066359381,0.10231300933107036,0.22460541349733948,0.6606700473197618
1.51984615384615,0.2757977632167734,0.0,480.94134067915496,0.06315105466838997,0.6741874335298981,0.10146493739364751,0.2246365060551045,0.6614992714609866
1.52034615384615,0.2765380622111786,0.0,477.97238233680514,0.06279687236223938,0.6745861519313323,0.10062341208986729,0.2246675986128695,0.6623272560112948
1.52084615384615,0.2772783612055836,0.0,475.0175874730415,0.062444677766039534,0.6749847620192094,0.09978839806203738,0.2246986911706345,0.6631540021692923
1.52134615384615,0.27801866019998855,0.0,472.07690158840956,0.06209446000945993,0.675383263972498,0.0989598597279425,0.22472978372839952,0.6639795111315405
1.5218461538461499,0.27875895919439375,0.0,469.1502703631589,0.06174620822217004,0.6757816579701669,0.09813776128880586,0.22476087628616453,0.6648037840925578
1.5223461538461498,0.2794992581887987,0.0,466.23763965680115,0.06139991153383936,0.6761799441911847,0.09732206673717812,0.22479196884392955,0.6656268222448205
1.5228461538461497,0.2802395571832039,0.0,463.33895550775014,0.06105555907413738,0.67657812281452,0.09651273986476527,0.22482306140169456,0.6664486267787637
1.5233461538461497,0.2809798561776089,0.0,460.4541641328266,0.060713139972733574,0.6769761940191418,0.09570974427018464,0.22485415395945957,0.6672691988827835
1.5238461538461496,0.2817201551720139,0.0,457.583211926872,0.06037264335929743,0.6773741579840186,0.09491304336665073,0.22488524651722458,0.6680885397432366
1.5243461538461496,0.2824604541664191,0.0,454.72604546228274,0.06003405836349844,0.677772014888119,0.09412260038959445,0.2249163390749896,0.6689066505444432
1.5248461538461495,0.28320075316082405,0.0,451.8826114886382,0.059697374115006085,0.6781697649104119,0.0933383784042058,0.2249474316327546,0.6697235324686878
1.5253461538461495,0.28394105215522925,0.0,449.05285693224977,0.05936257974348986,0.6785674082298659,0.09256034031290493,0.2249785241905196,0.6705391866962193
1.5258461538461494,0.2846813511496342,0.0,446.23672889573703,0.05902966437861924,0.6789649450254498,0.09178844886274186,0.22500961674828462,0.6713536144052537
1.5263461538461494,0.2854216501440392,0.0,443.43417465757784,0.05869861715006372,0.6793623754761321,0.09102266665272174,0.22504070930604964,0.6721668167719742
1.5268461538461493,0.2861619491384444,0.0,440.64514167176605,0.05836942718749279,0.6797596997608817,0.09026295614105018,0.22507180186381465,0.6729787949705337
1.5273461538461492,0.28690224813284937,0.0,437.8695775672573,0.05804208362057592,0.6801569180586671,0.08950927965230837,0.22510289442157966,0.6737895501730542
1.5278461538461492,0.28764254712725457,0.0,435.10743014773277,0.057716575578982604,0.6805540305484571,0.0887615993845488,0.2251339869793447,0.6745990835496298
1.5283461538461491,0.28838284612165954,0.0,432.3586473909425,0.05739289219238233,0.6809510374092205,0.08801987741631362,0.22516507953710968,0.6754073962683271
1.528846153846149,0.2891231451160645,0.0,429.6231774485482,0.057071022590444595,0.6813479388199257,0.08728407571357517,0.2251961720948747,0.6762144894951856
1.529346153846149,0.2898634441104697,0.0,426.90113833884084,0.056750964879698544,0.6817447310593265,0.08655417862959887,0.22522726465263973,0.6770203564779962
1.529846153846149,0.2906037431048747,0.0,424.19271555284183,0.056432716418284616,0.682141408804703,0.08583016780975275,0.22525835721040474,0.6778249872555517
1.530346153846149,0.2913440420992799,0.0,421.49752773113266,0.05611624616272318,0.6825379797788891,0.08511195398672602,0.22528944976816975,0.678628398332688
1.5308461538461489,0.29208434109368486,0.0,418.8155681514289,0.055801545045704865,0.6829344431121434,0.0843995032280693,0.22532054232593476,0.6794305887608206
1.5313461538461488,0.29282464008808984,0.0,416.14682968888224,0.05548860399992029,0.6833307979347244,0.08369278148431422,0.22535163488369978,0.6802315575999416
1.5318461538461488,0.29356493908249504,0.0,413.4913048180865,0.0551774139580601,0.6837270433768905,0.08299175459489334,0.2253827274414648,0.681031303918612
1.5323461538461487,0.2943052380769,0.0,410.84898561516695,0.05486796585281491,0.6841231785689005,0.08229638829400202,0.2254138199992298,0.6818298267939582
1.5328461538461486,0.2950455370713052,0.0,408.21986375999927,0.05456025061687535,0.6845192026410126,0.08160664821639133,0.2254449125569948,0.6826271253116631
1.5333461538461486,0.2957858360657102,0.0,405.60393053824214,0.05425425918293205,0.6849151147234855,0.08092249990310638,0.22547600511475982,0.6834231985659622
1.5338461538461485,0.2965261350601154,0.0,403.00117684355206,0.05394998248367564,0.6853109139465776,0.08024390880715691,0.22550709767252483,0.6842180456596356
1.5343461538461485,0.29726643405452036,0.0,400.4115931796881,0.05364741145179675,0.6857065994405476,0.07957084029912638,0.22553819023028984,0.6850116657040038
1.5348461538461484,0.29800673304892533,0.0,397.835169662772,0.053346537019986005,0.6861021703356537,0.07890325967271715,0.22556928278805485,0.6858040578189191
1.5353461538461484,0.29874703204333053,0.0,395.2718960234146,0.053047350120934034,0.6864976257621547,0.07824113215023032,0.22560037534581986,0.6865952211327614
1.5358461538461483,0.2994873310377355,0.0,392.72176160902154,0.052749841687331475,0.6868929648503089,0.07758442288798341,0.22563146790358488,0.6873851547824302
1.5363461538461483,0.3002276300321407,0.0,390.18475538596545,0.05245400265186894,0.687288186730375,0.07693309698166063,0.22566256046134991,0.6881738579133392
1.5368461538461482,0.3009679290265457,0.0,387.6608659417886,0.05215982394723707,0.6876832905326112,0.07628711947160075,0.22569365301911493,0.688961329679409
1.5373461538461481,0.30170822802095065,0.0,385.1500814875833,0.05186729650612648,0.6880782753872764,0.07564645534801637,0.2257247455768799,0.6897475692430619
1.537846153846148,0.30244852701535585,0.0,382.65238986027657,0.05157641126122782,0.6884731404246289,0.07501106955615013,0.22575583813464495,0.6905325757752138
1.538346153846148,0.3031888260097608,0.0,380.1677785247843,0.0512871591452317,0.6888678847749272,0.07438092700136412,0.22578693069240996,0.691316348455268
1.538846153846148,0.303929125004166,0.0,377.69623457649055,0.050999531090828755,0.6892625075684299,0.07375599255416339,0.22581802325017497,0.6920988864711094
1.539346153846148,0.304669423998571,0.0,375.23774474349705,0.050713518030709615,0.6896570079353954,0.07313623105515214,0.22584911580793998,0.692880189019097
1.5398461538461479,0.305409722992976,0.0,372.79229538902433,0.050429110897564904,0.6900513850060822,0.07252160731992649,0.225880208365705,0.6936602553040565
1.5403461538461478,0.30615002198738117,0.0,370.35987251374473,0.050146300624085254,0.690445637910749,0.07191208614389695,0.22591130092347,0.6944390845392758
1.5408461538461478,0.30689032098178615,0.0,367.9404617581558,0.04986507814296129,0.6908397657796541,0.07130763230704774,0.22594239348123502,0.6952166759464952
1.5413461538461477,0.30763061997619134,0.0,365.53404840503214,0.04958543438688365,0.6912337677430561,0.07070821057862825,0.22597348603900003,0.6959930287559024
1.5418461538461476,0.3083709189705963,0.0,363.1406173818442,0.04930736028854295,0.6916276429312136,0.07011378572177719,0.22600457859676504,0.6967681422061254
1.5423461538461476,0.3091112179650015,0.0,360.76015326312256,0.04903084678062982,0.6920213904743849,0.06952432249808192,0.22603567115453005,0.6975420155442242
1.5428461538461475,0.3098515169594065,0.0,358.3926402729832,0.0487558847958349,0.6924150095028287,0.06893978567207111,0.22606676371229506,0.6983146480256859
1.5433461538461475,0.31059181595381147,0.0,356.03806228757327,0.0484824652668488,0.6928084991468034,0.06836014001563767,0.22609785627006007,0.6990860389144149
1.5438461538461474,0.31133211494821666,0.0,353.69640283754575,0.048210579126362174,0.6932018585365676,0.06778535031240146,0.22612894882782508,0.6998561874827287
1.5443461538461474,0.31207241394262164,0.0,351.3676451105985,0.04794021730706563,0.6935950868023797,0.06721538136200099,0.2261600413855901,0.7006250930113481
1.5448461538461473,0.3128127129370266,0.0,349.0517719539469,0.0476713707416498,0.6939881830744983,0.0666501979843206,0.2261911339433551,0.7013927547893917
1.5453461538461473,0.3135530119314318,0.0,346.74876587690795,0.04740403036280531,0.6943811464831817,0.06608976502365091,0.22622222650112012,0.7021591721143673
1.5458461538461472,0.3142933109258368,0.0,344.4586963316127,0.047138202444464046,0.6947739739255041,0.0655340837365029,0.22625331905888513,0.7029243399450611
1.5463461538461472,0.315033609920242,0.0,342.1815471709342,0.04687387119895786,0.6951666644578225,0.06498310260235327,0.22628441161665017,0.7036882574688463
1.546846153846147,0.31577390891464696,0.0,339.9172441524032,0.04661101655264812,0.6955592186234907,0.06443676039981147,0.22631550417441518,0.7044509267693255
1.547346153846147,0.31651420790905216,0.0,337.6657724628588,0.04634963100003904,0.695951635440485,0.06389502586192117,0.2263465967321802,0.7052123469664677
1.547846153846147,0.31725450690345713,0.0,335.4271169080281,0.04608970703563483,0.6963439139267816,0.06335786772277284,0.2263776892899452,0.7059725171897137
1.548346153846147,0.3179948058978621,0.0,333.2012619157009,0.0458312371539397,0.696736053100357,0.06282525472116123,0.2264087818477102,0.7067314365779673
1.5488461538461469,0.3187351048922673,0.0,330.9881915386482,0.045574213849457874,0.6971280519791873,0.06229715560418901,0.22643987440547522,0.7074891042795858
1.5493461538461468,0.3194754038866723,0.0,328.7878894576659,0.04531862961669357,0.6975199095812488,0.06177353913082079,0.22647096696324023,0.7082455194523727
1.5498461538461468,0.3202157028810775,0.0,326.6003389846869,0.045064476950151,0.6979116249245176,0.061254374075381805,0.22650205952100524,0.7090006812635672
1.5503461538461467,0.32095600187548246,0.0,324.42552306584383,0.04481174834433438,0.6983031970269703,0.06073962923100813,0.22653315207877026,0.7097545888898371
1.5508461538461467,0.32169630086988743,0.0,322.26342428455524,0.04456043629374792,0.6986946249065829,0.06022927341303908,0.22656424463653527,0.7105072415172679
1.5513461538461466,0.32243659986429263,0.0,320.1140248647,0.04431053329289583,0.6990859075813317,0.059723275462363765,0.22659533719430028,0.7112586383413557
1.5518461538461465,0.3231768988586976,0.0,317.9773066737571,0.04406203183628235,0.6994770440691931,0.05922160424871307,0.2266264297520653,0.7120087785669971
1.5523461538461465,0.3239171978531028,0.0,315.85325122592087,0.04381492441841167,0.6998680333881432,0.05872422867389755,0.2266575223098303,0.7127576614084798
1.5528461538461464,0.3246574968475078,0.0,313.7418396853967,0.04356920353378802,0.7002588745561583,0.058231117674996946,0.2266886148675953,0.7135052860894744
1.5533461538461464,0.32539779584191275,0.0,311.64305286950344,0.043324861676915606,0.7006495665912148,0.05774224022749664,0.22671970742536032,0.7142516518430244
1.5538461538461463,0.32613809483631795,0.0,309.5568712520212,0.04308189134229865,0.701040108511289,0.05725756534837298,0.22675079998312536,0.7149967579115374
1.5543461538461463,0.3268783938307229,0.0,307.4832749663165,0.042840285024441364,0.7014304993343569,0.056777062099127036,0.22678189254089035,0.7157406035467746
1.5548461538461462,0.3276186928251281,0.0,305.42224380881987,0.04260003521784796,0.7018207380783948,0.05630069958876751,0.22681298509865538,0.7164831880098431
1.5553461538461462,0.3283589918195331,0.0,303.3737572420618,0.04236113441702267,0.7022108237613792,0.055828446976742295,0.2268440776564204,0.7172245105711852
1.555846153846146,0.3290992908139383,0.0,301.3377943982481,0.042123575116469684,0.7026007554012863,0.05536027347582029,0.2268751702141854,0.7179645705105691
1.556346153846146,0.32983958980834327,0.0,299.3143340824598,0.04188734981069324,0.7029905320160922,0.0548961483549219,0.22690626277195042,0.7187033671170793
1.556846153846146,0.33057988880274825,0.0,297.30335477600755,0.04165245099419754,0.7033801526237733,0.05443604094190049,0.22693735532971543,0.7194408996891071
1.557346153846146,0.33132018779715344,0.0,295.30483463992664,0.0414188711614868,0.7037696162423059,0.05397992062627154,0.22696844788748044,0.7201771675343409
1.5578461538461459,0.3320604867915584,0.0,293.31875151829666,0.04118660280706524,0.7041589218896662,0.05352775686189556,0.22699954044524545,0.7209121699697557
1.5583461538461458,0.3328007857859634,0.0,291.3450829416715,0.04095563842543706,0.7045480685838305,0.05307951916960805,0.22703063300301046,0.7216459063216041
1.5588461538461458,0.3335410847803686,0.0,289.38380613057166,0.04072597051110651,0.704937055342775,0.05263517713980377,0.22706172556077547,0.7223783759254061
1.5593461538461457,0.33428138377477357,0.0,287.43489799893524,0.040497591558577774,0.7053258811844759,0.05219470043496815,0.22709281811854048,0.7231095781259388
1.5598461538461457,0.33502168276917876,0.0,285.49833515758866,0.040270494062355076,0.7057145451269097,0.05175805879216555,0.2271239106763055,0.7238395122772268
1.5603461538461456,0.33576198176358374,0.0,283.5740939178045,0.04004467051694264,0.7061030461880525,0.05132522202547381,0.2271550032340705,0.7245681777425319
1.5608461538461456,0.33650228075798894,0.0,281.6621502948151,0.03982011341684467,0.7064913833858806,0.050896160028374555,0.22718609579183552,0.7252955738943427
1.5613461538461455,0.3372425797523939,0.0,279.76248001137003,0.03959681525656538,0.7068795557383702,0.05047084277609518,0.22721718834960053,0.7260217001143648
1.5618461538461454,0.3379828787467989,0.0,277.8750585012831,0.03937476853060899,0.7072675622634977,0.05004924032790287,0.22724828090736554,0.7267465557935103
1.5623461538461454,0.3387231777412041,0.0,275.9998609131163,0.03915396573347973,0.7076554019792394,0.049631322829353716,0.22727937346513055,0.7274701403318874
1.5628461538461453,0.33946347673560906,0.0,274.1368237848534,0.03893440866353619,0.708043075002905,0.04921708080085587,0.22731046602289556,0.7281924551857164
1.5633461538461453,0.34020377573001426,0.0,272.2858499071094,0.03871609485435033,0.7084305824299374,0.04880649554675256,0.2273415585806606,0.7289135036283625
1.5638461538461452,0.34094407472441923,0.0,270.44695258380943,0.038498999887261895,0.7088179221847364,0.04839950067363861,0.2273726511384256,0.7296332830331179
1.5643461538461452,0.3416843737188242,0.0,268.6200922245779,0.038283117606668894,0.7092050937013964,0.04799606969322326,0.2274037436961906,0.7303517935930688
1.5648461538461451,0.3424246727132294,0.0,266.80522916166296,0.03806844185696938,0.7095920964140117,0.04759617617375027,0.22743483625395564,0.7310690355063498
1.565346153846145,0.3431649717076344,0.0,265.0023236520506,0.037854966482561384,0.7099789297566766,0.04719979374207433,0.22746592881172065,0.7317850089761393
1.565846153846145,0.3439052707020396,0.0,263.2113358795972,0.037642685327842935,0.7103655931634859,0.04680689608570134,0.22749702136948566,0.7324997142106526
1.566346153846145,0.34464556969644455,0.0,261.43222595717765,0.03743159223721208,0.7107520860685336,0.04641745695478957,0.22752811392725067,0.7332131514231346
1.566846153846145,0.34538586869084953,0.0,259.66495392876084,0.03722168105506685,0.7111384079059143,0.04603145016411434,0.22755920648501568,0.7339253208318561
1.5673461538461448,0.3461261676852547,0.0,257.9094797716434,0.03701294562580528,0.7115245581097224,0.045648849594994365,0.2275902990427807,0.7346362226601054
1.5678461538461448,0.3468664666796597,0.0,256.16576339850866,0.03680537979382541,0.7119105361140522,0.045269629197182554,0.2276213916005457,0.7353458571361836
1.5683461538461447,0.3476067656740649,0.0,254.43376465964408,0.03659897740352527,0.7122963413529981,0.0448937629907175,0.22765248415831071,0.7360542244933974
1.5688461538461447,0.3483470646684699,0.0,252.71344334508544,0.03639373229930289,0.7126819732606546,0.04452122506774126,0.22768357671607573,0.7367613249700536
1.5693461538461446,0.34908736366287507,0.0,251.0047591867679,0.03618963832555632,0.713067431271116,0.044151989594278,0.22771466927384074,0.7374671588094525
1.5698461538461446,0.34982766265728005,0.0,249.30767186076451,0.03598668932668359,0.7134527148184769,0.04378603081197815,0.22774576183160575,0.7381717262598817
1.5703461538461445,0.350567961651685,0.0,247.62214098939157,0.035784879147082733,0.7138378233368314,0.04342332303982611,0.22777685438937076,0.7388750275746094
1.5708461538461445,0.3513082606460902,0.0,245.94812614344133,0.035584201631151786,0.7142227562602741,0.043063840675811434,0.22780794694713577,0.7395770630118792
1.5713461538461444,0.3520485596404952,0.0,244.2855868444211,0.03538465062328879,0.7146075130228994,0.04270755819856646,0.22783903950490078,0.7402778328349027
1.5718461538461443,0.35278885863490017,0.0,242.63448256670023,0.03518621996789178,0.7149920930588015,0.04235445016896682,0.2278701320626658,0.7409773373118531
1.5723461538461443,0.35352915762930537,0.0,240.99477273972465,0.03498890350935878,0.7153764958020751,0.042004491231698304,0.22790122462043083,0.7416755767158604
1.5728461538461442,0.35426945662371034,0.0,239.36641675025737,0.034792695092087836,0.7157607206868144,0.041657656116788136,0.22793231717819584,0.7423725513250028
1.5733461538461442,0.35500975561811554,0.0,237.7493739446453,0.03459758856047698,0.7161447671471138,0.041313919641103404,0.22796340973596085,0.7430682614223016
1.5738461538461441,0.3557500546125205,0.0,236.14360363098618,0.034403577758924254,0.7165286346170677,0.040973256709813055,0.22799450229372586,0.7437627072957147
1.574346153846144,0.3564903536069257,0.0,234.54906508140022,0.03421065653182769,0.7169123225307706,0.040635642317818674,0.22802559485149088,0.7444558892381301
1.574846153846144,0.3572306526013307,0.0,232.96571753427924,0.03401881872358532,0.7172958303223169,0.04030105155115035,0.2280566874092559,0.745147807547359
1.575346153846144,0.35797095159573566,0.0,231.39352019656252,0.03382805817859519,0.7176791574258009,0.039969459588328926,0.2280877799670209,0.7458384625261298
1.575846153846144,0.35871125059014086,0.0,229.83243224596163,0.03363836874125532,0.718062303275317,0.0396408417016974,0.2281188725247859,0.7465278544820811
1.5763461538461438,0.35945154958454584,0.0,228.2824128332506,0.03344974425596376,0.7184452673049596,0.03931517325871733,0.22814996508255092,0.7472159837277562
1.5768461538461438,0.36019184857895103,0.0,226.7434210845435,0.033262178567118536,0.7188280489488232,0.0389924297232351,0.22818105764031593,0.7479028505805952
1.5773461538461437,0.360932147573356,0.0,225.21541610359824,0.03307566551911769,0.7192106476410022,0.03867258665671471,0.22821215019808094,0.7485884553629292
1.5778461538461437,0.361672446567761,0.0,223.69835697407996,0.03289019895635926,0.7195930628155909,0.038355619719440084,0.22824324275584595,0.7492727984019734
1.5783461538461436,0.3624127455621662,0.0,222.19220276183216,0.03270577272324127,0.7199752939066837,0.03804150467168506,0.22827433531361097,0.7499558800298209
1.5788461538461436,0.36315304455657116,0.0,220.69691251729543,0.03252238066416177,0.720357340348375,0.03773021737485398,0.22830542787137598,0.7506377005834356
1.5793461538461435,0.36389334355097636,0.0,219.2124452776706,0.03234001662351879,0.7207392015747592,0.03742173379259033,0.228336520429141,0.7513182604046462
1.5798461538461435,0.36463364254538133,0.0,217.7387600693703,0.03215867444571036,0.7211208770199309,0.03711602999185539,0.228367612986906,0.7519975598401387
1.5803461538461434,0.3653739415397863,0.0,216.2758159102527,0.031978347975134526,0.7215023661179842,0.03681308214397806,0.228398705544671,0.75267559924145
1.5808461538461434,0.3661142405341915,0.0,214.8235127672031,0.031799040516056656,0.721883670216072,0.03651288482535554,0.22842979810243605,0.753352382358155
1.5813461538461433,0.3668545395285965,0.0,213.38171448151763,0.03162074942618841,0.7222647918614484,0.03621542126073103,0.22846089066020103,0.7540279150517712
1.5818461538461432,0.3675948385230017,0.0,211.9504385665435,0.03144345323462168,0.7226457286305167,0.03592063838611731,0.22849198321796607,0.7547021943657621
1.5823461538461432,0.36833513751740665,0.0,210.52963137733178,0.03126714694461099,0.7230264804031946,0.03562851507950569,0.22852307577573108,0.755375221435453
1.5828461538461431,0.36907543651181185,0.0,209.11923944710642,0.031091825559410844,0.7234070470593998,0.035339030294984274,0.2285541683334961,0.7560469973966804
1.583346153846143,0.3698157355062168,0.0,207.71920948764716,0.030917484082275754,0.7237874284790502,0.03505216306378174,0.2285852608912611,0.7567175233857915
1.583846153846143,0.3705560345006218,0.0,206.3294883898283,0.03074411751646023,0.7241676245420634,0.03476789249528819,0.22861635344902612,0.7573868005396425
1.584346153846143,0.371296333495027,0.0,204.9500232241028,0.03057172086521878,0.7245476351283572,0.03448619777804918,0.22864744600679113,0.7580548299955975
1.584846153846143,0.372036632489432,0.0,203.58076124099608,0.03040028913180591,0.7249274601178494,0.034207058180737285,0.22867853856455614,0.7587216128915264
1.5853461538461429,0.37277693148383695,0.0,202.22164987159087,0.03022981731947614,0.7253070993904577,0.03393045305309859,0.22870963112232115,0.7593871503658038
1.5858461538461428,0.37351723047824215,0.0,200.87263672805744,0.030060300431483968,0.7256865528260997,0.03365636182687565,0.22874072368008616,0.7600514435573081
1.5863461538461427,0.3742575294726471,0.0,199.5336696040856,0.02989173347108391,0.7260658203046935,0.03338476401670672,0.22877181623785117,0.7607144936054193
1.5868461538461427,0.3749978284670523,0.0,198.20469647544198,0.029724111441530476,0.7264449017061565,0.033115639221001233,0.22880290879561618,0.7613763016500179
1.5873461538461426,0.3757381274614573,0.0,196.88566550042987,0.029557429346078176,0.7268237969104065,0.03284896712279228,0.2288340013533812,0.7620368688314834
1.5878461538461426,0.3764784264558625,0.0,195.5765250204023,0.029391682187981518,0.7272025057973616,0.03258472749056645,0.22886509391114623,0.7626961962906934
1.5883461538461425,0.37721872545026747,0.0,194.277223560214,0.029226864970495016,0.727581028246939,0.032322900179069906,0.22889618646891122,0.7633542851690209
1.5888461538461425,0.37795902444467244,0.0,192.9877098287969,0.02906297269687317,0.7279593641390568,0.032063465130092415,0.22892727902667623,0.7640111366083345
1.5893461538461424,0.37869932343907764,0.0,191.7079327196123,0.0289000003703705,0.7283375133536327,0.031806402373229625,0.22895837158444127,0.764666751750996
1.5898461538461424,0.3794396224334826,0.0,190.43784131109575,0.028737942994241508,0.7287154757705844,0.03155169202662171,0.22898946414220628,0.7653211317398585
1.5903461538461423,0.3801799214278878,0.0,189.17738486725875,0.028576795571740712,0.7290932512698297,0.03129931429767172,0.2290205566999713,0.7659742777182665
1.5908461538461423,0.3809202204222928,0.0,187.9265128381079,0.028416553106122615,0.7294708397312862,0.031049249483740958,0.2290516492577363,0.7666261908300529
1.5913461538461422,0.38166051941669776,0.0,186.6851748601861,0.02825721060064173,0.7298482410348718,0.030801477972824128,0.2290827418155013,0.7672768722195384
1.5918461538461421,0.38240081841110296,0.0,185.45332075704465,0.02809876305855256,0.7302254550605042,0.03055598024420177,0.22911383437326632,0.7679263230315305
1.592346153846142,0.38314111740550794,0.0,184.23090053975037,0.027941205483109625,0.7306024816881012,0.03031273686907345,0.22914492693103133,0.7685745444113206
1.592846153846142,0.38388141639991313,0.0,183.01786440737595,0.02778453287756743,0.7309793207975803,0.030071728511169158,0.22917601948879635,0.7692215375046837
1.593346153846142,0.3846217153943181,0.0,181.8141627475245,0.027628740245180486,0.7313559722688595,0.02983293592733985,0.22920711204656136,0.769867303457877
1.593846153846142,0.3853620143887231,0.0,180.61974613680346,0.0274738225892033,0.7317324359818566,0.02959633996812944,0.22923820460432637,0.7705118434176381
1.5943461538461419,0.3861023133831283,0.0,179.43456534132426,0.027319774912890386,0.7321087118164891,0.029361921578324873,0.22926929716209138,0.7711551585311833
1.5948461538461418,0.38684261237753326,0.0,178.25857131722802,0.027166592219496247,0.7324847996526749,0.029129661797487775,0.2293003897198564,0.771797249946207
1.5953461538461418,0.38758291137193845,0.0,177.0917152111518,0.0270142695122754,0.7328606993703317,0.02889954176046577,0.2293314822776214,0.7724381188108792
1.5958461538461417,0.38832321036634343,0.0,175.9339483607632,0.026862801794482354,0.7332364108493773,0.028671542697885216,0.2293625748353864,0.773077766273845
1.5963461538461416,0.3890635093607486,0.0,174.78522229522767,0.026712184069371613,0.7336119339697293,0.028445645936625116,0.22939366739315142,0.7737161934842225
1.5968461538461416,0.3898038083551536,0.0,173.64548873574344,0.026562411340197687,0.7339872686113057,0.028221832900270576,0.22942475995091643,0.7743534015916019
1.5973461538461415,0.3905441073495586,0.0,172.51469959600962,0.026413478610215094,0.734362414654024,0.028000085109550408,0.22945585250868145,0.7749893917460436
1.5978461538461415,0.3912844063439638,0.0,171.39280698276156,0.026265380882678338,0.7347373719778021,0.027780384182754116,0.22948694506644646,0.7756241650980774
1.5983461538461414,0.39202470533836875,0.0,170.27976319624818,0.02611811316084193,0.7351121404625576,0.027562711836132563,0.22951803762421147,0.7762577227986995
1.5988461538461414,0.3927650043327737,0.0,169.17552073072653,0.02597167044796038,0.7354867199882084,0.0273470498842798,0.22954913018197648,0.7768900659993735
1.5993461538461413,0.3935053033271789,0.0,168.0800322750302,0.025826047747288194,0.7358611104346722,0.027133380240498037,0.22958022273974152,0.7775211958520267
1.5998461538461413,0.3942456023215839,0.0,166.9931962974108,0.025681254421705848,0.7362353136815483,0.02692170895469922,0.2296113152975065,0.7781511168728596
1.6003461538461412,0.3949859013159891,0.0,165.91491501658075,0.025537281432715928,0.7366093315033254,0.02671201131565447,0.22964240785527154,0.7787798333828919
1.6008461538461412,0.39572620031039407,0.0,164.84516654395563,0.02539411084563884,0.7369831628990609,0.026504247911340265,0.22967350041303655,0.7794073450300321
1.601346153846141,0.39646649930479927,0.0,163.78389630704524,0.02525173868181762,0.7373568080761372,0.02629840279583266,0.22970459297080156,0.7800336534950414
1.601846153846141,0.39720679829920424,0.0,162.73105003649695,0.025110160962595298,0.7377302672419376,0.026094460097085288,0.22973568552856657,0.7806587604560412
1.602346153846141,0.3979470972936092,0.0,161.6865737652716,0.024969373709314912,0.7381035406038446,0.02589240401736881,0.22976677808633159,0.7812826675885138
1.602846153846141,0.3986873962880144,0.0,160.65041382770872,0.024829372943319494,0.7384766283692413,0.02569221883369598,0.2297978706440966,0.7819053765653063
1.6033461538461409,0.3994276952824194,0.0,159.62251685876066,0.024690154685952082,0.7388495307455105,0.025493888898230812,0.2298289632018616,0.7825268890566325
1.6038461538461408,0.4001679942768246,0.0,158.6028297930679,0.02455171495855571,0.7392222479400349,0.025297398638685024,0.22986005575962662,0.7831472067300745
1.6043461538461408,0.40090829327122957,0.0,157.5912998641629,0.024414049782473413,0.7395947801601974,0.02510273255869854,0.22989114831739163,0.783766331250587
1.6048461538461407,0.40164859226563476,0.0,156.5878746035792,0.024277155179048222,0.7399671276133808,0.024909875238208323,0.22992224087515664,0.7843842642804981
1.6053461538461407,0.40238889126003974,0.0,155.5925018400411,0.02414102716962318,0.7403392905069681,0.024718811333799977,0.22995333343292165,0.7850010074795131
1.6058461538461406,0.4031291902544447,0.0,154.60512969854372,0.024005661775541313,0.7407112690483421,0.024529525579048538,0.22998442599068666,0.7856165625047153
1.6063461538461405,0.4038694892488499,0.0,153.6257065996147,0.02387105501814566,0.7410830634448855,0.024342002784844483,0.2300155185484517,0.7862309310105702
1.6068461538461405,0.4046097882432549,0.0,152.65418125834174,0.023737202918779256,0.7414546739039813,0.024156227839705835,0.23004661110621671,0.7868441146489267
1.6073461538461404,0.40535008723765986,0.0,151.69050268363583,0.023604101498785134,0.7418261006330124,0.02397218571007783,0.2300777036639817,0.7874561150690196
1.6078461538461404,0.40609038623206506,0.0,150.73462017732356,0.023471746779506333,0.7421973438393613,0.023789861440618888,0.23010879622174674,0.7880669339174728
1.6083461538461403,0.40683068522647003,0.0,149.7864833333106,0.023340134782285884,0.7425684037304112,0.02360924015447386,0.23013988877951175,0.7886765728383018
1.6088461538461403,0.40757098422087523,0.0,148.84604203675386,0.02320926152846682,0.742939280513545,0.02343030705353425,0.23017098133727676,0.7892850334729148
1.6093461538461402,0.4083112832152802,0.0,147.91324646321132,0.023079123039392184,0.7433099743961451,0.02325304741868638,0.23020207389504177,0.7898923174601158
1.6098461538461402,0.4090515822096854,0.0,146.98804707780062,0.022949715336405004,0.7436804855855947,0.023077446610045665,0.23023316645280678,0.7904984264361081
1.61034615384614,0.4097918812040904,0.0,146.0703946343585,0.022821034440848313,0.7440508142892767,0.0229034900671804,0.2302642590105718,0.791103362034495
1.61084615384614,0.41053218019849536,0.0,145.16024017459378,0.022693076374065153,0.7444209607145738,0.022731163309321827,0.2302953515683368,0.7917071258862837
1.61134615384614,0.41127247919290055,0.0,144.2575350272713,0.022565837157398554,0.7447909250688687,0.022560451935563136,0.23032644412610181,0.7923097196198858
1.61184615384614,0.41201277818730553,0.0,143.36223080733677,0.02243931281219155,0.7451607075595444,0.022391341625045975,0.23035753668386683,0.7929111448611224
1.6123461538461399,0.4127530771817107,0.0,142.47427941513266,0.02231349935978718,0.7455303083939839,0.022223818137135875,0.23038862924163184,0.7935114032332241
1.6128461538461398,0.4134933761761157,0.0,141.59363303550222,0.02218839282152848,0.7458997277795698,0.022057867311585513,0.23041972179939685,0.7941104963568344
1.6133461538461398,0.4142336751705207,0.0,140.72024413701504,0.022063989218758476,0.7462689659236851,0.021893475068687045,0.23045081435716186,0.7947084258500126
1.6138461538461397,0.4149739741649259,0.0,139.8540654710656,0.02194028457282021,0.7466380230337125,0.021730627409413096,0.23048190691492687,0.7953051933282347
1.6143461538461397,0.41571427315933085,0.0,138.99505007111514,0.021817274905056715,0.747006899317035,0.021569310415546886,0.23051299947269188,0.7959008004043978
1.6148461538461396,0.41645457215373605,0.0,138.14315125180755,0.021694956236811027,0.7473755949810353,0.021409510249801058,0.2305440920304569,0.7964952486888205
1.6153461538461396,0.417194871148141,0.0,137.2983226081386,0.021573324589426176,0.7477441102330964,0.021251213155926114,0.2305751845882219,0.7970885397892468
1.6158461538461395,0.417935170142546,0.0,136.46051801465538,0.021452375984245205,0.7481124452806011,0.021094405458808474,0.23060627714598692,0.7976806753108476
1.6163461538461394,0.4186754691369512,0.0,135.6296916246347,0.021332106442611146,0.7484806003309321,0.0209390735645577,0.23063736970375195,0.7982716568562235
1.6168461538461394,0.41941576813135617,0.0,134.80579786917392,0.021212511985867027,0.7488485755914724,0.020785203960583417,0.23066846226151694,0.7988614860254071
1.6173461538461393,0.42015606712576137,0.0,133.98879145649593,0.02109358863535589,0.7492163712696048,0.020632783215663388,0.23069955481928198,0.7994501644158651
1.6178461538461393,0.42089636612016634,0.0,133.17862737099134,0.02097533241242077,0.7495839875727122,0.02048179797999988,0.230730647377047,0.8000376936225013
1.6183461538461392,0.42163666511457154,0.0,132.37526087246619,0.0208577393384047,0.7499514247081773,0.0203322349852676,0.230761739934812,0.8006240752376584
1.6188461538461392,0.4223769641089765,0.0,131.57864749531043,0.020740805434650712,0.7503186828833831,0.020184081044651782,0.230792832492577,0.8012093108511205
1.6193461538461391,0.4231172631033815,0.0,130.78874304768163,0.020624526722501847,0.7506857623057124,0.020037323052876598,0.23082392505034202,0.8017934020501156
1.619846153846139,0.4238575620977867,0.0,130.0055036106393,0.020508899223301135,0.7510526631825479,0.019891947986224616,0.23085501760810703,0.8023763504193179
1.620346153846139,0.42459786109219166,0.0,129.22888553737397,0.020393918958391613,0.7514193857212726,0.019747942902547173,0.23088611016587204,0.8029581575408501
1.620846153846139,0.42533816008659664,0.0,128.458841154179,0.0202795877245402,0.7517859303093594,0.019605303115140076,0.23091720272363706,0.803538825279368
1.621346153846139,0.42607845908100184,0.0,127.6952724989153,0.02016592543810989,0.7521522994611307,0.019464049513680592,0.23094829528140207,0.8041183588571268
1.6218461538461388,0.4268187580754068,0.0,126.93813162132777,0.0200528945692286,0.7525184936217648,0.019324121858415286,0.23097938783916708,0.8046967602065036
1.6223461538461388,0.427559057069812,0.0,126.18737142952239,0.019940492073159403,0.7528845132140968,0.019185508911315922,0.2310104803969321,0.8052740312199174
1.6228461538461387,0.428299356064217,0.0,125.44294515344144,0.01982871490516537,0.7532503586609617,0.019048199494450666,0.2310415729546971,0.8058501737852549
1.6233461538461387,0.4290396550586222,0.0,124.70480634329967,0.019717560020509575,0.7536160303851948,0.018912182490106837,0.23107266551246214,0.8064251897858761
1.6238461538461386,0.42977995405302716,0.0,123.97290886786192,0.01960702437445509,0.7539815288096311,0.018777446840906913,0.23110375807022712,0.8069990811006175
1.6243461538461386,0.43052025304743213,0.0,123.24720691290808,0.01949710492226498,0.7543468543571059,0.01864398154991635,0.23113485062799213,0.807571849603798
1.6248461538461385,0.43126055204183733,0.0,122.52765497954002,0.019387798619202326,0.7547120074504543,0.0185117756807437,0.23116594318575717,0.8081434971652233
1.6253461538461385,0.4320008510362423,0.0,121.81420788261204,0.019279102420530197,0.7550769885125114,0.018380818357633187,0.23119703574352218,0.8087140256501898
1.6258461538461384,0.4327411500306475,0.0,121.1068207490741,0.019171013281511662,0.7554417979661123,0.01825109876555022,0.2312281283012872,0.8092834369194903
1.6263461538461383,0.4334814490250525,0.0,120.40544901639599,0.019063528157409793,0.7558064362340922,0.018122606150259294,0.2312592208590522,0.8098517328294181
1.6268461538461383,0.43422174801945745,0.0,119.71004843094644,0.018956644003487667,0.7561709037392863,0.01799532981839437,0.23129031341681722,0.8104189152317718
1.6273461538461382,0.43496204701386265,0.0,119.02057504638347,0.01885035777500835,0.7565352009045296,0.01786925913752243,0.23132140597458223,0.8109849859738593
1.6278461538461382,0.4357023460082676,0.0,118.33698522207602,0.018744666427234918,0.7568993281526574,0.01774438353620015,0.23135249853234724,0.8115499468985033
1.6283461538461381,0.4364426450026728,0.0,117.659235621468,0.01863956691543044,0.7572632859065046,0.01762069250402284,0.23138359109011225,0.8121137998440455
1.628846153846138,0.4371829439970778,0.0,116.98728321054878,0.018535056194857992,0.7576270745889067,0.017498175591667605,0.23141468364787726,0.8126765466443514
1.629346153846138,0.4379232429914828,0.0,116.32108525620485,0.01843113122078064,0.7579906946226985,0.01737682241092813,0.23144577620564227,0.8132381891288138
1.629846153846138,0.438663541985888,0.0,115.6605993246843,0.01832778894846146,0.7583541464307153,0.017256622634744756,0.23147686876340728,0.8137987291223592
1.630346153846138,0.43940384098029295,0.0,115.00578327997034,0.018225026333163523,0.7587174304357922,0.01713756599722615,0.2315079613211723,0.8143581684454504
1.6308461538461378,0.44014413997469815,0.0,114.35659528226715,0.018122840330149898,0.7590805470607644,0.017019642293665458,0.2315390538789373,0.8149165089140927
1.6313461538461378,0.4408844389691031,0.0,113.71299378637447,0.01802122789468366,0.759443496728467,0.016902841380549868,0.23157014643670232,0.8154737523398372
1.6318461538461377,0.4416247379635083,0.0,113.07493754014088,0.01792018598202788,0.7598062798617352,0.01678715317556337,0.23160123899446733,0.8160299005297862
1.6323461538461377,0.4423650369579133,0.0,112.44238558290047,0.017819711547445632,0.760168896883404,0.01667256765758416,0.23163233155223234,0.8165849552865967
1.6328461538461376,0.44310533595231827,0.0,111.81529724392696,0.01771980154619999,0.7605313482163087,0.01655907486667498,0.23166342410999735,0.8171389184084861
1.6333461538461376,0.44384563494672347,0.0,111.19363214085168,0.017620452933554017,0.7608936342832844,0.016446664904068098,0.2316945166677624,0.8176917916892354
1.6338461538461375,0.44458593394112844,0.0,110.57735017811896,0.01752166266477079,0.7612557555071662,0.016335327932143692,0.23172560922552737,0.8182435769181952
1.6343461538461375,0.4453262329355334,0.0,109.96641154547194,0.017423427695113382,0.7616177123107891,0.016225054174403182,0.23175670178329238,0.818794275880288
1.6348461538461374,0.4460665319299386,0.0,109.36077671636926,0.017325744979844862,0.7619795051169885,0.016115833915435862,0.23178779434105742,0.8193438903560151
1.6353461538461374,0.4468068309243436,0.0,108.76040644643274,0.017228611474228307,0.7623411343485995,0.01600765750088066,0.23181888689882243,0.8198924221214591
1.6358461538461373,0.4475471299187488,0.0,108.16526177197103,0.017132024133526783,0.7627026004284572,0.0159005153373817,0.23184997945658745,0.8204398729482894
1.6363461538461372,0.44828742891315376,0.0,107.57530400841517,0.01703597991300336,0.7630639037793966,0.015794397892538815,0.23188107201435246,0.8209862446037659
1.6368461538461372,0.44902772790755896,0.0,106.99049474878447,0.01694047576792112,0.7634250448242529,0.015689295694852456,0.23191216457211747,0.8215315388507438
1.6373461538461371,0.44976802690196394,0.0,106.41079586215,0.016845508653543128,0.7637860239858614,0.01558519933366322,0.23194325712988248,0.8220757574476785
1.637846153846137,0.4505083258963689,0.0,105.83616949215414,0.016751075525132456,0.7641468416870572,0.015482099459086181,0.2319743496876475,0.8226189021486285
1.638346153846137,0.4512486248907741,0.0,105.26657805548167,0.016657173337952174,0.7645074983506752,0.01537998678194039,0.2320054422454125,0.8231609747032613
1.638846153846137,0.4519889238851791,0.0,104.70198424032235,0.01656379904726536,0.7648679943995509,0.015278852073672924,0.2320365348031775,0.8237019768568571
1.639346153846137,0.45272922287958406,0.0,104.14235100490822,0.016470949608335082,0.7652283302565193,0.015178686166278349,0.23206762736094252,0.8242419103503126
1.6398461538461369,0.45346952187398926,0.0,103.58764157595209,0.01637862197642441,0.7655885063444153,0.015079479952212867,0.23209871991870754,0.8247807769201461
1.6403461538461368,0.45420982086839423,0.0,103.03781944719908,0.01628681310679642,0.7659485230860744,0.014981224384304447,0.23212981247647255,0.8253185782985017
1.6408461538461367,0.45495011986279943,0.0,102.4928483779115,0.01619551995471418,0.7663083809043315,0.014883910475657555,0.23216090503423756,0.8258553162131537
1.6413461538461367,0.4556904188572044,0.0,101.95269239137691,0.016104739475440766,0.7666680802220219,0.014787529299553619,0.23219199759200257,0.8263909923875102
1.6418461538461366,0.4564307178516096,0.0,101.4173157734203,0.016014468624239248,0.7670276214619807,0.014692071989347109,0.2322230901497676,0.8269256085406181
1.6423461538461366,0.4571710168460146,0.0,100.88668307090748,0.0159247043563727,0.7673870050470429,0.014597529738357224,0.23225418270753262,0.827459166387167
1.6428461538461365,0.45791131584041955,0.0,100.36075909027785,0.015835443627104186,0.7677462314000438,0.014503893799754874,0.2322852752652976,0.8279916676374937
1.6433461538461365,0.45865161483482475,0.0,99.8395088961061,0.015746683391696787,0.7681053009438186,0.014411155486446156,0.23231636782306264,0.8285231139975863
1.6438461538461364,0.4593919138292297,0.0,99.32289780954811,0.01565842060541357,0.7684642141012021,0.014319306170950986,0.23234746038082765,0.8290535071690881
1.6443461538461364,0.4601322128236347,0.0,98.81089140692993,0.015570652223517608,0.7688229712950299,0.014228337285278315,0.23237855293859266,0.829582848849303
1.6448461538461363,0.4608725118180399,0.0,98.30345551828316,0.015483375201271972,0.7691815729481368,0.014138240320797,0.23240964549635768,0.8301111407311981
1.6453461538461363,0.4616128108124451,0.0,97.80055622586005,0.015396586493939737,0.7695400194833582,0.014049006828103072,0.2324407380541227,0.830638384503409
1.6458461538461362,0.46235310980685007,0.0,97.3021598626835,0.015310283056783973,0.7698983113235289,0.01396062841688311,0.2324718306118877,0.8311645818502436
1.6463461538461361,0.46309340880125505,0.0,96.80823301112586,0.01522446184506775,0.7702564488914844,0.013873096755774032,0.2325029231696527,0.8316897344516865
1.646846153846136,0.46383370779566024,0.0,96.31863844346492,0.015139137208856944,0.7706144376451513,0.013786423664323075,0.23253401572741772,0.8322138513493298
1.647346153846136,0.4645740067900652,0.0,95.83338512438544,0.015054289596839554,0.7709722760135764,0.013700581778191848,0.23256510828518273,0.8327369312678526
1.647846153846136,0.4653143057844702,0.0,95.35244792610408,0.014969914555061102,0.771329964075126,0.013615561315301065,0.23259620084294774,0.8332589753511379
1.648346153846136,0.4660546047788754,0.0,94.87579249076884,0.014886009755750726,0.771687502366288,0.013531354999426704,0.23262729340071275,0.8337799854089805
1.6488461538461359,0.46679490377328037,0.0,94.40338472052018,0.01480257287113756,0.7720448914235504,0.013447955599055487,0.23265838595847776,0.8342999632458517
1.6493461538461358,0.46753520276768556,0.0,93.93519077570643,0.01471960157345074,0.7724021317834009,0.013365355927342937,0.23268947851624278,0.8348189106609043
1.6498461538461358,0.46827550176209054,0.0,93.47117707309987,0.0146370935349194,0.7727592239823275,0.013283548842068622,0.2327205710740078,0.8353368294479784
1.6503461538461357,0.46901580075649574,0.0,93.01131028417366,0.014555046427772677,0.7731161685568182,0.013202527245587337,0.23275166363177283,0.8358537213956054
1.6508461538461356,0.4697560997509007,0.0,92.55555733326987,0.014473457924239706,0.7734729660433608,0.013122284084777391,0.2327827561895378,0.8363695882870141
1.6513461538461356,0.4704963987453057,0.0,92.10388539592556,0.01439232569654962,0.7738296169784432,0.013042812350985155,0.23281384874730282,0.836884431900135
1.6518461538461355,0.4712366977397109,0.0,91.65626189707785,0.014311647416931556,0.7741861218985534,0.012964105079966346,0.23284494130506786,0.8373982540076053
1.6523461538461355,0.47197699673411586,0.0,91.21265450933012,0.01423142075761465,0.7745424813401791,0.012886155351824254,0.23287603386283287,0.8379110563767747
1.6528461538461354,0.47271729572852084,0.0,90.77303115121835,0.014151643390828035,0.7748986958398084,0.012808956290944543,0.23290712642059785,0.8384228407697096
1.6533461538461354,0.47345759472292603,0.0,90.33735998552588,0.014072312988800849,0.7752547659339291,0.01273250106592682,0.2329382189783629,0.8389336089431982
1.6538461538461353,0.47419789371733123,0.0,89.90560941747265,0.013993427223762223,0.775610692159029,0.01265678288951346,0.2329693115361279,0.8394433626487563
1.6543461538461353,0.4749381927117362,0.0,89.47774809309657,0.013914983767941296,0.7759664750515962,0.012581795018514967,0.23300040409389292,0.8399521036326305
1.6548461538461352,0.4756784917061412,0.0,89.05374489749734,0.013836980293567202,0.7763221151481186,0.012507530753732437,0.23303149665165793,0.8404598336358051
1.6553461538461351,0.4764187907005464,0.0,88.63356895311725,0.013759414472869077,0.7766776129850839,0.012433983439877217,0.23306258920942294,0.8409665543940053
1.655846153846135,0.47715908969495135,0.0,88.2171896180991,0.013682283978076054,0.7770329690989801,0.01236114646548743,0.23309368176718795,0.841472267637703
1.656346153846135,0.47789938868935633,0.0,87.80457648454399,0.013605586481417272,0.7773881840262952,0.012289013262841758,0.23312477432495296,0.8419769750921218
1.656846153846135,0.4786396876837615,0.0,87.39569937687004,0.013529319655121861,0.777743258303517,0.012217577307870485,0.23315586688271797,0.8424806784772412
1.657346153846135,0.4793799866781665,0.0,86.99052835010689,0.01345348117141896,0.7780981924671333,0.012146832120063532,0.23318695944048298,0.8429833795078017
1.6578461538461349,0.4801202856725717,0.0,86.58903368824916,0.013378068702537705,0.7784529870536322,0.012076771262376187,0.233218051998248,0.8434850798933098
1.6583461538461348,0.4808605846669767,0.0,86.19118590255812,0.013303079920707228,0.7788076425995015,0.012007388341131586,0.233249144556013,0.8439857813380426
1.6588461538461348,0.4816008836613819,0.0,85.79695572996881,0.013228512498156665,0.779162159641229,0.011938677005921165,0.23328023711377804,0.8444854855410523
1.6593461538461347,0.48234118265578685,0.0,85.40631413135185,0.013154364107115154,0.7795165387153029,0.011870630949502414,0.23331132967154306,0.8449841941961718
1.6598461538461347,0.4830814816501918,0.0,85.01923228993917,0.013080632419811826,0.7798707803582108,0.011803243907693689,0.23334242222930804,0.8454819089920182
1.6603461538461346,0.483821780644597,0.0,84.63568160967435,0.013007315108475819,0.7802248851064407,0.01173650965926715,0.23337351478707308,0.8459786316119988
1.6608461538461345,0.484562079639002,0.0,84.25563371354053,0.012934409845336267,0.7805788534964806,0.011670422025839044,0.2334046073448381,0.8464743637343146
1.6613461538461345,0.48530237863340697,0.0,83.87906044199326,0.012861914302622306,0.7809326860648182,0.011604974871757545,0.2334356999026031,0.8469691070319659
1.6618461538461344,0.48604267762781217,0.0,83.50593385128957,0.012789826152563072,0.7812863833479416,0.01154016210398837,0.2334667924603681,0.8474628631727565
1.6623461538461344,0.48678297662221715,0.0,83.13622621192184,0.012718143067387699,0.7816399458823386,0.011475977671998152,0.23349788501813312,0.8479556338192985
1.6628461538461343,0.48752327561662234,0.0,82.76991000696,0.012646862719325322,0.7819933742044971,0.011412415567635673,0.23352897757589813,0.8484474206290165
1.6633461538461343,0.4882635746110273,0.0,82.4069579305094,0.012575982780605077,0.782346668850905,0.011349469825010752,0.23356007013366314,0.8489382252541531
1.6638461538461342,0.4890038736054325,0.0,82.04734288606588,0.012505500923456097,0.7826998303580501,0.011287134520371157,0.23359116269142816,0.8494280493417723
1.6643461538461342,0.4897441725998375,0.0,81.69103798496334,0.01243541482010752,0.7830528592624206,0.011225403771977512,0.23362225524919317,0.8499168945337657
1.664846153846134,0.49048447159424247,0.0,81.3380165447932,0.012365722142788482,0.7834057561005041,0.011164271739975863,0.23365334780695818,0.8504047624668549
1.665346153846134,0.49122477058864766,0.0,80.9882520877905,0.012296420563728115,0.7837585214087887,0.011103732626268894,0.2336844403647232,0.8508916547725979
1.665846153846134,0.49196506958305264,0.0,80.6417183393173,0.012227507755155555,0.784111155723762,0.011043780674384475,0.2337155329224882,0.8513775730773925
1.666346153846134,0.4927053685774576,0.0,80.29838922626743,0.012158981389299939,0.7844636595819123,0.01098441016934317,0.2337466254802532,0.8518625190024816
1.6668461538461339,0.4934456675718628,0.0,79.95823887553404,0.0120908391383904,0.7848160335197272,0.010925615437522986,0.23377771803801822,0.8523464941639567
1.6673461538461338,0.494185966566268,0.0,79.62124161243293,0.012023078674656075,0.7851682780736948,0.01086739084652338,0.23380881059578326,0.8528295001727637
1.6678461538461338,0.494926265560673,0.0,79.28737195918848,0.011955697670326098,0.7855203937803028,0.010809730805026698,0.23383990315354825,0.8533115386347054
1.6683461538461337,0.49566656455507796,0.0,78.95660463339782,0.011888693797629605,0.7858723811760393,0.010752629762658459,0.23387099571131326,0.8537926111504484
1.6688461538461337,0.49640686354948316,0.0,78.62891454646781,0.011822064728795732,0.7862242407973921,0.010696082209845758,0.2339020882690783,0.8542727193155248
1.6693461538461336,0.49714716254388813,0.0,78.30428445233557,0.011755822748522767,0.786575972770297,0.010640096556195688,0.2339331808268433,0.8547518641615275
1.6698461538461336,0.4978874615382931,0.0,77.98266083562324,0.011689955998809056,0.7869275791779852,0.010584658210599618,0.2339642733846083,0.8552300493783362
1.6703461538461335,0.4986277605326983,0.0,77.6640103947723,0.011624455278580692,0.7872790610373582,0.010529755256649726,0.23399536594237333,0.855707277190217
1.6708461538461334,0.4993680595271033,0.0,77.34830844158208,0.01155931881897887,0.7876304189141831,0.010475382892793175,0.23402645850013834,0.8561835492010033
1.6713461538461334,0.5001083585215085,0.0,77.03553047588643,0.011494544851144792,0.7879816533742267,0.010421536348568527,0.23405755105790335,0.8566588670091627
1.6718461538461333,0.5008486575159135,0.0,76.72565218396323,0.011430131606219656,0.7883327649832557,0.010368210884538907,0.23408864361566836,0.8571332322078008
1.6723461538461333,0.5015889565103187,0.0,76.41864943698441,0.011366077315344659,0.7886837543070372,0.010315401792223605,0.23411973617343337,0.8576066463846663
1.6728461538461332,0.5023292555047236,0.0,76.11449828951132,0.011302380209661005,0.7890346219113379,0.010263104394027988,0.23415082873119838,0.8580791111221551
1.6733461538461332,0.5030695544991286,0.0,75.81317497791501,0.011239038520309887,0.7893853683619247,0.010211314043171634,0.2341819212889634,0.8585506279973146
1.6738461538461331,0.5038098534935338,0.0,75.51465591889145,0.011176050478432509,0.7897359942245645,0.010160026123614963,0.2342130138467284,0.8590211985818483
1.674346153846133,0.5045501524879388,0.0,75.21891770794512,0.011113414315170067,0.7900865000650241,0.010109236049984307,0.23424410640449342,0.8594908244421202
1.674846153846133,0.5052904514823437,0.0,74.9259371178582,0.011051128261663762,0.7904368864490703,0.010058939267495301,0.23427519896225843,0.8599595071391586
1.675346153846133,0.506030750476749,0.0,74.63569109719933,0.010989190549054792,0.7907871539424701,0.010009131251874675,0.23430629152002344,0.8604272482286617
1.675846153846133,0.5067710494711539,0.0,74.34815676883436,0.010927599408484355,0.7911373031109902,0.009959807509280865,0.23433738407778845,0.860894049261
1.6763461538461328,0.5075113484655591,0.0,74.06331142843291,0.010866353071093652,0.7914873345203975,0.009910963576222717,0.2343684766355535,0.8613599117812226
1.6768461538461328,0.5082516474599641,0.0,73.78113254296615,0.01080544976802388,0.791837248736459,0.009862595019476943,0.23439956919331847,0.8618248373290598
1.6773461538461327,0.5089919464543693,0.0,73.50159774929803,0.01074488773041624,0.7921870463249414,0.009814697436004209,0.2344306617510835,0.8622888274389284
1.6778461538461327,0.5097322454487743,0.0,73.22468485262695,0.01068466518941193,0.7925367278516116,0.00976726645286367,0.23446175430884852,0.8627518836399353
1.6783461538461326,0.5104725444431792,0.0,72.95037182511268,0.010624780376152148,0.7928862938822364,0.009720297727126088,0.23449284686661354,0.8632140074558822
1.6788461538461326,0.5112128434375844,0.0,72.6786368043754,0.010565231521778096,0.7932357449825826,0.009673786945785922,0.23452393942437855,0.8636752004052691
1.6793461538461325,0.5119531424319894,0.0,72.40945809204004,0.01050601685743097,0.7935850817184174,0.009627729825671519,0.23455503198214356,0.8641354640012996
1.6798461538461325,0.5126934414263944,0.0,72.14281415235686,0.01044713461425197,0.7939343046555073,0.009582122113354685,0.23458612453990857,0.8645947997518837
1.6803461538461324,0.5134337404207996,0.0,71.87868361070632,0.010388583023382296,0.7942834143596192,0.009536959585058407,0.23461721709767358,0.8650532091596426
1.6808461538461323,0.5141740394152048,0.0,71.61704525220192,0.010330360315963145,0.7946324113965201,0.00949223804656366,0.2346483096554386,0.8655106937219127
1.6813461538461323,0.5149143384096098,0.0,71.35787802029455,0.010272464723135718,0.7949812963319768,0.009447953333114809,0.2346794022132036,0.8659672549307502
1.6818461538461322,0.5156546374040147,0.0,71.10116101532023,0.010214894476041212,0.795330069731756,0.009404101309324037,0.23471049477096861,0.8664228942729342
1.6823461538461322,0.5163949363984199,0.0,70.8468734931188,0.010157647805820829,0.7956787321616249,0.009360677869074303,0.23474158732873363,0.8668776132299713
1.6828461538461321,0.5171352353928249,0.0,70.5949948636595,0.010100722943615765,0.79602728418735,0.009317678935421438,0.23477267988649864,0.8673314132780993
1.683346153846132,0.5178755343872299,0.0,70.34550468961012,0.010044118120567219,0.7963757263746983,0.009275100460494966,0.23480377244426365,0.8677842958882918
1.683846153846132,0.5186158333816351,0.0,70.09838268498753,0.009987831567816394,0.7967240592894367,0.00923293842539785,0.23483486500202866,0.8682362625262613
1.684346153846132,0.5193561323760401,0.0,69.8536087137674,0.009931861516504483,0.797072283497332,0.009191188840105311,0.23486595755979367,0.8686873146524643
1.684846153846132,0.5200964313704453,0.0,69.61116278852249,0.00987620619777269,0.797420399564151,0.009149847743362336,0.23489705011755868,0.8691374537221039
1.6853461538461318,0.5208367303648502,0.0,69.37102506906248,0.009820863842762212,0.7977684080556607,0.009108911202580542,0.2349281426753237,0.8695866811851347
1.6858461538461318,0.5215770293592554,0.0,69.13317586109159,0.009765832682614248,0.7981163095376279,0.009068375313733654,0.23495923523308873,0.8700349984862664
1.6863461538461317,0.5223173283536604,0.0,68.89759561484153,0.009711110948469999,0.7984641045758193,0.0090282362012524,0.23499032779085374,0.8704824070649672
1.6868461538461317,0.5230576273480654,0.0,68.66426492373309,0.00965669687147066,0.798811793736002,0.008988490017918196,0.23502142034861873,0.8709289083554688
1.6873461538461316,0.5237979263424706,0.0,68.43316452308596,0.009602588682757433,0.7991593775839427,0.008949132944756064,0.23505251290638376,0.8713745037867688
1.6878461538461316,0.5245382253368756,0.0,68.2042752887317,0.009548784613471516,0.7995068566854083,0.00891016119092671,0.23508360546414878,0.8718191947826359
1.6883461538461315,0.5252785243312805,0.0,67.97757823573791,0.009495282894754108,0.7998542316061656,0.008871570993617515,0.2351146980219138,0.8722629827616123
1.6888461538461315,0.5260188233256857,0.0,67.7530545170978,0.00944208175774641,0.8002015029119816,0.008833358617933013,0.2351457905796788,0.8727058691370188
1.6893461538461314,0.5267591223200907,0.0,67.53068542240621,0.009389179433589618,0.800548671168623,0.008795520356784355,0.2351768831374438,0.8731478553169577
1.6898461538461313,0.5274994213144959,0.0,67.31045237656852,0.009336574153424933,0.8008957369418568,0.008758052530778044,0.23520797569520882,0.8735889427043166
1.6903461538461313,0.5282397203089009,0.0,67.09233693853238,0.009284264148393551,0.8012427007974496,0.008720951488103937,0.23523906825297383,0.8740291326967726
1.6908461538461312,0.5289800193033061,0.0,66.87632079997974,0.009232247649636677,0.8015895633011686,0.008684213604422498,0.23527016081073884,0.8744684266867954
1.6913461538461312,0.529720318297711,0.0,66.66238578406238,0.009180522888295503,0.8019363250187803,0.008647835282751454,0.23530125336850385,0.874906826061651
1.6918461538461311,0.530460617292116,0.0,66.4505138441392,0.009129088095511235,0.8022829865160519,0.00861181295335159,0.23533234592626887,0.8753443322034065
1.692346153846131,0.5312009162865212,0.0,66.24068706250526,0.009077941502425064,0.80262954835875,0.008576143073612107,0.23536343848403388,0.8757809464889318
1.692846153846131,0.5319412152809262,0.0,66.03288764914332,0.009027081340178197,0.8029760111126416,0.008540822127935086,0.2353945310417989,0.8762166702899046
1.693346153846131,0.5326815142753314,0.0,65.8270979404875,0.008976505839911827,0.8033223753434935,0.008505846627619723,0.23542562359956393,0.8766515049728136
1.693846153846131,0.5334218132697364,0.0,65.62330039814317,0.008926213232767157,0.8036686416170725,0.008471213110745644,0.2354567161573289,0.877085451898962
1.6943461538461309,0.5341621122641416,0.0,65.4214776077411,0.008876201749885383,0.8040148104991456,0.00843691814205588,0.23548780871509395,0.8775185124244713
1.6948461538461308,0.5349024112585465,0.0,65.22162484643212,0.008826475595306664,0.8043608818164074,0.008402962875666865,0.23551890127285896,0.877950686978145
1.6953461538461307,0.5356427102529515,0.0,65.02372877150835,0.008777039996446398,0.8047068559058522,0.008369349200466242,0.23554999383062397,0.8783819766257093
1.6958461538461307,0.5363830092473567,0.0,64.82773581000367,0.008727878660469875,0.8050527354830341,0.008336062637704022,0.23558108638838898,0.8788123853869647
1.6963461538461306,0.5371233082417617,0.0,64.63362993855729,0.008678990278374179,0.8053985210655087,0.008303100219944397,0.235612178946154,0.8792419145296835
1.6968461538461306,0.5378636072361667,0.0,64.44139524535262,0.008630373541156394,0.8057442131708314,0.008270458999792086,0.235643271503919,0.8796705653169025
1.6973461538461305,0.5386039062305719,0.0,64.25101592908217,0.008582027139813608,0.8060898123165579,0.008238136049831007,0.23567436406168402,0.8800983390069268
1.6978461538461305,0.5393442052249768,0.0,64.06247629785257,0.0085339497653429,0.8064353190202436,0.008206128462562117,0.23570545661944903,0.8805252368533326
1.6983461538461304,0.540084504219382,0.0,63.87576076814094,0.008486140108741358,0.806780733799444,0.00817443335034071,0.23573654917721404,0.8809512601049704
1.6988461538461304,0.540824803213787,0.0,63.69085386372217,0.008438596861006066,0.8071260571717147,0.008143047845312725,0.23576764173497905,0.8813764100059672
1.6993461538461303,0.5415651022081922,0.0,63.50774021461182,0.008391318713134107,0.8074712896546112,0.008111969099350672,0.23579873429274406,0.8818006877957315
1.6998461538461302,0.5423054012025972,0.0,63.326404556055486,0.00834430435612257,0.8078164317656892,0.008081194283988598,0.23582982685050907,0.8822240947089541
1.7003461538461302,0.5430457001970022,0.0,63.14683172744357,0.008297552480968534,0.8081614840225039,0.008050720590356587,0.23586091940827408,0.8826466319756121
1.7008461538461301,0.5437859991914074,0.0,62.96900667129737,0.008251061778669085,0.808506446942611,0.008020545229114478,0.2358920119660391,0.8830683008209724
1.70134615384613,0.5445262981858123,0.0,62.79291443225094,0.008204830940221309,0.808851321043566,0.007990665430385036,0.2359231045238041,0.8834891024655935
1.70184615384613,0.5452665971802173,0.0,62.61854015601389,0.00815885865662229,0.8091961068429245,0.007961078443686386,0.23595419708156912,0.8839090381253295
1.70234615384613,0.5460068961746225,0.0,62.44586908836023,0.008113143618869112,0.8095408048582419,0.007931781537863898,0.23598528963933413,0.884328109011332
1.70284615384613,0.5467471951690277,0.0,62.27488657412298,0.008067684517958858,0.8098854156070738,0.007902772001021555,0.23601638219709917,0.8847463163300541
1.7033461538461299,0.5474874941634327,0.0,62.10557805616996,0.008022480044888616,0.8102299396069758,0.007874047140452511,0.23604747475486418,0.8851636612832523
1.7038461538461298,0.5482277931578377,0.0,61.93792907442534,0.007977528890655469,0.8105743773755033,0.007845604282569267,0.23607856731262916,0.8855801450679903
1.7043461538461298,0.5489680921522428,0.0,61.7719252648968,0.0079328297462565,0.8109187294302119,0.007817440772833167,0.2361096598703942,0.8859957688766409
1.7048461538461297,0.5497083911466478,0.0,61.60755235862972,0.007888381302688796,0.8112629962886571,0.007789553975683488,0.2361407524281592,0.8864105338968894
1.7053461538461296,0.5504486901410528,0.0,61.44479618078584,0.007844182250949438,0.8116071784683944,0.007761941274465736,0.23617184498592422,0.8868244413117365
1.7058461538461296,0.551188989135458,0.0,61.28364264961936,0.007800231282035514,0.8119512764869793,0.0077346000713597405,0.23620293754368923,0.887237492299501
1.7063461538461295,0.551929288129863,0.0,61.12407777556722,0.0077565270869441065,0.8122952908619675,0.007707527787306964,0.23623403010145425,0.8876496880338222
1.7068461538461295,0.5526695871242682,0.0,60.96608766021258,0.007713068356672301,0.8126392221109143,0.007680721861937434,0.23626512265921926,0.888061029683663
1.7073461538461294,0.5534098861186731,0.0,60.809658495406595,0.0076698537822171816,0.8129830707513753,0.007654179753496236,0.23629621521698427,0.8884715184133128
1.7078461538461294,0.5541501851130783,0.0,60.654776562243875,0.007626882054575833,0.8133268373009062,0.007627898938769381,0.23632730777474928,0.8888811553823904
1.7083461538461293,0.5548904841074833,0.0,60.5014282301715,0.007584151864745339,0.8136705222770624,0.007601876913009377,0.2363584003325143,0.889289941745846
1.7088461538461293,0.5556307831018883,0.0,60.34959995603035,0.007541661903722784,0.8140141261973992,0.007576111189860277,0.2363894928902793,0.8896978786539638
1.7093461538461292,0.5563710820962935,0.0,60.19927828310252,0.0074994108625052545,0.8143576495794725,0.0075505993012822264,0.2364205854480443,0.8901049672523663
1.7098461538461291,0.5571113810906985,0.0,60.050449840237846,0.007457397432089833,0.8147010929408377,0.007525338797475774,0.23645167800580932,0.890511208682015
1.710346153846129,0.5578516800851034,0.0,59.90310134086928,0.007415620303473603,0.8150444567990502,0.007500327246805539,0.23648277056357433,0.8909166040792144
1.710846153846129,0.5585919790795086,0.0,59.757219582136656,0.007374078167653652,0.8153877416716656,0.007475562235723718,0.23651386312133935,0.8913211545756133
1.711346153846129,0.5593322780739136,0.0,59.612791443962756,0.007332769715627063,0.8157309480762396,0.007451041368693031,0.23654495567910436,0.8917248612982095
1.711846153846129,0.5600725770683188,0.0,59.469803888174155,0.00729169363839092,0.8160740765303274,0.007426762268109335,0.2365760482368694,0.8921277253693499
1.7123461538461289,0.5608128760627238,0.0,59.32824395755528,0.007250848626942309,0.8164171275514848,0.007402722574223999,0.2366071407946344,0.8925297479067353
1.7128461538461288,0.561553175057129,0.0,59.188098775010246,0.007210233372278312,0.8167601016572671,0.007378919945065792,0.23663823335239942,0.8929309300234213
1.7133461538461288,0.562293474051534,0.0,59.049355542638494,0.007169846565396016,0.8171029993652301,0.00735535205636247,0.23666932591016443,0.893331272827822
1.7138461538461287,0.5630337730459389,0.0,58.91200154087454,0.007129686897292504,0.8174458211929291,0.007332016601462137,0.23670041846792944,0.8937307774237117
1.7143461538461287,0.5637740720403441,0.0,58.776024127609475,0.0070897530589648615,0.8177885676579197,0.007308911291254154,0.23673151102569445,0.894129444910228
1.7148461538461286,0.5645143710347491,0.0,58.64141073732793,0.007050043741410172,0.8181312392777574,0.007286033854089928,0.23676260358345946,0.894527276381874
1.7153461538461285,0.5652546700291541,0.0,58.50814888023193,0.00701055763562552,0.8184738365699978,0.007263382035703215,0.23679369614122447,0.894924272928521
1.7158461538461285,0.5659949690235593,0.0,58.376226141399364,0.006971293432607991,0.8188163600521965,0.007240953599130363,0.23682478869898949,0.8953204356354104
1.7163461538461284,0.5667352680179645,0.0,58.2456301799341,0.006932249823354669,0.8191588102419087,0.007218746324630201,0.2368558812567545,0.895715765583157
1.7168461538461284,0.5674755670123695,0.0,58.116348728107546,0.006893425498862638,0.8195011876566903,0.007196758009603572,0.2368869738145195,0.8961102638477509
1.7173461538461283,0.5682158660067744,0.0,57.98836959053979,0.006854819150128983,0.8198434928140966,0.007174986468512955,0.23691806637228452,0.8965039315005598
1.7178461538461283,0.5689561650011796,0.0,57.861680643348315,0.006816429468150788,0.8201857262316832,0.007153429532801514,0.23694915893004953,0.8968967696083316
1.7183461538461282,0.5696964639955846,0.0,57.736269833336166,0.006778255143925139,0.8205278884270056,0.007132085050812172,0.23698025148781454,0.8972887792331973
1.7188461538461282,0.5704367629899896,0.0,57.61212517717174,0.006740294868449118,0.8208699799176193,0.007110950887706425,0.23701134404557955,0.8976799614326719
1.719346153846128,0.5711770619843948,0.0,57.48923476056008,0.0067025473327198114,0.82121200122108,0.007090024925382958,0.23704243660334456,0.8980703172596585
1.719846153846128,0.5719173609787997,0.0,57.367586737453664,0.006665011227734304,0.8215539528549429,0.007069305062396168,0.23707352916110958,0.8984598477624492
1.720346153846128,0.572657659973205,0.0,57.247169329230886,0.006627685244489678,0.8218958353367639,0.007048789213874427,0.2371046217188746,0.8988485539847286
1.720846153846128,0.5733979589676099,0.0,57.127970823923334,0.00659056807398302,0.8222376491840983,0.007028475311438306,0.2371357142766396,0.8992364369655749
1.7213461538461279,0.5741382579620151,0.0,57.00997957539202,0.006553658407211414,0.8225793949145016,0.007008361303118632,0.23716680683440464,0.899623497739463
1.7218461538461278,0.5748785569564201,0.0,56.89318400257126,0.006516954935171944,0.8229210730455295,0.006988445153274398,0.23719789939216965,0.900009737336267
1.7223461538461278,0.5756188559508251,0.0,56.777590479626255,0.006480460629654876,0.8232626829671972,0.006968727420292026,0.23722899194993466,0.9003951555103525
1.7228461538461277,0.5763591549452303,0.0,56.663221752520286,0.006444183099360285,0.8236042230361342,0.006949211415839837,0.23726008450769967,0.9007797508587823
1.7233461538461277,0.5770994539396352,0.0,56.55000378548247,0.006408106466555672,0.8239456977160836,0.006929886353852738,0.23729117706546468,0.9011635288498833
1.7238461538461276,0.5778397529340402,0.0,56.43792697252,0.0063722297847231026,0.8242871074177941,0.006910750489629479,0.2373222696232297,0.9015464903711549
1.7243461538461275,0.5785800519284454,0.0,56.326981761646714,0.006336552107344641,0.8246284525520146,0.006891802090589464,0.2373533621809947,0.9019286363064382
1.7248461538461275,0.5793203509228504,0.0,56.21715865427431,0.006301072487902352,0.8249697335294938,0.006873039436228091,0.23738445473875971,0.9023099675359171
1.7253461538461274,0.5800606499172556,0.0,56.10844820464037,0.006265789979878299,0.8253109507609808,0.006854460818071929,0.23741554729652473,0.902690484936121
1.7258461538461274,0.5808009489116606,0.0,56.000841019211855,0.006230703636754548,0.8256521046572244,0.006836064539633457,0.23744663985428974,0.9030701893799252
1.7263461538461273,0.5815412479060658,0.0,55.89432775613936,0.006195812512013163,0.8259931956289733,0.006817848916365701,0.23747773241205475,0.9034490817365538
1.7268461538461273,0.5822815469004707,0.0,55.788899124635144,0.006161115659136209,0.8263342240869767,0.0067998122756164365,0.23750882496981976,0.9038271628715803
1.7273461538461272,0.5830218458948757,0.0,55.68454588443489,0.00612661213160575,0.826675190441983,0.0067819529565822335,0.23753991752758477,0.9042044336469297
1.7278461538461272,0.5837621448892809,0.0,55.58125884521149,0.00609230098290385,0.8270160951047414,0.006764269310262149,0.23757101008534978,0.9045808949208805
1.728346153846127,0.5845024438836859,0.0,55.479028866048814,0.0060581812665125735,0.8273569384860006,0.0067467596994112864,0.2376021026431148,0.9049565475480658
1.728846153846127,0.5852427428780909,0.0,55.377846854816205,0.006024252035913986,0.8276977209965094,0.006729422498493958,0.2376331952008798,0.9053313923794748
1.729346153846127,0.5859830418724961,0.0,55.27770376767779,0.0059905123445901515,0.8280384430470169,0.006712256093636751,0.23766428775864484,0.9057054302624552
1.729846153846127,0.5867233408669013,0.0,55.17859060850257,0.005956961246023134,0.8283791050482717,0.006695258882581236,0.23769538031640985,0.9060786620407137
1.7303461538461269,0.5874636398613062,0.0,55.08049842831104,0.005923597793694999,0.8287197074110229,0.006678429274636501,0.23772647287417487,0.9064510885543189
1.7308461538461268,0.5882039388557112,0.0,54.9834183247629,0.00589042104108781,0.8290602505460191,0.006661765690631496,0.23775756543193988,0.906822710639701
1.7313461538461268,0.5889442378501164,0.0,54.887341441597066,0.0058574300416836325,0.8294007348640093,0.006645266562867053,0.2377886579897049,0.9071935291296555
1.7318461538461267,0.5896845368445214,0.0,54.792258968084894,0.005824623848964531,0.8297411607757423,0.006628930335067825,0.2378197505474699,0.907563544853343
1.7323461538461267,0.5904248358389264,0.0,54.69816213851501,0.005792001516412569,0.830081528691967,0.006612755462333881,0.2378508431052349,0.9079327586362921
1.7328461538461266,0.5911651348333316,0.0,54.60504223163537,0.005759562097509811,0.8304218390234324,0.006596740411092254,0.23788193566299992,0.9083011713003996
1.7333461538461266,0.5919054338277365,0.0,54.512890570173504,0.005727304645738323,0.830762092180887,0.006580883659048128,0.23791302822076493,0.9086687836639331
1.7338461538461265,0.5926457328221417,0.0,54.421698520258126,0.005695228214580168,0.83110228857508,0.0065651836951359675,0.23794412077852994,0.909035596541532
1.7343461538461264,0.5933860318165467,0.0,54.33145749095609,0.005663331857517411,0.83144242861676,0.0065496390194704395,0.23797521333629496,0.909401610744209
1.7348461538461264,0.5941263308109519,0.0,54.242158933701695,0.005631614628032117,0.8317825127166759,0.0065342481432970655,0.23800630589405997,0.9097668270793517
1.7353461538461263,0.5948666298053569,0.0,54.15379434182236,0.005600075579606349,0.8321225412855768,0.0065190095889428226,0.23803739845182498,0.9101312463507243
1.7358461538461263,0.5956069287997618,0.0,54.06635525004037,0.005568713765722174,0.8324625147342113,0.0065039218897665445,0.23806849100959,0.9104948693584682
1.7363461538461262,0.596347227794167,0.0,53.97983323393191,0.005537528239861655,0.8328024334733284,0.006488983590109123,0.238099583567355,0.9108576968991047
1.7368461538461262,0.597087526788572,0.0,53.89421990943632,0.005506518055506856,0.8331422979136768,0.006474193245243602,0.23813067612512,0.9112197297655351
1.7373461538461261,0.597827825782977,0.0,53.80950693240125,0.005475682266139842,0.8334821084660055,0.006459549421325096,0.23816176868288502,0.9115809687470434
1.737846153846126,0.5985681247773822,0.0,53.72568599802079,0.005445019925242678,0.8338218655410632,0.006445050695340598,0.23819286124065003,0.9119414146292969
1.738346153846126,0.5993084237717872,0.0,53.64274884041121,0.005414530086297428,0.834161569549599,0.006430695655058658,0.23822395379841504,0.9123010681943479
1.738846153846126,0.6000487227661924,0.0,53.56068723209346,0.005384211802786157,0.8345012209023616,0.006416482898978861,0.23825504635618008,0.9126599302206349
1.739346153846126,0.6007890217605973,0.0,53.479492983493444,0.005354064128190929,0.8348408200100997,0.006402411036281287,0.23828613891394507,0.9130180014829838
1.7398461538461258,0.6015293207550025,0.0,53.39915794251954,0.005324086115993809,0.8351803672835625,0.0063884786867757825,0.2383172314717101,0.9133752827526105
1.7403461538461258,0.6022696197494075,0.0,53.3196739940289,0.00529427681967686,0.8355198631334987,0.006374684480851159,0.23834832402947512,0.9137317747971205
1.7408461538461257,0.6030099187438125,0.0,53.241033059417,0.005264635292722149,0.835859307970657,0.006361027059424254,0.23837941658724013,0.9140874783805114
1.7413461538461257,0.6037502177382177,0.0,53.163227096073165,0.005235160588611738,0.8361987022057865,0.006347505073888942,0.23841050914500514,0.9144423942631741
1.7418461538461256,0.6044905167326227,0.0,53.0862480970142,0.0052058517608276934,0.8365380462496359,0.006334117186065013,0.23844160170277015,0.9147965232018936
1.7423461538461256,0.6052308157270276,0.0,53.01008809033831,0.005176707862852079,0.8368773405129541,0.006320862068146967,0.23847269426053516,0.915149865949851
1.7428461538461255,0.6059711147214328,0.0,52.93473913882945,0.0051477279481669585,0.83721658540649,0.006307738402652783,0.23850378681830017,0.9155024232566245
1.7433461538461255,0.606711413715838,0.0,52.86019333946469,0.005118911070254398,0.8375557813409924,0.006294744882372532,0.23853487937606518,0.9158541958681905
1.7438461538461254,0.607451712710243,0.0,52.786442822984725,0.0050902562825964615,0.8378949287272103,0.006281880210316994,0.2385659719338302,0.9162051845269252
1.7443461538461253,0.608192011704648,0.0,52.71347975347734,0.005061762638675213,0.8382340279758923,0.006269143099666176,0.2385970644915952,0.9165553899716059
1.7448461538461253,0.6089323106990532,0.0,52.64129632787769,0.005033429191972716,0.8385730794977874,0.006256532273717786,0.23862815704936022,0.9169048129374118
1.7453461538461252,0.6096726096934582,0.0,52.56988477558213,0.005005254995971038,0.8389120837036445,0.006244046465835651,0.23865924960712523,0.9172534541559259
1.7458461538461252,0.6104129086878631,0.0,52.49923735799252,0.00497723910415224,0.8392510410042122,0.006231684419398128,0.23869034216489024,0.9176013143551356
1.7463461538461251,0.6111532076822683,0.0,52.42934636809181,0.00494938056999839,0.8395899518102398,0.006219444887746413,0.23872143472265528,0.917948394259435
1.746846153846125,0.6118935066766733,0.0,52.36020413000052,0.00492167844699155,0.8399288165324758,0.006207326634132887,0.23875252728042026,0.9182946945896243
1.747346153846125,0.6126338056710785,0.0,52.29180299861435,0.004894131788613786,0.8402676355816692,0.006195328431669388,0.2387836198381853,0.9186402160629131
1.747846153846125,0.6133741046654835,0.0,52.22413535910451,0.004866739648347161,0.8406064093685688,0.006183449063275486,0.2388147123959503,0.91898495939292
1.748346153846125,0.6141144036598887,0.0,52.1571936265718,0.00483950107967374,0.8409451383039235,0.006171687321626776,0.23884580495371532,0.9193289252896747
1.7488461538461249,0.6148547026542936,0.0,52.09097024559995,0.004812415136075589,0.841283822798482,0.006160042009103077,0.23887689751148034,0.9196721144596185
1.7493461538461248,0.6155950016486986,0.0,52.025457689849055,0.00478548087103477,0.8416224632629935,0.006148511937736751,0.23890799006924535,0.9200145276056064
1.7498461538461247,0.6163353006431038,0.0,51.960648461670885,0.004758697338033349,0.8419610601082066,0.006137095929160917,0.23893908262701036,0.9203561654269072
1.7503461538461247,0.6170755996375088,0.0,51.8965350917097,0.004732063590553392,0.8422996137448701,0.006125792814557763,0.23897017518477537,0.9206970286192054
1.7508461538461246,0.6178158986319138,0.0,51.83311013847978,0.00470557868207696,0.842638124583733,0.006114601434606805,0.23900126774254038,0.9210371178746022
1.7513461538461246,0.618556197626319,0.0,51.77036618799641,0.00467924166608612,0.8429765930355442,0.006103520639433233,0.2390323603003054,0.9213764338816164
1.7518461538461245,0.619296496620724,0.0,51.70829585339701,0.004653051596062936,0.8433150195110524,0.006092549288556276,0.2390634528580704,0.9217149773251853
1.7523461538461245,0.6200367956151291,0.0,51.646962420467005,0.0046270194362681505,0.8436533997527756,0.0060816917742064006,0.2390945454158354,0.9220527442319344
1.7528461538461244,0.6207770946095341,0.0,51.58631152020573,0.004601135702744246,0.8439917372731044,0.006070942959838285,0.23912563797360042,0.9223897383958416
1.7533461538461244,0.6215173936039393,0.0,51.52631061684623,0.004575395055787971,0.8443300341491284,0.006060299693081143,0.23915673053136544,0.9227259621555756
1.7538461538461243,0.6222576925983443,0.0,51.46695437368706,0.004549796829476663,0.8446682906630958,0.006049761005398892,0.23918782308913045,0.9230614160538122
1.7543461538461242,0.6229979915927493,0.0,51.40823747471846,0.0045243403578876535,0.8450065070972549,0.006039325935110497,0.23921891564689546,0.9233961006307612
1.7548461538461242,0.6237382905871545,0.0,51.350154624415765,0.004499024975098279,0.8453446837338539,0.006028993527361923,0.23925000820466047,0.9237300164241655
1.7553461538461241,0.6244785895815594,0.0,51.292700547466936,0.004473850015185872,0.8456828208551409,0.0060187628340979595,0.23928110076242548,0.9240631639693031
1.755846153846124,0.6252188885759644,0.0,51.23586998852886,0.004448814812227769,0.8460209187433644,0.006008632914033983,0.2393121933201905,0.9243955437989873
1.756346153846124,0.6259591875703696,0.0,51.179657711981015,0.004423918700301304,0.8463589776807726,0.005998602832627562,0.2393432858779555,0.9247271564435672
1.756846153846124,0.6266994865647748,0.0,51.124058501680764,0.00439916101348381,0.8466969979496136,0.005988671662050007,0.23937437843572054,0.9250580024309287
1.757346153846124,0.6274397855591798,0.0,51.06906716072058,0.004374541085852623,0.8470349798321357,0.0059788384811578135,0.23940547099348555,0.9253880822864952
1.7578461538461239,0.6281800845535848,0.0,51.014678511182346,0.004350058251485077,0.8473729236105874,0.005969102375464002,0.23943656355125056,0.9257173965332283
1.7583461538461238,0.62892038354799,0.0,50.960887393911605,0.004325711844458506,0.8477108295672166,0.005959462437109394,0.23946765610901558,0.9260459456916283
1.7588461538461237,0.6296606825423949,0.0,50.907688668266445,0.0043015011988502445,0.8480486979842716,0.005949917764833773,0.2394987486667806,0.926373730279735
1.7593461538461237,0.6304009815367999,0.0,50.85507721188171,0.004277425648737628,0.8483865291440008,0.005940467463946958,0.2395298412245456,0.9267007508131284
1.7598461538461236,0.6311412805312051,0.0,50.80304792045295,0.00425348452819799,0.8487243233286523,0.005931110646299854,0.2395609337823106,0.9270270078049294
1.7603461538461236,0.6318815795256101,0.0,50.751595707472724,0.004229677171308665,0.8490620808204746,0.005921846430255353,0.23959202634007562,0.9273525017658006
1.7608461538461235,0.6326218785200153,0.0,50.70071550402701,0.004206002912146988,0.8493998019017157,0.005912673940659169,0.23962311889784063,0.9276772332039462
1.7613461538461235,0.6333621775144203,0.0,50.650402258561975,0.004182461084790293,0.8497374868546239,0.005903592308810657,0.23965421145560564,0.9280012026251138
1.7618461538461234,0.6341024765088255,0.0,50.600650936643596,0.004159051023315914,0.8500751359614475,0.005894600672433488,0.23968530401337065,0.9283244105325942
1.7623461538461234,0.6348427755032304,0.0,50.55145652075032,0.004135772061801186,0.8504127495044347,0.005885698175646304,0.23971639657113566,0.9286468574272225
1.7628461538461233,0.6355830744976354,0.0,50.50281401003625,0.004112623534323444,0.8507503277658337,0.0058768839689333,0.23974748912890068,0.9289685438073786
1.7633461538461233,0.6363233734920406,0.0,50.454718420109444,0.004089604774960022,0.8510878710278929,0.005868157209114706,0.2397785816866657,0.9292894701689877
1.7638461538461232,0.6370636724864456,0.0,50.40716478282541,0.004066715117788253,0.8514253795728605,0.005859517059317277,0.2398096742444307,0.9296096370055211
1.7643461538461231,0.6378039714808506,0.0,50.360148146051166,0.004043953896885474,0.8517628536829845,0.005850962688944663,0.2398407668021957,0.9299290448079967
1.764846153846123,0.6385442704752557,0.0,50.313663573466634,0.004021320446329018,0.8521002936405135,0.005842493273647744,0.23987185935996075,0.9302476940649799
1.765346153846123,0.6392845694696607,0.0,50.267706144332244,0.003998814100196219,0.8524376997276957,0.005834107995294944,0.23990295191772576,0.9305655852625838
1.765846153846123,0.6400248684640659,0.0,50.22227095328503,0.003976434192564413,0.8527750722267792,0.005825806041942448,0.23993404447549077,0.9308827188844704
1.766346153846123,0.6407651674584709,0.0,50.177353110145326,0.003954180057510933,0.8531124114200123,0.005817586607804388,0.23996513703325578,0.9311990954118503
1.7668461538461229,0.6415054664528761,0.0,50.13294773966293,0.0039320510291131145,0.8534497175896432,0.005809448893223029,0.2399962295910208,0.9315147153234843
1.7673461538461228,0.6422457654472811,0.0,50.08904998135414,0.0039100464414482915,0.8537869910179202,0.005801392104638831,0.2400273221487858,0.9318295790956832
1.7678461538461228,0.642986064441686,0.0,50.0456549892781,0.0038881656285937984,0.8541242319870915,0.005793415454560536,0.24005841470655082,0.932143687202309
1.7683461538461227,0.6437263634360912,0.0,50.00275793182396,0.0038664079246269693,0.8544614407794056,0.005785518161535222,0.24008950726431583,0.9324570401147753
1.7688461538461226,0.6444666624304962,0.0,49.96035399152637,0.0038447726636251394,0.8547986176771103,0.0057776994501182715,0.24012059982208084,0.9327696383020473
1.7693461538461226,0.6452069614249012,0.0,49.91843836484726,0.0038232591796656425,0.8551357629624542,0.005769958550843363,0.24015169237984585,0.9330814822306434
1.7698461538461225,0.6459472604193064,0.0,49.87700626198602,0.0038018668068258133,0.8554728769176854,0.0057622947001924035,0.24018278493761086,0.9333925723646348
1.7703461538461225,0.6466875594137116,0.0,49.836052906691414,0.0037805948791829864,0.8558099598250523,0.005754707140565453,0.24021387749537587,0.9337029091656472
1.7708461538461224,0.6474278584081166,0.0,49.79557353605754,0.003759442730814496,0.8561470119668029,0.005747195120250624,0.24024497005314088,0.9340124930928598
1.7713461538461224,0.6481681574025215,0.0,49.75556340032153,0.003738409695797677,0.8564840336251855,0.005739757893393951,0.2402760626109059,0.9343213246030074
1.7718461538461223,0.6489084563969267,0.0,49.7160177626808,0.0037174951082098637,0.8568210250824486,0.005732394719969264,0.2403071551686709,0.9346294041503801
1.7723461538461223,0.6496487553913317,0.0,49.67693189911203,0.00369669830212839,0.8571579866208403,0.005725104865748029,0.24033824772643592,0.9349367321868238
1.7728461538461222,0.6503890543857367,0.0,49.63830109816975,0.003676018611630591,0.8574949185226087,0.005717887602269185,0.24036934028420093,0.9352433091617414
1.7733461538461222,0.6511293533801419,0.0,49.60012066080443,0.0036554553707938003,0.8578318210700023,0.005710742206808982,0.24040043284196594,0.9355491355220924
1.773846153846122,0.6518696523745469,0.0,49.56238590017789,0.0036350079136953537,0.8581686945452691,0.005703667962350794,0.24043152539973095,0.9358542117123942
1.774346153846122,0.6526099513689521,0.0,49.52509214148493,0.0036146755744125847,0.8585055392306575,0.005696664157554949,0.240462617957496,0.9361585381747226
1.774846153846122,0.653350250363357,0.0,49.488234721754594,0.003594457687022828,0.8588423554084158,0.005689730086728562,0.240493710515261,0.9364621153487117
1.775346153846122,0.6540905493577622,0.0,49.45180898969298,0.003574353585603418,0.859179143360792,0.005682865049795328,0.240524803073026,0.9367649436715549
1.7758461538461219,0.6548308483521672,0.0,49.4158103055013,0.0035543626042316887,0.8595159033700347,0.005676068352265404,0.24055589563079102,0.9370670235780056
1.7763461538461218,0.6555711473465722,0.0,49.38023404069134,0.0035344840769849753,0.8598526357183919,0.005669339305205204,0.24058698818855603,0.937368355500377
1.7768461538461218,0.6563114463409774,0.0,49.34507557791584,0.003514717337940612,0.8601893406881118,0.005662677225207276,0.24061808074632104,0.9376689398685432
1.7773461538461217,0.6570517453353824,0.0,49.31033031078748,0.0034950617211759335,0.860526018561443,0.0056560814343601645,0.24064917330408606,0.9379687771099395
1.7778461538461217,0.6577920443297873,0.0,49.27599364373932,0.0034755165607682735,0.8608626696206333,0.005649551260218305,0.24068026586185107,0.938267867649563
1.7783461538461216,0.6585323433241925,0.0,49.242060991816395,0.0034560811907949672,0.8611992941479312,0.0056430860357719066,0.24071135841961608,0.9385662119099728
1.7788461538461215,0.6592726423185975,0.0,49.208527780526474,0.0034367549453333483,0.8615358924255848,0.005636685099416898,0.2407424509773811,0.9388638103112907
1.7793461538461215,0.6600129413130027,0.0,49.17538944567929,0.0034175371584607523,0.8618724647358426,0.005630347794924888,0.2407735435351461,0.939160663271202
1.7798461538461214,0.6607532403074077,0.0,49.14264143321876,0.0033984271642545126,0.8622090113609526,0.005624073471413124,0.2408046360929111,0.9394567712049551
1.7803461538461214,0.6614935393018129,0.0,49.11027919907019,0.0033794242967919645,0.8625455325831632,0.005617861483314537,0.24083572865067612,0.9397521345253628
1.7808461538461213,0.6622338382962178,0.0,49.07829820895395,0.0033605278901504415,0.8628820286847226,0.005611711190347766,0.24086682120844113,0.9400467536428022
1.7813461538461213,0.6629741372906228,0.0,49.04669393824948,0.00334173727840728,0.863218499947879,0.005605621957487258,0.24089791376620615,0.9403406289652156
1.7818461538461212,0.663714436285028,0.0,49.01546187185651,0.0033230517956398115,0.8635549466548808,0.005599593154933385,0.24092900632397118,0.9406337608981109
1.7823461538461212,0.664454735279433,0.0,48.984597503983316,0.003304470775925373,0.8638913690879759,0.005593624158082631,0.2409600988817362,0.9409261498445612
1.782846153846121,0.6651950342738382,0.0,48.95409633805118,0.003285993553341297,0.864227767529413,0.005587714347497798,0.2409911914395012,0.9412177962052068
1.783346153846121,0.6659353332682432,0.0,48.92395388652132,0.0032676194619649197,0.8645641422614401,0.0055818631088782635,0.24102228399726622,0.9415087003782543
1.783846153846121,0.6666756322626484,0.0,48.89416567073244,0.003249347835873575,0.8649004935663054,0.005576069833030316,0.24105337655503123,0.9417988627594773
1.784346153846121,0.6674159312570533,0.0,48.86473010807848,0.0032311784465903714,0.8652368215301109,0.005570334069181821,0.24108446911279624,0.9420882835736378
1.7848461538461209,0.6681562302514583,0.0,48.83573712296656,0.0032131242832713924,0.8655731200209873,0.005564659981496995,0.24111556167056125,0.9423769577139928
1.7853461538461208,0.6688965292458635,0.0,48.807086809332596,0.003195169582323771,0.8659093958037446,0.005559041664664805,0.24114665422832626,0.9426648911552397
1.7858461538461208,0.6696368282402685,0.0,48.778776386299654,0.003177313890146032,0.8662456490474684,0.005553478607936715,0.24117774678609127,0.9429520841877137
1.7863461538461207,0.6703771272346735,0.0,48.75080307928168,0.0031595567531367,0.8665818799212441,0.005547970304200261,0.24120883934385628,0.9432385371002892
1.7868461538461207,0.6711174262290787,0.0,48.72316411988176,0.003141897717694301,0.8669180885941573,0.005542516249963428,0.2412399319016213,0.9435242501803809
1.7873461538461206,0.6718577252234836,0.0,48.6958567458261,0.0031243363302173592,0.8672542752352936,0.00553711594533899,0.2412710244593863,0.9438092237139439
1.7878461538461206,0.6725980242178888,0.0,48.668878200854834,0.0031068721371044,0.8675904400137384,0.005531768894028796,0.24130211701715132,0.9440934579854738
1.7883461538461205,0.6733383232122938,0.0,48.64222573468359,0.003089504684753948,0.8679265830985774,0.005526474603308048,0.24133320957491633,0.9443769532780071
1.7888461538461204,0.674078622206699,0.0,48.61589660287797,0.0030722335195645283,0.8682627046588961,0.005521232584009512,0.24136430213268134,0.9446597098731211
1.7893461538461204,0.674818921201104,0.0,48.58988806678574,0.0030550581879346663,0.8685988048637799,0.00551604235050774,0.24139539469044635,0.9449417280509343
1.7898461538461203,0.675559220195509,0.0,48.56419739347833,0.0030379782362628866,0.8689348838823144,0.00551090342070321,0.24142648724821136,0.9452230080901072
1.7903461538461203,0.6762995191899142,0.0,48.53882185563606,0.003020993210947714,0.8692709418835853,0.005505815316006474,0.24145757980597637,0.9455035502678415
1.7908461538461202,0.6770398181843191,0.0,48.51375873149529,0.0030041026583876745,0.8696069790366779,0.005500777561322254,0.24148867236374139,0.945783354859881
1.7913461538461202,0.6777801171787241,0.0,48.48900530476562,0.002987306124981292,0.8699429955106779,0.005495789685033527,0.2415197649215064,0.9460624221405116
1.7918461538461201,0.6785204161731293,0.0,48.46455886454758,0.002970603157127092,0.8702789914746708,0.0054908512189855594,0.24155085747927144,0.9463407523825621
1.79234615384612,0.6792607151675345,0.0,48.44041670522927,0.0029539933012235993,0.8706149670977421,0.005485961698469944,0.24158195003703645,0.9466183458574032
1.79284615384612,0.6800010141619395,0.0,48.41657612647971,0.0029374761036693392,0.8709509225489773,0.005481120662208588,0.24161304259480146,0.9468952028349489
1.79334615384612,0.6807413131563445,0.0,48.39303443308547,0.0029210511108628363,0.8712868579974621,0.005476327652337686,0.24164413515256647,0.947171323583656
1.79384615384612,0.6814816121507496,0.0,48.369788934962784,0.002904717869202616,0.8716227736122818,0.0054715822143916746,0.24167522771033148,0.9474467083705247
1.7943461538461198,0.6822219111451546,0.0,48.346836946995495,0.002888475925087203,0.8719586695625221,0.005466883897287155,0.2417063202680965,0.9477213574610989
1.7948461538461198,0.6829622101395596,0.0,48.32417578903962,0.0028723248249151226,0.8722945460172685,0.005462232253306804,0.2417374128258615,0.9479952711194657
1.7953461538461197,0.6837025091339648,0.0,48.30180278579758,0.0028562641150849,0.8726304031456066,0.005457626838083272,0.24176850538362651,0.9482684496082567
1.7958461538461197,0.6844428081283698,0.0,48.27971526676285,0.002840293341995059,0.8729662411166218,0.005453067210583031,0.24179959794139153,0.9485408931886471
1.7963461538461196,0.685183107122775,0.0,48.25791056614787,0.0028244120520441256,0.8733020600993998,0.005448552933090246,0.24183069049915654,0.9488126021203569
1.7968461538461196,0.68592340611718,0.0,48.23638602282999,0.002808619791630625,0.8736378602630259,0.005444083571190613,0.24186178305692155,0.94908357666165
1.7973461538461195,0.6866637051115851,0.0,48.21513898023692,0.0027929161071530814,0.873973641776586,0.005439658693755168,0.24189287561468656,0.9493538170693359
1.7978461538461195,0.6874040041059901,0.0,48.194166786320196,0.0027773005450100205,0.8743094048091653,0.005435277872924112,0.24192396817245157,0.9496233235987682
1.7983461538461194,0.6881443031003951,0.0,48.17346679345934,0.002761772651599967,0.8746451495298494,0.005430940684090595,0.24195506073021658,0.9498920965038462
1.7988461538461193,0.6888846020948003,0.0,48.15303635841039,0.0027463319733214463,0.874980876107724,0.00542664670588451,0.24198615328798162,0.9501601360370145
1.7993461538461193,0.6896249010892053,0.0,48.132872842215754,0.0027309780565729826,0.8753165847118745,0.0054223955201562635,0.2420172458457466,0.9504274424492628
1.7998461538461192,0.6903652000836102,0.0,48.11297361016265,0.002715710447753101,0.8756522755113865,0.005418186711960548,0.24204833840351161,0.9506940159901272
1.8003461538461192,0.6911054990780154,0.0,48.09333603170296,0.0027005286932603274,0.8759879486753454,0.005414019869540094,0.24207943096127665,0.9509598569076888
1.8008461538461191,0.6918457980724204,0.0,48.07395748036943,0.002685432339493186,0.8763236043728369,0.005409894584309433,0.24211052351904166,0.9512249654485759
1.801346153846119,0.6925860970668256,0.0,48.054835333749004,0.002670420932850202,0.8766592427729465,0.005405810450838634,0.24214161607680668,0.9514893418579625
1.801846153846119,0.6933263960612306,0.0,48.0359669733785,0.0026554940197299004,0.8769948640447597,0.005401767066837051,0.2421727086345717,0.9517529863795691
1.802346153846119,0.6940666950556358,0.0,48.017349784710575,0.0026406511465308065,0.8773304683573621,0.005397764033137069,0.2422038011923367,0.9520158992556628
1.802846153846119,0.6948069940500408,0.0,47.99898115702805,0.0026258918596514446,0.8776660558798391,0.005393800953677837,0.2422348937501017,0.9522780807270579
1.8033461538461188,0.6955472930444457,0.0,47.98085848340237,0.0026112157054903407,0.8780016267812764,0.005389877435489001,0.24226598630786672,0.9525395310331155
1.8038461538461188,0.6962875920388509,0.0,47.96297916059624,0.002596622230446019,0.8783371812307594,0.005385993088674464,0.24229707886563173,0.952800250411744
1.8043461538461187,0.6970278910332559,0.0,47.94534058904075,0.0025821109809170046,0.8786727193973738,0.005382147526396102,0.24232817142339674,0.9530602390993992
1.8048461538461187,0.6977681900276609,0.0,47.92794017275223,0.0025676815033018226,0.879008241450205,0.00537834036485753,0.24235926398116175,0.9533194973310845
1.8053461538461186,0.6985084890220661,0.0,47.9107753192716,0.002553333343998998,0.8793437475583386,0.005374571223287833,0.24239035653892677,0.953578025340351
1.8058461538461186,0.6992487880164713,0.0,47.893843439617264,0.002539066049407056,0.87967923789086,0.0053708397239253325,0.24242144909669178,0.9538358233592976
1.8063461538461185,0.6999890870108763,0.0,47.87714194820394,0.0025248791659245214,0.8800147126168549,0.005367145492001348,0.2424525416544568,0.9540928916185717
1.8068461538461185,0.7007293860052812,0.0,47.86066826281862,0.002510772239949919,0.8803501719054088,0.005363488155723962,0.2424836342122218,0.9543492303473685
1.8073461538461184,0.7014696849996864,0.0,47.84441980450581,0.0024967448178817744,0.8806856159256072,0.005359867346261797,0.2425147267699868,0.954604839773432
1.8078461538461184,0.7022099839940914,0.0,47.82839399758833,0.002482796446118612,0.8810210448465357,0.0053562826977278126,0.24254581932775182,0.9548597201230546
1.8083461538461183,0.7029502829884964,0.0,47.81258826952333,0.0024689266710589573,0.8813564588372798,0.005352733847163105,0.24257691188551683,0.9551138716210775
1.8088461538461182,0.7036905819829016,0.0,47.79700005092869,0.002455135039101335,0.881691858066925,0.005349220434520715,0.24260800444328187,0.9553672944908909
1.8093461538461182,0.7044308809773066,0.0,47.78162677545341,0.00244142109664427,0.8820272427045569,0.005345742102649469,0.24263909700104686,0.9556199889544339
1.8098461538461181,0.7051711799717115,0.0,47.76646587978348,0.002427784390086287,0.882362612919261,0.005342298497277813,0.24267018955881187,0.955871955232195
1.810346153846118,0.7059114789661167,0.0,47.75151480356137,0.002414224465825912,0.8826979688801228,0.00533888926699768,0.2427012821165769,0.9561231935432122
1.810846153846118,0.7066517779605219,0.0,47.73677098930192,0.0024007408702616693,0.8830333107562279,0.005335514063248367,0.24273237467434192,0.9563737041050728
1.811346153846118,0.7073920769549267,0.0,47.72223188239564,0.002387333149792084,0.8833686387166618,0.005332172540300434,0.2427634672321069,0.9566234871339141
1.811846153846118,0.7081323759493319,0.0,47.70789493103891,0.002374000850815681,0.8837039529305101,0.005328864355239631,0.24279455978987194,0.9568725428444228
1.8123461538461179,0.7088726749437371,0.0,47.69375758613863,0.002360743519730986,0.8840392535668583,0.005325589167950833,0.24282565234763695,0.9571208714498362
1.8128461538461178,0.709612973938142,0.0,47.679817301339234,0.0023475607029365226,0.8843745407947918,0.005322346641102003,0.24285674490540196,0.9573684731619412
1.8133461538461177,0.710353272932547,0.0,47.66607153288957,0.0023344519468308173,0.8847098147833964,0.005319136440128188,0.24288783746316697,0.9576153481910754
1.8138461538461177,0.7110935719269522,0.0,47.65251773964938,0.002321416797812394,0.8850450757017575,0.005315958233215533,0.24291893002093198,0.9578614967461268
1.8143461538461176,0.7118338709213572,0.0,47.63915338303135,0.0023084548022797783,0.8853803237189606,0.005312811691285322,0.242950022578697,0.9581069190345336
1.8148461538461176,0.7125741699157622,0.0,47.62597592692634,0.0022955655066314953,0.8857155590040913,0.005309696487978053,0.242981115136462,0.9583516152622853
1.8153461538461175,0.7133144689101674,0.0,47.61298283768572,0.00228274845726607,0.8860507817262351,0.005306612299637532,0.24301220769422702,0.9585955856339218
1.8158461538461175,0.7140547679045726,0.0,47.600171584056625,0.0022700032005820263,0.8863859920544774,0.0053035588052950155,0.24304330025199206,0.9588388303525343
1.8163461538461174,0.7147950668989775,0.0,47.58753963712216,0.0022573292829778904,0.8867211901579041,0.0053005356866533656,0.24307439280975704,0.9590813496197649
1.8168461538461174,0.7155353658933825,0.0,47.57508447030725,0.002244726250852187,0.8870563762056004,0.005297542628071251,0.24310548536752205,0.9593231436358072
1.8173461538461173,0.7162756648877877,0.0,47.56280355928118,0.0022321936506034413,0.8873915503666521,0.005294579316547384,0.2431365779252871,0.959564212599406
1.8178461538461173,0.7170159638821927,0.0,47.55069438191692,0.002219731028630177,0.8877267128101444,0.005291645441704784,0.2431676704830521,0.9598045567078578
1.8183461538461172,0.7177562628765977,0.0,47.53875441827739,0.0022073379313309214,0.8880618637051632,0.005288740695775092,0.24319876304081708,0.9600441761570107
1.8188461538461171,0.7184965618710029,0.0,47.52698115055437,0.0021950139051041978,0.8883970032207937,0.00528586477358291,0.24322985559858212,0.9602830711412643
1.819346153846117,0.7192368608654081,0.0,47.51537206300826,0.0021827584963485316,0.8887321315261217,0.0052830173725301926,0.24326094815634713,0.9605212418535706
1.819846153846117,0.7199771598598128,0.0,47.503939389621856,0.0021705737298815205,0.8890672477741113,0.0052801988287849546,0.24329204071411215,0.9607586877665484
1.820346153846117,0.720717458854218,0.0,47.49274670614129,0.0021584694447079355,0.8894023475794889,0.005277411466661878,0.24332313327187716,0.9609954058643871
1.820846153846117,0.7214577578486232,0.0,47.481713356276146,0.002146431432545104,0.8897374364950009,0.005274651448162497,0.24335422582964217,0.961231400157226
1.8213461538461169,0.7221980568430282,0.0,47.47083802087112,0.0021344594011144216,0.8900725146077737,0.005271918525225784,0.24338531838740718,0.9614666707759626
1.8218461538461168,0.7229383558374332,0.0,47.46011938213045,0.0021225530581372807,0.8904075820049336,0.005269212451544191,0.2434164109451722,0.9617012178507482
1.8223461538461168,0.7236786548318384,0.0,47.44955612358851,0.0021107121113350764,0.8907426387736074,0.005266532982556056,0.2434475035029372,0.9619350415109871
1.8228461538461167,0.7244189538262433,0.0,47.43914693011084,0.002098936268429202,0.8910776850009211,0.00526387987543801,0.2434785960607022,0.9621681418853362
1.8233461538461166,0.7251592528206483,0.0,47.42889048784336,0.002087225237141052,0.8914127207740014,0.005261252889097369,0.24350968861846722,0.962400519101706
1.8238461538461166,0.7258995518150535,0.0,47.418785484231115,0.00207557872519202,0.8917477461799745,0.005258651784164506,0.24354078117623223,0.9626321732872601
1.8243461538461165,0.7266398508094585,0.0,47.408830607959125,0.0020639964403035,0.8920827613059671,0.005256076322985212,0.24357187373399725,0.9628631045684156
1.8248461538461165,0.7273801498038635,0.0,47.39902454895848,0.002052478090196887,0.8924177662391054,0.005253526269613054,0.24360296629176226,0.9630933130708426
1.8253461538461164,0.7281204487982686,0.0,47.38936599836922,0.0020410233825935735,0.8927527610665159,0.005251001389801709,0.24363405884952727,0.9633227989194648
1.8258461538461164,0.7288607477926738,0.0,47.37985364854671,0.0020296320252149542,0.8930877458753251,0.005248501450997293,0.2436651514072923,0.9635515622384596
1.8263461538461163,0.7296010467870788,0.0,47.37048619299893,0.0020183037257824237,0.8934227207526594,0.0052460262223306825,0.2436962439650573,0.9637796031512575
1.8268461538461163,0.7303413457814838,0.0,47.36126232641911,0.0020070381920173747,0.8937576857856451,0.0052435754746098144,0.2437273365228223,0.9640069217805429
1.8273461538461162,0.731081644775889,0.0,47.35218074462771,0.0019958351316412023,0.8940926410614087,0.0052411489803119915,0.24375842908058734,0.9642335182482538
1.8278461538461162,0.731821943770294,0.0,47.343240144566465,0.0019846942523753003,0.8944275866670767,0.005238746513576164,0.24378952163835235,0.9644593926755816
1.828346153846116,0.732562242764699,0.0,47.33443922427095,0.0019736152619410623,0.8947625226897754,0.005236367850195212,0.24382061419611734,0.9646845451829719
1.828846153846116,0.7333025417591041,0.0,47.325776682895274,0.0019625978680598826,0.8950974492166313,0.005234012767608211,0.24385170675388237,0.9649089758901236
1.829346153846116,0.7340428407535093,0.0,47.317251220615766,0.0019516417784531553,0.8954323663347709,0.005231681044892697,0.24388279931164739,0.9651326849159899
1.829846153846116,0.7347831397479141,0.0,47.30886153868191,0.0019407467008422741,0.8957672741313204,0.005229372462756921,0.2439138918694124,0.9653556723787777
1.8303461538461159,0.7355234387423193,0.0,47.3006063393594,0.0019299123429486332,0.8961021726934064,0.005227086803532096,0.2439449844271774,0.9655779383959479
1.8308461538461158,0.7362637377367245,0.0,47.29248432593372,0.0019191384124936264,0.8964370621081553,0.0052248238511646335,0.24397607698494242,0.9657994830842154
1.8313461538461158,0.7370040367311295,0.0,47.2844942026882,0.0019084246171986482,0.8967719424626935,0.005222583391208383,0.24400716954270743,0.966020306559549
1.8318461538461157,0.7377443357255344,0.0,47.276634674864695,0.001897770664785092,0.8971068138441475,0.005220365210816858,0.24403826210047244,0.9662404089371718
1.8323461538461157,0.7384846347199396,0.0,47.26890444868515,0.001887176262974352,0.8974416763396436,0.0052181690987354494,0.24406935465823745,0.9664597903315612
1.8328461538461156,0.7392249337143446,0.0,47.261302231291104,0.0018766411194878225,0.8977765300363082,0.005215994845293663,0.24410044721600246,0.9666784508564483
1.8333461538461155,0.7399652327087496,0.0,47.25382673076549,0.001866164942046897,0.8981113750212679,0.005213842242397312,0.24413153977376748,0.9668963906248191
1.8338461538461155,0.7407055317031548,0.0,47.24647665608118,0.0018557474383729701,0.8984462113816492,0.005211711083520736,0.2441626323315325,0.9671136097489136
1.8343461538461154,0.74144583069756,0.0,47.23925071712743,0.0018453883161874353,0.8987810392045781,0.005209601163699013,0.24419372488929753,0.9673301083402259
1.8348461538461154,0.742186129691965,0.0,47.232147624641456,0.0018350872832116867,0.8991158585771815,0.005207512279520142,0.24422481744706254,0.9675458865095049
1.8353461538461153,0.7429264286863699,0.0,47.225166090226594,0.0018248440471671187,0.8994506695865854,0.005205444229117264,0.24425591000482752,0.9677609443667538
1.8358461538461153,0.7436667276807751,0.0,47.21830482633608,0.0018146583157751246,0.8997854723199166,0.005203396812160848,0.24428700256259256,0.9679752820212302
1.8363461538461152,0.7444070266751801,0.0,47.211562546239655,0.0018045297967570991,0.9001202668643012,0.005201369829850887,0.24431809512035757,0.9681888995814464
1.8368461538461152,0.7451473256695851,0.0,47.20493796401202,0.0017944581978344358,0.900455053306866,0.005199363084909099,0.24434918767812258,0.9684017971551694
1.837346153846115,0.7458876246639903,0.0,47.198429794538676,0.0017844432267285289,0.9007898317347371,0.005197376381571115,0.2443802802358876,0.9686139748494204
1.837846153846115,0.7466279236583953,0.0,47.192036753457195,0.001774484591160772,0.9011246022350411,0.005195409525578678,0.2444113727936526,0.9688254327704756
1.838346153846115,0.7473682226528002,0.0,47.185757557197924,0.0017645819988525596,0.9014593648949043,0.0051934623241718285,0.24444246535141761,0.969036171023866
1.838846153846115,0.7481085216472054,0.0,47.17959092291266,0.0017547351575252857,0.9017941198014532,0.005191534586081113,0.24447355790918263,0.9692461897143771
1.8393461538461149,0.7488488206416106,0.0,47.173535568494096,0.0017449437749003439,0.9021288670418143,0.005189626121519766,0.24450465046694764,0.9694554889460495
1.8398461538461148,0.7495891196360156,0.0,47.167590212560945,0.0017352075586991283,0.9024636067031138,0.005187736742175915,0.24453574302471265,0.9696640688221784
1.8403461538461148,0.7503294186304206,0.0,47.16175357443027,0.0017255262166430332,0.9027983388724783,0.005185866261204783,0.24456683558247766,0.9698719294453139
1.8408461538461147,0.7510697176248258,0.0,47.15602437409428,0.0017158994564534524,0.9031330636370343,0.005184014493220883,0.24459792814024267,0.9700790709172613
1.8413461538461147,0.7518100166192307,0.0,47.15040133223617,0.0017063269858517797,0.903467781083908,0.005182181254290233,0.24462902069800768,0.9702854933390807
1.8418461538461146,0.7525503156136357,0.0,47.14488317018998,0.0016968085125594098,0.903802491300226,0.005180366361922554,0.2446601132557727,0.9704911968110871
1.8423461538461146,0.7532906146080409,0.0,47.139468609935214,0.0016873437442977359,0.9041371943731147,0.005178569635063498,0.2446912058135377,0.9706961814328507
1.8428461538461145,0.7540309136024461,0.0,47.13415637408724,0.0016779323887881525,0.9044718903897004,0.0051767908940868555,0.24472229837130272,0.970900447303197
1.8433461538461144,0.7547712125968509,0.0,47.128945185874954,0.0016685741537520533,0.9048065794371096,0.005175029960786783,0.24475339092906773,0.9711039945202062
1.8438461538461144,0.7555115115912561,0.0,47.123833769131544,0.0016592687469108324,0.9051412616024689,0.00517328665837003,0.24478448348683274,0.9713068231812142
1.8443461538461143,0.7562518105856613,0.0,47.11882084829839,0.0016500158759858842,0.9054759369729044,0.0051715608114481825,0.24481557604459778,0.9715089333828114
1.8448461538461143,0.7569921095800662,0.0,47.11390514835143,0.001640815248698602,0.9058106056355428,0.005169852246029893,0.24484666860236276,0.9717103252208443
1.8453461538461142,0.7577324085744712,0.0,47.10908539487872,0.0016316665727703805,0.9061452676775104,0.0051681607895131395,0.24487776116012777,0.971910998790414
1.8458461538461142,0.7584727075688764,0.0,47.10436031399423,0.001622569555922613,0.9064799231859336,0.005166486270677477,0.2449088537178928,0.9721109541858773
1.8463461538461141,0.7592130065632814,0.0,47.09972863235966,0.001613523905876694,0.9068145722479389,0.005164828519676309,0.24493994627565782,0.9723101915008463
1.846846153846114,0.7599533055576864,0.0,47.09518907715029,0.0016045293303540175,0.9071492149506527,0.0051631873680291545,0.2449710388334228,0.9725087108281885
1.847346153846114,0.7606936045520916,0.0,47.09074037608149,0.001595585537075977,0.9074838513812015,0.005161562648613937,0.24500213139118784,0.9727065122600267
1.847846153846114,0.7614339035464968,0.0,47.08638125735335,0.0015866922337639674,0.9078184816267114,0.005159954195659274,0.24503322394895286,0.9729035958877393
1.848346153846114,0.7621742025409017,0.0,47.08211044963868,0.001577849128139382,0.9081531057743093,0.005158361844736788,0.24506431650671787,0.9730999618019605
1.8488461538461138,0.7629145015353067,0.0,47.077926682131455,0.0015690559279236149,0.9084877239111213,0.005156785432753409,0.24509540906448288,0.9732956100925793
1.8493461538461138,0.7636548005297119,0.0,47.073828684448955,0.0015603123408380601,0.908822336124274,0.005155224797943711,0.2451265016222479,0.9734905408487409
1.8498461538461137,0.7643950995241169,0.0,47.06981518669783,0.0015516180746041118,0.9091569425008936,0.005153679779862247,0.2451575941800129,0.9736847541588458
1.8503461538461137,0.7651353985185219,0.0,47.065884919402336,0.0015429728369431637,0.9094915431281068,0.005152150219375896,0.2451886867377779,0.9738782501105505
1.8508461538461136,0.7658756975129271,0.0,47.06203661353201,0.0015343763355766104,0.9098261380930398,0.00515063595865623,0.24521977929554292,0.9740710287907668
1.8513461538461136,0.766615996507332,0.0,47.05826900047765,0.0015258282782258453,0.9101607274828192,0.005149136841171888,0.24525087185330793,0.9742630902856624
1.8518461538461135,0.767356295501737,0.0,47.05458081202758,0.0015173283726122627,0.9104953113845714,0.005147652711680973,0.24528196441107294,0.9744544346806606
1.8523461538461135,0.7680965944961422,0.0,47.05097078040006,0.0015088763264572563,0.9108298898854227,0.005146183416223452,0.24531305696883798,0.9746450620604405
1.8528461538461134,0.7688368934905474,0.0,47.04743763816378,0.0015004718474822204,0.9111644630724995,0.005144728802113575,0.245344149526603,0.9748349725089371
1.8533461538461133,0.7695771924849524,0.0,47.04398011829219,0.0014921146434085488,0.9114990310329285,0.00514328871793232,0.245375242084368,0.9750241661093414
1.8538461538461133,0.7703174914793574,0.0,47.04059695412312,0.001483804421957636,0.9118335938538358,0.0051418630135198345,0.24540633464213302,0.9752126429440996
1.8543461538461132,0.7710577904737625,0.0,47.03728687934449,0.0014755408908508753,0.9121681516223481,0.005140451539967918,0.24543742719989803,0.9754004030949145
1.8548461538461132,0.7717980894681675,0.0,47.034048628006005,0.001467323757809661,0.9125027044255916,0.005139054149612498,0.24546851975766304,0.9755874466427443
1.8553461538461131,0.7725383884625725,0.0,47.03088093448792,0.001459152730555387,0.9128372523506928,0.00513767069602614,0.24549961231542805,0.9757737736678036
1.855846153846113,0.7732786874569777,0.0,47.02778253349154,0.0014510275168094478,0.9131717954847782,0.005136301034010569,0.24553070487319306,0.9759593842495625
1.856346153846113,0.7740189864513829,0.0,47.024752160064345,0.001442947824293237,0.9135063339149743,0.005134945019589215,0.24556179743095807,0.9761442784667477
1.856846153846113,0.7747592854457876,0.0,47.02178854953913,0.0014349133607281486,0.9138408677284072,0.005133602509999772,0.24559288998872308,0.9763284563973411
1.857346153846113,0.7754995844401928,0.0,47.01889043756809,0.0014269238338355766,0.9141753970122036,0.00513227336368678,0.2456239825464881,0.9765119181185814
1.8578461538461128,0.776239883434598,0.0,47.01605656008379,0.001418978951336915,0.9145099218534899,0.005130957440294232,0.2456550751042531,0.976694663706963
1.8583461538461128,0.776980182429003,0.0,47.0132856533121,0.0014110784209535577,0.9148444423393924,0.005129654600658194,0.24568616766201812,0.9768766932382364
1.8588461538461127,0.777720481423408,0.0,47.01057645375503,0.001403221950406899,0.9151789585570376,0.005128364706799452,0.24571726021978313,0.9770580067874083
1.8593461538461127,0.7784607804178132,0.0,47.007927698173795,0.001395409247418333,0.9155134705935519,0.005127087621916184,0.24574835277754814,0.9772386044287417
1.8598461538461126,0.7792010794122182,0.0,47.00533812360222,0.0013876400197092532,0.9158479785360619,0.005125823210376647,0.24577944533531315,0.9774184862357554
1.8603461538461126,0.7799413784066231,0.0,47.00280646731288,0.0013799139750010538,0.9161824824716938,0.0051245713377118945,0.24581053789307816,0.9775976522812247
1.8608461538461125,0.7806816774010283,0.0,47.000331466826495,0.001372230821015129,0.9165169824875741,0.005123331870608518,0.24584163045084317,0.9777761026371811
1.8613461538461125,0.7814219763954335,0.0,46.997911859917224,0.0013645902654728728,0.9168514786708292,0.005122104676901408,0.2458727230086082,0.977953837374912
1.8618461538461124,0.7821622753898385,0.0,46.99559302022363,0.001357000294066066,0.91718596787803,0.005120891093174316,0.2459038155663732,0.9781308548587414
1.8623461538461124,0.7829025743842435,0.0,46.99335889099351,0.0013494569158086743,0.9175204512209744,0.005119690317147643,0.2459349081241382,0.9783071557181389
1.8628461538461123,0.7836428733786487,0.0,46.99118034573016,0.0013419546292548308,0.9178549307169938,0.005118501294007761,0.24596600068190325,0.9784827410474812
1.8633461538461122,0.7843831723730537,0.0,46.98905682451781,0.001334493257637448,0.9181894064046093,0.005117323917913222,0.24599709323966826,0.9786576108914854
1.8638461538461122,0.7851234713674586,0.0,46.986987767601065,0.0013270726241894385,0.918523878322342,0.005116158083766281,0.24602818579743324,0.9788317652945391
1.8643461538461121,0.7858637703618638,0.0,46.98497261537725,0.0013196925521437143,0.9188583465087128,0.005115003687209675,0.24605927835519828,0.9790052043007011
1.864846153846112,0.786604069356269,0.0,46.983010808367425,0.0013123528647331882,0.919192811002243,0.005113860624623393,0.2460903709129633,0.9791779279537015
1.865346153846112,0.7873443683506738,0.0,46.9811017872304,0.0013050533851907725,0.9195272718414536,0.005112728793121449,0.2461214634707283,0.979349936296941
1.865846153846112,0.788084667345079,0.0,46.97924499276395,0.0012977939367493799,0.9198617290648656,0.0051116080905486425,0.2461525560284933,0.9795212293734917
1.866346153846112,0.788824966339484,0.0,46.9774398659146,0.0012905743426419225,0.9201961827110001,0.005110498415477319,0.24618364858625832,0.9796918072260967
1.8668461538461119,0.7895652653338892,0.0,46.97568584772287,0.001283394426101313,0.9205306328183783,0.005109399667204126,0.24621474114402334,0.9798616698971703
1.8673461538461118,0.7903055643282941,0.0,46.97398237937625,0.0012762540103604637,0.9208650794255212,0.0051083117457467655,0.24624583370178835,0.9800308174287976
1.8678461538461117,0.7910458633226991,0.0,46.97232890219326,0.0012691529186522872,0.9211995225709497,0.00510723455184074,0.24627692625955336,0.9801992498627351
1.8683461538461117,0.7917861623171043,0.0,46.97072485758599,0.0012620909742096958,0.9215339622931852,0.005106167986936095,0.24630801881731837,0.9803669672404104
1.8688461538461116,0.7925264613115093,0.0,46.96916968710462,0.001255068000265602,0.9218683986307485,0.005105111953194165,0.24633911137508338,0.9805339696029222
1.8693461538461116,0.7932667603059145,0.0,46.96766283240855,0.0012480838200529185,0.922202831622161,0.005104066353484302,0.24637020393284842,0.98070025699104
1.8698461538461115,0.7940070593003195,0.0,46.96620373525074,0.0012411382568045574,0.9225372613059434,0.005103031091380616,0.2464012964906134,0.9808658294452051
1.8703461538461115,0.7947473582947244,0.0,46.96479183752641,0.0012342311337534314,0.922871687720617,0.005102006071158704,0.24643238904837841,0.9810306870055293
1.8708461538461114,0.7954876572891296,0.0,46.963426581205795,0.0012273622741324527,0.9232061109047027,0.005100991197792375,0.24646348160614345,0.9811948297117958
1.8713461538461114,0.7962279562835346,0.0,46.962107408361334,0.001220531501174534,0.9235405308967218,0.005099986376950378,0.24649457416390846,0.9813582576034594
1.8718461538461113,0.7969682552779398,0.0,46.96083376118659,0.0012137386381125875,0.9238749477351954,0.005098991514993123,0.24652566672167348,0.9815209707196453
1.8723461538461112,0.7977085542723448,0.0,46.95960508195907,0.001206983508179526,0.9242093614586443,0.005098006518969402,0.2465567592794385,0.9816829690991504
1.8728461538461112,0.79844885326675,0.0,46.95842081305041,0.0012002659346082617,0.9245437721055898,0.005097031296613104,0.2465878518372035,0.9818442527804427
1.8733461538461111,0.799189152261155,0.0,46.95728039691948,0.001193585740631707,0.9248781797145529,0.005096065756339933,0.2466189443949685,0.9820048218016613
1.873846153846111,0.7999294512555599,0.0,46.956183276126964,0.0011869427494827747,0.9252125843240546,0.005095109807244123,0.24665003695273352,0.9821646762006165
1.874346153846111,0.800669750249965,0.0,46.955128893311276,0.0011803367843943769,0.9255469859726162,0.005094163359095146,0.24668112951049853,0.9823238160147901
1.874846153846111,0.8014100492443701,0.0,46.95411669119462,0.0011737676685994263,0.9258813846987586,0.005093226322334424,0.24671222206826354,0.9824822412813348
1.875346153846111,0.8021503482387752,0.0,46.953146112576164,0.0011672352253308351,0.9262157805410028,0.005092298608072042,0.24674331462602855,0.9826399520370744
1.8758461538461109,0.8028906472331802,0.0,46.952216600351086,0.0011607392778215158,0.9265501735378702,0.005091380128083447,0.24677440718379356,0.9827969483185045
1.8763461538461108,0.8036309462275852,0.0,46.951327597469394,0.0011542796493043811,0.9268845637278815,0.0050904707948061624,0.24680549974155858,0.9829532301617914
1.8768461538461108,0.8043712452219903,0.0,46.95047854697225,0.0011478561630123433,0.927218951149558,0.005089570521336493,0.2468365922993236,0.9831087976027729
1.8773461538461107,0.8051115442163954,0.0,46.949668891955135,0.0011414686421783147,0.9275533358414207,0.005088679221426224,0.2468676848570886,0.983263650676958
1.8778461538461106,0.8058518432108005,0.0,46.94889807559998,0.001135116910035208,0.9278877178419908,0.005087796809479333,0.2468987774148536,0.983417789419527
1.8783461538461106,0.8065921422052056,0.0,46.94816554114698,0.0011288007898159354,0.9282220971897892,0.005086923200548688,0.24692986997261862,0.9835712138653314
1.8788461538461105,0.8073324411996106,0.0,46.947470731900935,0.0011225201047534096,0.9285564739233371,0.005086058310332757,0.24696096253038363,0.9837239240488941
1.8793461538461105,0.8080727401940156,0.0,46.946813091229025,0.001116274678080543,0.9288908480811554,0.005085202055172306,0.24699205508814864,0.983875920004409
1.8798461538461104,0.8088130391884207,0.0,46.946192062567164,0.001110064333030248,0.9292252197017654,0.005084354352047109,0.24702314764591365,0.9840272017657418
1.8803461538461104,0.8095533381828258,0.0,46.945607089387686,0.0011038888928354372,0.9295595888236882,0.005083515118572647,0.24705424020367867,0.984177769366429
1.8808461538461103,0.8102936371772309,0.0,46.94505761524461,0.0010977481807290228,0.9298939554854446,0.005082684272996817,0.24708533276144368,0.9843276228396786
1.8813461538461103,0.8110339361716359,0.0,46.9445430837327,0.0010916420199439173,0.9302283197255559,0.005081861734196634,0.2471164253192087,0.9844767622183697
1.8818461538461102,0.811774235166041,0.0,46.94406293849832,0.0010855702337130332,0.9305626815825431,0.005081047421674943,0.2471475178769737,0.9846251875350532
1.8823461538461101,0.8125145341604461,0.0,46.943616623233105,0.0010795326452692831,0.9308970410949273,0.005080241255557122,0.24717861043473874,0.984772898821951
1.88284615384611,0.8132548331548511,0.0,46.943203581689126,0.0010735290778455793,0.9312313983012296,0.005079443156587789,0.24720970299250375,0.9849198961109562
1.88334615384611,0.8139951321492562,0.0,46.94282325765109,0.0010675593546748342,0.9315657532399709,0.005078653046127521,0.24724079555026876,0.9850661794336335
1.88384615384611,0.8147354311436613,0.0,46.942475094955924,0.0010616232989899604,0.9319001059496727,0.005077870846149555,0.24727188810803377,0.9852117488212188
1.88434615384611,0.8154757301380663,0.0,46.942158537477916,0.0010557207340238703,0.9322344564688556,0.0050770964792365095,0.24730298066579878,0.9853566043046191
1.8848461538461099,0.8162160291324714,0.0,46.941873029135444,0.0010498514830094765,0.9325688048360409,0.005076329868577098,0.2473340732235638,0.9855007459144134
1.8853461538461098,0.8169563281268765,0.0,46.94161801387622,0.001044015369179691,0.9329031510897496,0.005075570937962846,0.2473651657813288,0.9856441736808516
1.8858461538461098,0.8176966271212815,0.0,46.94139293569268,0.0010382122157674267,0.933237495268503,0.0050748196117848116,0.24739625833909382,0.9857868876338547
1.8863461538461097,0.8184369261156866,0.0,46.941197238607266,0.0010324418460055961,0.933571837410822,0.005074075815030309,0.24742735089685883,0.9859288878030157
1.8868461538461097,0.8191772251100916,0.0,46.94103036667501,0.0010267040831271113,0.9339061775552275,0.005073339473279633,0.24745844345462384,0.9860701742175985
1.8873461538461096,0.8199175241044967,0.0,46.940891763990386,0.0010209987503648848,0.9342405157402409,0.005072610512702789,0.24748953601238885,0.9862107469065385
1.8878461538461095,0.8206578230989018,0.0,46.940780874659794,0.0010153256709518293,0.9345748520043831,0.005071888860056223,0.24752062857015386,0.9863506058984427
1.8883461538461095,0.8213981220933069,0.0,46.94069714283439,0.001009684668120857,0.9349091863861753,0.005071174442679559,0.2475517211279189,0.9864897512215891
1.8888461538461094,0.822138421087712,0.0,46.940640012678244,0.0010040755651048805,0.9352435189241384,0.005070467188492333,0.2475828136856839,0.9866281829039272
1.8893461538461094,0.8228787200821169,0.0,46.94060892838836,0.0009984981851368124,0.9355778496567935,0.005069767025990741,0.24761390624344892,0.9867659009730781
1.8898461538461093,0.823619019076522,0.0,46.940603334175826,0.0009929523514495648,0.9359121786226619,0.0050690738842443794,0.24764499880121393,0.9869029054563342
1.8903461538461093,0.8243593180709271,0.0,46.94062267429019,0.0009874378872760505,0.9362465058602645,0.0050683876928930005,0.24767609135897894,0.9870391963806592
1.8908461538461092,0.8250996170653322,0.0,46.94066639297482,0.0009819546158491817,0.9365808314081223,0.005067708382143263,0.24770718391674396,0.9871747737726881
1.8913461538461092,0.8258399160597373,0.0,46.94073393451721,0.0009765023604018709,0.9369151553047566,0.005067035882765494,0.24773827647450897,0.9873096376587277
1.891846153846109,0.8265802150541424,0.0,46.94082474320445,0.0009710809441670306,0.9372494775886883,0.005066370126090449,0.24776936903227398,0.987443788064756
1.892346153846109,0.8273205140485473,0.0,46.94093826333904,0.0009656901903775732,0.9375837982984384,0.005065711044006084,0.247800461590039,0.9875772250164221
1.892846153846109,0.8280608130429524,0.0,46.94107393925908,0.0009603299222664112,0.9379181174725283,0.005065058568954331,0.247831554147804,0.9877099485390473
1.893346153846109,0.8288011120373575,0.0,46.941231215280965,0.0009549999630664571,0.9382524351494788,0.005064412633927869,0.247862646705569,0.9878419586576234
1.8938461538461089,0.8295414110317626,0.0,46.94140953576267,0.0009497001360106235,0.9385867513678111,0.005063773172466918,0.24789373926333402,0.9879732553968142
1.8943461538461088,0.8302817100261677,0.0,46.941608345055144,0.0009444302643318224,0.9389210661660462,0.005063140118656024,0.24792483182109903,0.988103838780955
1.8948461538461088,0.8310220090205727,0.0,46.94182708752688,0.0009391901712629666,0.9392553795827052,0.005062513407120857,0.24795592437886405,0.9882337088340523
1.8953461538461087,0.8317623080149777,0.0,46.94206520755414,0.0009339796800369685,0.9395896916563092,0.00506189297302501,0.24798701693662906,0.9883628655797838
1.8958461538461087,0.8325026070093828,0.0,46.94232214950685,0.0009287986138867405,0.9399240024253793,0.005061278752066814,0.24801810949439407,0.9884913090414993
1.8963461538461086,0.8332429060037879,0.0,46.942597357777636,0.000923646796045195,0.9402583119284366,0.005060670680476149,0.24804920205215908,0.9886190392422194
1.8968461538461086,0.833983204998193,0.0,46.94289027675485,0.0009185240497452446,0.940592620204002,0.0050600686950112665,0.2480802946099241,0.9887460562046366
1.8973461538461085,0.8347235039925981,0.0,46.94320035083017,0.0009134301982198017,0.9409269272905968,0.005059472732955617,0.2481113871676891,0.9888723599511147
1.8978461538461084,0.8354638029870031,0.0,46.943527024401845,0.0009083650647017787,0.9412612332267419,0.005058882732114692,0.2481424797254541,0.9889979505036888
1.8983461538461084,0.8362041019814082,0.0,46.94386974186076,0.0009033284724240882,0.9415955380509585,0.005058298630812861,0.24817357228321912,0.9891228278840656
1.8988461538461083,0.8369444009758132,0.0,46.94422794760672,0.0008983202446196424,0.9419298418017676,0.005057720367890226,0.24820466484098413,0.9892469921136233
1.8993461538461083,0.8376846999702183,0.0,46.94460108603892,0.0008933402045213539,0.9422641445176905,0.00505714788269948,0.24823575739874917,0.9893704432134116
1.8998461538461082,0.8384249989646234,0.0,46.94498860154639,0.0008883881753621353,0.9425984462372479,0.005056581115102774,0.24826684995651419,0.9894931812041514
1.9003461538461082,0.8391652979590284,0.0,46.94538993852438,0.0008834639803748988,0.942932746998961,0.005056020005468592,0.2482979425142792,0.9896152061062353
1.900846153846108,0.8399055969534335,0.0,46.94580454135629,0.000878567442792557,0.9432670468413511,0.005055464494668636,0.2483290350720442,0.9897365179397275
1.901346153846108,0.8406458959478386,0.0,46.9462318544301,0.0008736983858480224,0.943601345802939,0.005054914524074716,0.24836012762980922,0.9898571167243633
1.901846153846108,0.8413861949422436,0.0,46.9466713221333,0.0008688566327742072,0.9439356439222459,0.005054370035555654,0.24839122018757423,0.9899770024795498
1.902346153846108,0.8421264939366487,0.0,46.9471223888306,0.0008640420068040239,0.944269941237793,0.005053830971474194,0.24842231274533924,0.9900961752243653
1.902846153846108,0.8428667929310538,0.0,46.9475844988934,0.0008592543311703852,0.9446042377881011,0.005053297274683921,0.24845340530310425,0.9902146349775598
1.9033461538461078,0.8436070919254588,0.0,46.94805709668618,0.0008544934291062036,0.9449385336116914,0.005052768888526188,0.24848449786086926,0.9903323817575548
1.9038461538461078,0.8443473909198639,0.0,46.94853962655726,0.0008497591238443912,0.9452728287470851,0.005052245756827065,0.24851559041863427,0.990449415582443
1.9043461538461077,0.845087689914269,0.0,46.94903153285543,0.0008450512386178607,0.9456071232328032,0.005051727823894274,0.24854668297639929,0.9905657364699889
1.9048461538461077,0.845827988908674,0.0,46.94953225991641,0.0008403695966595244,0.9459414171073667,0.005051215034514159,0.2485777755341643,0.9906813444376285
1.9053461538461076,0.8465682879030791,0.0,46.950041252075316,0.0008357140212022949,0.9462757104092967,0.005050707333948655,0.24860886809192934,0.9907962395024689
1.9058461538461076,0.8473085868974841,0.0,46.95055795363164,0.0008310843354790846,0.9466100031771143,0.005050204667932263,0.24863996064969432,0.9909104216812891
1.9063461538461075,0.8480488858918892,0.0,46.95108180891337,0.0008264803627228059,0.9469442954493407,0.005049706982669049,0.24867105320745936,0.9910238909905393
1.9068461538461075,0.8487891848862943,0.0,46.95161226220339,0.0008219019261663712,0.9472785872644968,0.005049214224829639,0.24870214576522437,0.9911366474463416
1.9073461538461074,0.8495294838806994,0.0,46.95214875779932,0.0008173488490426933,0.9476128786611037,0.005048726341548241,0.24873323832298938,0.991248691064489
1.9078461538461073,0.8502697828751045,0.0,46.952690739961476,0.0008128209545846842,0.9479471696776826,0.005048243280419667,0.2487643308807544,0.9913600218604465
1.9083461538461073,0.8510100818695094,0.0,46.95323765296853,0.0008083180660252568,0.9482814603527543,0.005047764989496368,0.2487954234385194,0.9914706398493504
1.9088461538461072,0.8517503808639145,0.0,46.95382730829723,0.0008038487934945754,0.9486157480658757,0.005047292446647502,0.24882651599628441,0.9915805441746507
1.9093461538461072,0.8524906798583196,0.0,46.95443359435981,0.0007994061558873533,0.9489500346267018,0.005046824793619769,0.24885760855404943,0.9916897354444677
1.9098461538461071,0.8532309788527247,0.0,46.95504582864227,0.0007949875391030678,0.9492843207755752,0.005046361693802828,0.24888870111181444,0.991798213905629
1.910346153846107,0.8539712778471298,0.0,46.955663798132434,0.0007905928431162105,0.9496186065272662,0.005045903106689606,0.24891979366957945,0.9919059795655152
1.910846153846107,0.8547115768415349,0.0,46.95628728980069,0.0007862219679012728,0.9499528918965453,0.005045448992053826,0.24895088622734446,0.9920130324313812
1.911346153846107,0.8554518758359398,0.0,46.9569160906257,0.0007818748134327463,0.9502871768981832,0.005044999309948812,0.24898197878510947,0.9921193725103554
1.911846153846107,0.8561921748303449,0.0,46.95754998757269,0.0007775512796851224,0.9506214615469502,0.005044554020706289,0.24901307134287448,0.9922249998094409
1.9123461538461068,0.85693247382475,0.0,46.95818876761495,0.0007732512666328928,0.9509557458576168,0.005044113084935194,0.2490441639006395,0.9923299143355144
1.9128461538461068,0.8576727728191551,0.0,46.958832217703495,0.0007689746742505489,0.9512900298449536,0.005043676463520469,0.2490752564584045,0.9924341160953268
1.9133461538461067,0.8584130718135602,0.0,46.959480124784214,0.0007647214025125822,0.9516243135237311,0.005043244117621866,0.24910634901616951,0.992537605095503
1.9138461538461067,0.8591533708079652,0.0,46.96013227582364,0.0007604913513934843,0.9519585969087198,0.005042816008672741,0.24913744157393453,0.9926403813425418
1.9143461538461066,0.8598936698023703,0.0,46.960788457748485,0.0007562844208677465,0.9522928800146901,0.00504239209837885,0.24916853413169954,0.9927424448428165
1.9148461538461066,0.8606339687967753,0.0,46.961448457505924,0.0007521005109098607,0.9526271628564127,0.0050419723487171485,0.24919962668946455,0.9928437956025739
1.9153461538461065,0.8613742677911804,0.0,46.96211206202897,0.0007479395214943181,0.9529614454486578,0.005041556721934578,0.24923071924722956,0.9929444336279349
1.9158461538461065,0.8621145667855855,0.0,46.96277905823646,0.0007438013525956103,0.9532957278061962,0.005041145180546864,0.24926181180499457,0.9930443589248951
1.9163461538461064,0.8628548657799906,0.0,46.96344923306307,0.0007396859041882288,0.9536300099437982,0.005040737687337306,0.2492929043627596,0.9931435714993232
1.9168461538461063,0.8635951647743956,0.0,46.96412237339898,0.0007355930762466651,0.9539642918762344,0.005040334205355561,0.2493239969205246,0.9932420713569626
1.9173461538461063,0.8643354637688007,0.0,46.96479826618023,0.0007315227687454108,0.9542985736182753,0.00503993469791644,0.24935508947828963,0.9933398585034304
1.9178461538461062,0.8650757627632057,0.0,46.96547669829393,0.0007274748816589574,0.9546328551846914,0.005039539128598691,0.24938618203605464,0.9934369329442182
1.9183461538461062,0.8658160617576108,0.0,46.966157456647046,0.0007234493149617964,0.9549671365902531,0.005039147461243783,0.24941727459381965,0.993533294684691
1.9188461538461061,0.8665563607520159,0.0,46.96684032812768,0.0007194459686284192,0.9553014178497311,0.005038759659954698,0.24944836715158467,0.9936289437300883
1.919346153846106,0.8672966597464209,0.0,46.96752509961786,0.0007154647426333174,0.9556356989778957,0.005038375689094708,0.24947945970934968,0.9937238800855234
1.919846153846106,0.868036958740826,0.0,46.968211558002125,0.0007115055369509827,0.9559699799895175,0.005037995513286163,0.2495105522671147,0.9938181037559838
1.920346153846106,0.8687772577352311,0.0,46.968899490150285,0.0007075682515559063,0.9563042608993669,0.005037619097409271,0.2495416448248797,0.993911614746331
1.920846153846106,0.8695175567296362,0.0,46.96958868292598,0.00070365278642258,0.9566385417222145,0.00503724640660088,0.2495727373826447,0.9940044130613006
1.9213461538461059,0.8702578557240412,0.0,46.970278923203885,0.0006997590415254951,0.9569728224728309,0.005036877406253261,0.24960382994040972,0.9940964987055021
1.9218461538461058,0.8709981547184462,0.0,46.970969997817974,0.0006958869168391432,0.9573071031659864,0.0050365120620128835,0.24963492249817473,0.9941878716834193
1.9223461538461057,0.8717384537128513,0.0,46.971661693639064,0.0006920363123380157,0.9576413838164516,0.005036150339779201,0.24966601505593974,0.9942785319994095
1.9228461538461057,0.8724787527072564,0.0,46.97235379749723,0.0006882071279966043,0.957975664438997,0.0050357922057034255,0.24969710761370476,0.9943684796577048
1.9233461538461056,0.8732190517016615,0.0,46.97304609622492,0.0006843992637894005,0.9583099450483931,0.005035437626187308,0.24972820017146977,0.9944577146624107
1.9238461538461056,0.8739593506960666,0.0,46.973738376661196,0.0006806126196908957,0.9586442256594103,0.0050350865678819145,0.2497592927292348,0.9945462370175071
1.9243461538461055,0.8746996496904716,0.0,46.97443042562162,0.0006768470956755815,0.9589785062868192,0.005034738997686409,0.24979038528699982,0.9946340467268479
1.9248461538461055,0.8754399486848766,0.0,46.975122029928386,0.0006731025917179493,0.9593127869453904,0.005034394882746822,0.24982147784476483,0.9947211437941608
1.9253461538461054,0.8761802476792817,0.0,46.975812976388816,0.0006693790077924908,0.9596470676498942,0.005034054190454836,0.24985257040252984,0.9948075282230477
1.9258461538461054,0.8769205466736868,0.0,46.976503051808265,0.0006656762438736974,0.9599813484151012,0.005033716888446558,0.24988366296029485,0.9948932000169849
1.9263461538461053,0.8776608456680919,0.0,46.97719204298585,0.0006619941999360606,0.960315629255782,0.005033382944601297,0.24991475551805986,0.9949781591793222
1.9268461538461052,0.878401144662497,0.0,46.977879736718776,0.000658332775954072,0.9606499101867068,0.00503305232704034,0.24994584807582487,0.9950624057132836
1.9273461538461052,0.8791414436569019,0.0,46.97856591978084,0.0006546918719022229,0.9609841912226464,0.0050327250041257285,0.24997694063358988,0.9951459396219674
1.9278461538461051,0.879881742651307,0.0,46.979250378956884,0.0006510713877550052,0.9613184723783712,0.005032400944459036,0.2500080331913549,0.9952287609083456
1.928346153846105,0.8806220416457121,0.0,46.979932901025634,0.0006474712234869101,0.9616527536686517,0.005032080116880145,0.2500391257491199,0.9953108695752643
1.928846153846105,0.8813623406401172,0.0,46.980613272751135,0.0006438912790724292,0.9619870351082583,0.0050317624904660215,0.2500702183068849,0.9953922656254439
1.929346153846105,0.8821026396345223,0.0,46.981291280895675,0.000640331454486054,0.9623213167119617,0.005031448034529492,0.25010131086464993,0.9954729490614787
1.929846153846105,0.8828429386289274,0.0,46.98196671221559,0.0006367916497022761,0.9626555984945323,0.0050311367186180265,0.25013240342241494,0.9955529198858368
1.9303461538461049,0.8835832376233324,0.0,46.98263935345263,0.0006332717646955869,0.9629898804707405,0.005030828512512505,0.25016349598017995,0.9956321781008607
1.9308461538461048,0.8843235366177374,0.0,46.98330899135995,0.000629771699440478,0.963324162655357,0.005030523386226006,0.25019458853794496,0.9957107237087669
1.9313461538461048,0.8850638356121425,0.0,46.983975412671974,0.0006262913539114409,0.9636584450631521,0.00503022131000258,0.25022568109571,0.9957885567116457
1.9318461538461047,0.8858041346065476,0.0,46.984638404121675,0.000622830628082967,0.9639927277088965,0.005029922254316027,0.250256773653475,0.9958656771114616
1.9323461538461046,0.8865444336009527,0.0,46.985297752436395,0.0006193894219295481,0.9643270106073606,0.0050296261898686795,0.25028786621124,0.9959420849100531
1.9328461538461046,0.8872847325953577,0.0,46.985953244329274,0.0006159676354256754,0.9646612937733149,0.00502933308759018,0.250318958769005,0.9960177801091328
1.9333461538461045,0.8880250315897628,0.0,46.9866046665252,0.0006125651685458405,0.9649955772215298,0.0050290429186362635,0.25035005132677,0.9960927627102873
1.9338461538461045,0.8887653305841678,0.0,46.98725180573506,0.0006091819212645351,0.965329860966776,0.005028755654387536,0.25038114388453503,0.9961670327149774
1.9343461538461044,0.8895056295785729,0.0,46.98789444865578,0.0006058177935562505,0.9656641450238239,0.0050284712664482615,0.25041223644230004,0.9962405901245377
1.9348461538461044,0.890245928572978,0.0,46.98853238198773,0.0006024726853954784,0.965998429407444,0.0050281897266451405,0.25044332900006505,0.9963134349401768
1.9353461538461043,0.8909862275673831,0.0,46.9891653924348,0.00059914649675671,0.9663327141324067,0.005027911007026097,0.25047442155783006,0.9963855671629775
1.9358461538461043,0.8917265265617881,0.0,46.98979326667431,0.0005958391276144372,0.9666669992134828,0.005027635079859063,0.2505055141155951,0.9964569867938968
1.9363461538461042,0.8924668255561932,0.0,46.990415791395975,0.0005925504779431513,0.9670012846654424,0.005027361917630766,0.2505366066733601,0.9965276938337654
1.9368461538461041,0.8932071245505983,0.0,46.99103275328473,0.0005892804477173439,0.9673355705030564,0.0050270914930455116,0.2505676992311251,0.9965976882832883
1.937346153846104,0.8939474235450033,0.0,46.99164393900365,0.0005860289369115063,0.9676698567410951,0.00502682377902398,0.2505987917888901,0.9966669701430443
1.937846153846104,0.8946877225394084,0.0,46.99224913523716,0.0005827958455001303,0.9680041433943288,0.005026558748702008,0.2506298843466551,0.9967355394134864
1.938346153846104,0.8954280215338134,0.0,46.99284812864376,0.0005795810734577074,0.9683384304775284,0.005026296375429387,0.25066097690442013,0.9968033960949416
1.938846153846104,0.8961683205282185,0.0,46.993440705886336,0.0005763845207587289,0.9686727180054642,0.005026036632768651,0.25069206946218514,0.9968705401876111
1.9393461538461039,0.8969086195226236,0.0,46.9940266536323,0.0005732060873776864,0.9690070059929067,0.005025779494493873,0.2507231620199502,0.9969369716915698
1.9398461538461038,0.8976489185170287,0.0,46.99460575851497,0.0005700456732890716,0.9693412944546264,0.00502552493458946,0.2507542545777152,0.9970026906067668
1.9403461538461038,0.8983892175114337,0.0,46.995177807198345,0.0005669031784673758,0.9696755834053937,0.005025272927248949,0.25078534713548023,0.9970676969330254
1.9408461538461037,0.8991295165058387,0.0,46.995742586325534,0.0005637785028870905,0.9700098728599793,0.005025023446873813,0.25081643969324524,0.9971319906700427
1.9413461538461037,0.8998698155002438,0.0,46.996299882544825,0.0005606715465227073,0.9703441628331537,0.005024776468072251,0.25084753225101025,0.9971955718173899
1.9418461538461036,0.9006101144946489,0.0,46.99684948248825,0.0005575822093487178,0.9706784533396873,0.005024531965657998,0.25087862480877526,0.9972584403745125
1.9423461538461035,0.901350413489054,0.0,46.997391172801976,0.0005545103913396133,0.9710127443943505,0.005024289914649128,0.2509097173665403,0.9973205963407294
1.9428461538461035,0.9020907124834591,0.0,46.99792474011196,0.0005514559924698855,0.971347036011914,0.00502405029026686,0.2509408099243053,0.9973820397152342
1.9433461538461034,0.9028310114778642,0.0,46.998449971050015,0.000548418912714026,0.9716813282071483,0.005023813067934369,0.2509719024820703,0.9974427704970942
1.9438461538461034,0.9035713104722691,0.0,46.99896665224536,0.000545399052046526,0.9720156209948236,0.005023578223275592,0.2510029950398353,0.9975027886852508
1.9443461538461033,0.9043116094666742,0.0,46.99947457032484,0.0005423963104418772,0.9723499143897107,0.005023345732114045,0.2510340875976003,0.9975620942785194
1.9448461538461033,0.9050519084610793,0.0,46.9999735119131,0.0005394105878745712,0.9726842084065801,0.005023115570471635,0.25106518015536533,0.9976206872755895
1.9453461538461032,0.9057922074554844,0.0,47.00046326363277,0.0005364417843190994,0.9730185030602022,0.005022887714567482,0.25109627271313034,0.9976785676750245
1.9458461538461032,0.9065325064498895,0.0,47.000943612096094,0.0005334897997499532,0.9733527983653476,0.005022662140816731,0.25112736527089535,0.9977357354752621
1.946346153846103,0.9072728054442945,0.0,47.00141434393529,0.0005305545341416243,0.9736870943367866,0.005022438825829386,0.25115845782866036,0.9977921906746137
1.946846153846103,0.9080131044386995,0.0,47.00187524575534,0.0005276358874686043,0.9740213909892899,0.005022217746409124,0.2511895503864254,0.9978479332712649
1.947346153846103,0.9087534034331046,0.0,47.00232610417733,0.0005247337597053844,0.9743556883376279,0.005021998879552125,0.2512206429441904,0.9979029632632753
1.947846153846103,0.9094937024275097,0.0,47.00276670581281,0.0005218480508264564,0.9746899863965711,0.00502178220244591,0.2512517355019554,0.9979572806485786
1.9483461538461029,0.9102340014219148,0.0,47.00319683728128,0.0005189786608063118,0.97502428518089,0.005021567692468162,0.2512828280597204,0.9980108854249824
1.9488461538461028,0.9109743004163199,0.0,47.00361628519746,0.0005161254896194419,0.9753585847053552,0.00502135532718557,0.2513139206174854,0.9980637775901685
1.9493461538461028,0.9117145994107249,0.0,47.00402483616724,0.0005132884372403383,0.9756928849847372,0.005021145084352666,0.25134501317525043,0.9981159571416925
1.9498461538461027,0.9124548984051299,0.0,47.004422276813806,0.0005104674036434927,0.9760271860338062,0.005020936941910664,0.25137610573301544,0.9981674240769842
1.9503461538461027,0.913195197399535,0.0,47.00480839373905,0.0005076622888033964,0.9763614878673331,0.00502073087798631,0.25140719829078045,0.9982181783933475
1.9508461538461026,0.9139354963939401,0.0,47.00518297356697,0.0005048729926945409,0.9766957905000883,0.005020526870890722,0.25143829084854546,0.9982682200879599
1.9513461538461025,0.9146757953883452,0.0,47.00554580291375,0.000502099415291418,0.977030093946842,0.0050203248991182526,0.2514693834063105,0.9983175491578734
1.9518461538461025,0.9154160943827502,0.0,47.00589666838799,0.0004993414565685188,0.9773643982223651,0.00502012494134533,0.2515004759640755,0.9983661656000138
1.9523461538461024,0.9161563933771553,0.0,47.00623535661258,0.0004965990165003352,0.9776987033414279,0.005019926976429326,0.2515315685218405,0.998414069411181
1.9528461538461024,0.9168966923715604,0.0,47.00656165421199,0.0004938719950613585,0.978033009318801,0.005019730983407414,0.2515626610796055,0.9984612605880488
1.9533461538461023,0.9176369913659654,0.0,47.00687534779536,0.0004911602922260803,0.9783673161692548,0.005019536941495431,0.2515937536373705,0.9985077391271652
1.9538461538461023,0.9183772903603705,0.0,47.00717622400414,0.000488463807968992,0.9787016239075598,0.0050193448300867504,0.2516248461951356,0.9985535050249521
1.9543461538461022,0.9191175893547756,0.0,47.00746406943916,0.00048578244226458523,0.9790359325484865,0.005019154628751152,0.2516559387529006,0.9985985582777054
1.9548461538461022,0.9198578883491806,0.0,47.00773867074708,0.0004831160950873514,0.9793702421068055,0.005018966317233697,0.2516870313106656,0.998642898881595
1.955346153846102,0.9205981873435857,0.0,47.007999814556065,0.00048046466641178226,0.9797045525972872,0.005018779875453612,0.2517181238684306,0.9986865268326649
1.955846153846102,0.9213384863379908,0.0,47.00824728749763,0.00047782805621236904,0.9800388640347022,0.005018595283503162,0.25174921642619563,0.9987294421268332
1.956346153846102,0.9220787853323958,0.0,47.00848087621126,0.0004752061644636034,0.9803731764338209,0.005018412521646551,0.25178030898396064,0.9987716447598919
1.956846153846102,0.9228190843268009,0.0,47.008700367344716,0.0004725988911399769,0.9807074898094138,0.005018231570318808,0.25181140154172565,0.9988131347275068
1.9573461538461019,0.9235593833212059,0.0,47.00890554753711,0.0004700061362159809,0.9810418041762515,0.005018052410124679,0.25184249409949067,0.9988539120252181
1.9578461538461018,0.924299682315611,0.0,47.009096203445104,0.000467427799666107,0.9813761195491044,0.005017875021837532,0.2518735866572557,0.9988939766484399
1.9583461538461018,0.9250399813100161,0.0,47.009272121725985,0.00046486378146484686,0.9817104359427432,0.005017699386398262,0.2519046792150207,0.9989333285924601
1.9588461538461017,0.9257802803044212,0.0,47.00943308903799,0.0004623139815866917,0.9820447533719381,0.005017525484914195,0.2519357717727857,0.9989719678524409
1.9593461538461017,0.9265205792988263,0.0,47.00957889204929,0.00045977830000613326,0.9823790718514598,0.005017353298658005,0.2519668643305507,0.9990098944234184
1.9598461538461016,0.9272608782932312,0.0,47.00970931743397,0.000457256636697663,0.9827133913960787,0.0050171828090666325,0.2519979568883157,0.9990471083003024
1.9603461538461016,0.9280011772876363,0.0,47.00982415187245,0.0004547488916357724,0.9830477120205654,0.005017013997740202,0.25202904944608073,0.9990836094778773
1.9608461538461015,0.9287414762820414,0.0,47.00992318205175,0.00045225496479495294,0.9833820337396902,0.0050168468464409565,0.25206014200384574,0.9991193979508011
1.9613461538461014,0.9294817752764465,0.0,47.010006194657315,0.0004497747561496963,0.983716356568224,0.0050166813370921826,0.25209123456161076,0.9991544737136058
1.9618461538461014,0.9302220742708516,0.0,47.010072976399144,0.0004473081656744938,0.9840506805209368,0.005016517451777151,0.25212232711937577,0.9991888367606976
1.9623461538461013,0.9309623732652567,0.0,47.01014351201423,0.0004448604312168924,0.9843850042136543,0.005016355563606932,0.2521534196771408,0.9992224869470421
1.9628461538461013,0.9317026722596616,0.0,47.010202195412056,0.0004424267716331093,0.9847193287272769,0.005016195308580091,0.2521845122349058,0.9992554243796395
1.9633461538461012,0.9324429712540667,0.0,47.01024586056944,0.0004400062719075286,0.9850536542810855,0.005016036609489928,0.2522156047926708,0.9992876490741412
1.9638461538461012,0.9331832702484718,0.0,47.010274424491385,0.00043759887722235555,0.9853879808808278,0.005015879452491225,0.2522466973504358,0.9993191610244291
1.9643461538461011,0.9339235692428769,0.0,47.010287804168506,0.0004352045327597951,0.9857223085322515,0.005015723823835108,0.2522777899082008,0.9993499602243361
1.964846153846101,0.934663868237282,0.0,47.01028591661594,0.00043282318370205247,0.9860566372411045,0.005015569709868622,0.25230888246596583,0.9993800466676462
1.965346153846101,0.935404167231687,0.0,47.01026867883899,0.00043045477523133267,0.9863909670131343,0.005015417097034314,0.25233997502373084,0.9994094203480944
1.965846153846101,0.936144466226092,0.0,47.01023600787637,0.0004280992525298409,0.9867252978540888,0.005015265971869818,0.25237106758149586,0.9994380812593665
1.966346153846101,0.9368847652204971,0.0,47.01018782073572,0.0004257565607797821,0.9870596297697158,0.005015116321007431,0.25240216013926087,0.9994660293950994
1.9668461538461008,0.9376250642149022,0.0,47.010124034475574,0.00042342664516336156,0.9873939627657629,0.005014968131173699,0.2524332526970259,0.9994932647488808
1.9673461538461008,0.9383653632093073,0.0,47.01004456612795,0.00042110945086278425,0.9877282968479778,0.005014821389188994,0.2524643452547909,0.9995197873142495
1.9678461538461007,0.9391056622037124,0.0,47.00994933275023,0.00041880492306025534,0.9880626320221084,0.00501467608196709,0.2524954378125559,0.9995455970846951
1.9683461538461007,0.9398459611981174,0.0,47.00983825140801,0.00041651300693797995,0.9883969682939023,0.005014532196514752,0.2525265303703209,0.9995706940536585
1.9688461538461006,0.9405862601925224,0.0,47.00971123916666,0.00041423364767816307,0.9887313056691074,0.005014389719931305,0.2525576229280859,0.999595078214531
1.9693461538461006,0.9413265591869275,0.0,47.00956821310868,0.0004119667904630099,0.9890656441534713,0.005014248639408217,0.25258871548585093,0.9996187495606552
1.9698461538461005,0.9420668581813326,0.0,47.00940909031661,0.0004097123804747256,0.9893999837527417,0.0050141089422286785,0.25261980804361595,0.9996417080853248
1.9703461538461005,0.9428071571757377,0.0,47.009233787899035,0.00040747036289551507,0.9897343244726665,0.005013970615767177,0.25265090060138096,0.9996639537817842
1.9708461538461004,0.9435474561701427,0.0,47.00904222294762,0.0004052406829075836,0.9900686663189933,0.005013833647489076,0.25268199315914597,0.9996854866432286
1.9713461538461003,0.9442877551645478,0.0,47.00883431258467,0.0004030232856931362,0.9904030092974698,0.005013698024950192,0.252713085716911,0.9997063066628047
1.9718461538461003,0.9450280541589529,0.0,47.0086099739331,0.00040081811643437803,0.990737353413844,0.005013563735796372,0.252744178274676,0.9997264138336096
1.9723461538461002,0.9457683531533579,0.0,47.00836912411659,0.00039862512031351414,0.9910716986738634,0.005013430767763071,0.252775270832441,0.9997458081486916
1.9728461538461002,0.946508652147763,0.0,47.00811168029417,0.0003964442425127497,0.9914060450832757,0.005013299108674924,0.252806363390206,0.9997644896010501
1.9733461538461001,0.9472489511421681,0.0,47.007837559617336,0.00039427542821428974,0.9917403926478288,0.0050131687464453276,0.2528374559479711,0.9997824581836351
1.9738461538461,0.9479892501365731,0.0,47.00754667922153,0.0003921186226003394,0.9920747413732703,0.005013039669076013,0.25286854850573603,0.9997997138893477
1.9743461538461,0.9487295491309782,0.0,47.00723895631246,0.00038997377085310374,0.9924090912653482,0.005012911864656622,0.2528996410635011,0.9998162567110401
1.9748461538461,0.9494698481253833,0.0,47.006914308054256,0.0003878408181547879,0.9927434423298099,0.005012785321364282,0.2529307336212661,0.9998320866415153
1.9753461538461,0.9502101471197884,0.0,47.00657265163856,0.000385719709687597,0.9930777945724033,0.005012660027463185,0.2529618261790311,0.9998472036735273
1.9758461538460999,0.9509504461141934,0.0,47.00621390427169,0.00038361039063373613,0.9934121479988762,0.005012535971304158,0.25299291873679614,0.999861607799781
1.9763461538460998,0.9516907451085984,0.0,47.00583798317055,0.00038151280617541037,0.9937465026149762,0.005012413141324242,0.25302401129456115,0.999875299012932
1.9768461538460997,0.9524310441030035,0.0,47.005444805554134,0.00037942690149482484,0.9940808584264512,0.005012291526046264,0.25305510385232616,0.9998882773055876
1.9773461538460997,0.9531713430974086,0.0,47.0050342886566,0.0003773526217741846,0.9944152154390488,0.005012171114078415,0.25308619641009117,0.9999005426703054
1.9778461538460996,0.9539116420918137,0.0,47.00460634973176,0.00037528991219569485,0.9947495736585167,0.005012051894113823,0.2531172889678562,0.9999120950995939
1.9783461538460996,0.9546519410862188,0.0,47.00416090603162,0.0003732387179415606,0.9950839330906027,0.005011933854930127,0.2531483815256212,0.9999229345859131
1.9788461538460995,0.9553922400806237,0.0,47.00369787481957,0.00037119898419398704,0.9954182937410547,0.005011816985389057,0.2531794740833862,0.9999330611216732
1.9793461538460995,0.9561325390750288,0.0,47.003217173387675,0.00036917065613517917,0.9957526556156202,0.005011701274436003,0.2532105666411512,0.9999424746992363
1.9798461538460994,0.9568728380694339,0.0,47.002718719013764,0.00036715367894734214,0.9960870187200471,0.005011586711099591,0.2532416591989162,0.9999511753109144
1.9803461538460994,0.957613137063839,0.0,47.002202429009046,0.000365147997812681,0.996421383060083,0.005011473284491261,0.25327275175668124,0.9999591629489711
1.9808461538460993,0.9583534360582441,0.0,47.001668220688025,0.00036315355791340104,0.9967557486414758,0.005011360983804841,0.25330384431444625,0.9999664376056209
1.9813461538460992,0.9590937350526492,0.0,47.00111601138163,0.0003611703044317071,0.997090115469973,0.005011249798316118,0.25333493687221126,0.9999729992730291
1.9818461538460992,0.9598340340470541,0.0,47.000545718420135,0.0003591981825498045,0.9974244835513225,0.005011139717382421,0.25336602942997627,0.9999788479433118
1.9823461538460991,0.9605743330414592,0.0,46.99995725916345,0.00035723713744989825,0.9977588528912722,0.005011030730442189,0.2533971219877413,0.9999839836085365
1.982846153846099,0.9613146320358643,0.0,46.99935055097547,0.00035528711431419345,0.9980932234955695,0.005010922827014549,0.2534282145455063,0.9999884062607212
1.983346153846099,0.9620549310302694,0.0,46.9987255112285,0.00035334805832489517,0.9984275953699623,0.005010815996698895,0.2534593071032713,0.9999921158918349
1.983846153846099,0.9627952300246745,0.0,46.99808205732071,0.0003514199146642086,0.9987619685201984,0.005010710229174458,0.2534903996610363,0.9999951124937979
1.984346153846099,0.9635355290190795,0.0,46.99742010664606,0.00034950262851433873,0.9990963429520254,0.005010605514199886,0.2535214922188013,0.999997396058481
1.9848461538460989,0.9642758280134845,0.0,46.99673957662902,0.0003475961450574908,0.9994307186711913,0.005010501841612819,0.25355258477656634,0.9999989665777063
1.9853461538460988,0.9650161270078896,0.0,46.99604038469879,0.00034570040947586977,0.9997650956834434,0.005010399201329466,0.25358367733433135,0.9999998240432464
1.9858461538460987,0.9657564260022947,0.0,46.99532244829386,0.0003438153669516808,1.00009947399453,0.00501029758334418,0.25361476989209636,0.9999999684468253
1.9863461538460987,0.9664967249966998,0.0,46.99458568487504,0.00034194096266712906,1.0004338536101982,0.005010196977729039,0.25364586244986137,0.9999993997801178
1.9868461538460986,0.9672370239911049,0.0,46.99383001191272,0.0003400771418044196,1.0007682345361961,0.005010097374633419,0.2536769550076264,0.9999981180347494
1.9873461538460986,0.9679773229855099,0.0,46.993055346891346,0.00033822384954575754,1.0011026167782715,0.005009998764283574,0.2537080475653914,0.9999961232022968
1.9878461538460985,0.968717621979915,0.0,46.992261607309594,0.0003363810310733479,1.0014370003421722,0.005009901136982213,0.2537391401231564,0.9999934152742876
1.9883461538460985,0.96945792097432,0.0,46.99144871069343,0.0003345486315693959,1.0017713852336454,0.00500980448310808,0.2537702326809214,0.9999899942422004
1.9888461538460984,0.9701982199687251,0.0,46.99061657456189,0.0003327265962161065,1.0021057714584396,0.005009708793115532,0.2538013252386865,0.9999858600974644
1.9893461538460984,0.9709385189631302,0.0,46.98976511644868,0.000330914870195685,1.002440159022302,0.005009614057534117,0.2538324177964515,0.9999810128314601
1.9898461538460983,0.9716788179575352,0.0,46.98889425391969,0.00032911339869033635,1.0027745479309804,0.005009520266968155,0.2538635103542165,0.9999754524355188
1.9903461538460983,0.9724191169519403,0.0,46.98800390455153,0.00032732212688226566,1.0031089381902227,0.005009427412096318,0.2538946029119815,0.9999691789009227
1.9908461538460982,0.9731594159463454,0.0,46.987093985927466,0.00032554099995367816,1.0034433298057766,0.005009335483671212,0.2539256954697465,0.9999621922189051
1.9913461538460981,0.9738997149407504,0.0,46.98616441565046,0.0003237699630867788,1.0037777227833897,0.005009244472518952,0.25395678802751154,0.99995449238065
1.991846153846098,0.9746400139351555,0.0,46.9852151113477,0.00032200896146377273,1.00411211712881,0.005009154369538755,0.25398788058527655,0.9999460793772925
1.992346153846098,0.9753803129295606,0.0,46.984245990644915,0.000320257940266865,1.004446512847785,0.00500906516570251,0.25401897314304156,0.9999369531999186
1.992846153846098,0.9761206119239656,0.0,46.98325697120095,0.00031851684467826095,1.0047809099460625,0.005008976852054368,0.25405006570080657,0.9999271138395652
1.993346153846098,0.9768609109183707,0.0,46.9822479706779,0.0003167856198801654,1.0051153084293905,0.0050088894197103245,0.2540811582585716,0.9999165612872201
1.9938461538460979,0.9776012099127758,0.0,46.98121890676273,0.00031506421105478356,1.005449708303516,0.005008802859857802,0.2541122508163366,0.999905295533822
1.9943461538460978,0.9783415089071809,0.0,46.980169697150245,0.00031335256338432056,1.0057841095741877,0.005008717163755234,0.2541433433741016,0.9998933165702608
1.9948461538460978,0.9790818079015859,0.0,46.979100259569165,0.0003116506220509815,1.0061185122471525,0.005008632322731655,0.2541744359318666,0.999880624387377
1.9953461538460977,0.9798221068959909,0.0,46.97801051173482,0.00030995833223697143,1.0064529163281588,0.0050085483281862775,0.2542055284896316,0.9998672189759623
1.9958461538460976,0.980562405890396,0.0,46.97690037140976,0.0003082756391244955,1.006787321822954,0.00500846517158809,0.25423662104739664,0.9998531003267591
1.9963461538460976,0.9813027048848011,0.0,46.975769756356414,0.00030660248789575874,1.0071217287372858,0.005008382844475435,0.25426771360516165,0.9998382684304609
1.9968461538460975,0.9820430038792062,0.0,46.97461858436325,0.00030493882373296637,1.0074561370769022,0.005008301338455603,0.25429880616292666,0.9998227232777118
1.9973461538460975,0.9827833028736113,0.0,46.97344677323193,0.0003032845918183234,1.0077905468475505,0.005008220645204417,0.25432989872069167,0.9998064648591075
1.9978461538460974,0.9835236018680162,0.0,46.97225424078183,0.000301639737334035,1.008124958054979,0.005008140756465825,0.2543609912784567,0.9997894931651939
1.9983461538460974,0.9842639008624213,0.0,46.971040904850284,0.0003000042054623062,1.008459370704935,0.005008061664051493,0.2543920838362217,0.9997718081864684
1.9988461538460973,0.9850041998568264,0.0,46.969806683292674,0.0002983779413853422,1.0087937848031663,0.0050079833598403916,0.2544231763939867,0.9997534099133788
1.9993461538460973,0.9857444988512315,0.0,46.96855149399128,0.000296760890285348,1.0091282003554207,0.005007905835778389,0.2544542689517517,0.9997342983363243
1.9998461538460972,0.9864847978456366,0.0,46.9672752548253,0.0002951529973445287,1.009462617367446,0.005007829083877849,0.2544853615095167,0.9997144734456547
2.000346153846097,0.9872250968400417,0.0,46.96597788371844,0.0002935542077450895,1.00979703584499,0.005007753096217218,0.25451645406728174,0.9996939352316708
2.000846153846097,0.9879653958344463,0.0,46.964659298595976,0.00029196446666923616,1.0101314557938,0.005007677864940628,0.25454754662504675,0.9996726836846246
2.001346153846097,0.9887056948288517,0.0,46.96331941740654,0.0002903837192991716,1.0104658772196244,0.0050076033822574854,0.25457863918281176,0.9996507187947186
2.001846153846097,0.9894459938232572,0.0,46.96195815811795,0.00028881191081710244,1.0108003001282106,0.005007529640442073,0.2546097317405768,0.9996280405521064
2.002346153846097,0.9901862928176619,0.0,46.96057543872605,0.0002872489864052352,1.0111347245253062,0.005007456631833145,0.2546408242983418,0.9996046489468927
2.0028461538460967,0.9909265918120667,0.0,46.95917117722902,0.00028569489124577344,1.011469150416659,0.005007384348833531,0.2546719168561068,0.9995805439691328
2.003346153846097,0.991666890806472,0.0,46.95774529165344,0.00028414957052092096,1.0118035778080172,0.005007312783909727,0.2547030094138718,0.9995557256088332
2.003846153846097,0.9924071898008774,0.0,46.956297700054456,0.0002826129694128843,1.012138006705128,0.005007241929591508,0.2547341019716368,0.9995301938559511
2.0043461538460967,0.9931474887952821,0.0,46.95482832049878,0.0002810850331038697,1.012472437113739,0.005007171778471524,0.25476519452940183,0.9995039487003948
2.0048461538460964,0.9938877877896869,0.0,46.95333707107345,0.0002795657067760813,1.0128068690395984,0.0050071023232049015,0.25479628708716684,0.9994769901320235
2.0053461538460966,0.9946280867840923,0.0,46.95182386987745,0.00027805493561172245,1.013141302488454,0.0050070335565088565,0.25482737964493185,0.9994493181406472
2.0058461538460968,0.9953683857784976,0.0,46.95028863505632,0.00027655266479299984,1.0134757374660532,0.005006965471162291,0.2548584722026969,0.9994209327160268
2.0063461538460965,0.9961086847729024,0.0,46.94873128474209,0.00027505883950211996,1.0138101739781435,0.005006898060005407,0.2548895647604619,0.9993918338478743
2.006846153846096,0.9968489837673071,0.0,46.94715173711374,0.00027357340492128627,1.0141446120304733,0.0050068313159393136,0.2549206573182269,0.9993620215258526
2.0073461538460964,0.9975892827617125,0.0,46.945549910371604,0.0002720963062327028,1.01447905162879,0.005006765231925633,0.2549517498759919,0.9993314957395754
2.0078461538460965,0.998329581756118,0.0,46.94392572272888,0.00027062748861857595,1.0148134927788415,0.005006699800986117,0.25498284243375696,0.9993002564786072
2.0083461538460963,0.9990698807505227,0.0,46.94227909240327,0.00026916689726111213,1.0151479354863753,0.005006635016202256,0.255013934991522,0.9992683037324637
2.008846153846096,0.9998101797449274,0.0,46.940609937664554,0.000267714477342515,1.0154823797571388,0.005006570870714894,0.25504502754928693,0.9992356374906114
2.009346153846096,1.0005504787393327,0.0,46.93891817679167,0.00026627017404498853,1.015816825596881,0.005006507357723844,0.25507612010705194,0.9992022577424676
2.0098461538460963,1.0012907777337383,0.0,46.9372037280988,0.00026483393255073907,1.0161512730113484,0.005006444470487501,0.255107212664817,0.9991681644774008
2.010346153846096,1.002031076728143,0.0,46.93546650989682,0.00026340569804197294,1.0164857220062888,0.005006382202322466,0.255138305222582,0.9991333576847301
2.0108461538460958,1.0027713757225478,0.0,46.93370644052359,0.000261985415700894,1.0168201725874506,0.005006320546603162,0.255169397780347,0.9990978373537257
2.011346153846096,1.003511674716953,0.0,46.93192343837437,0.00026057303070970615,1.0171546247605814,0.005006259496761455,0.25520049033811204,0.9990616034736086
2.011846153846096,1.0042519737113584,0.0,46.93011742181584,0.00025916848825061577,1.0174890785314288,0.005006199046286275,0.25523158289587705,0.9990246560335507
2.012346153846096,1.0049922727057632,0.0,46.92828830928536,0.000257771733505829,1.0178235339057402,0.005006139188723246,0.25526267545364206,0.9989869950226752
2.0128461538460956,1.005732571700168,0.0,46.926436019209376,0.0002563827116575499,1.0181579908892635,0.005006079917674305,0.255293768011407,0.9989486204300556
2.0133461538460957,1.0064728706945734,0.0,46.92456047007252,0.0002550013678879823,1.018492449487747,0.00500602122679733,0.2553248605691721,0.9989095322447166
2.013846153846096,1.0072131696889788,0.0,46.92266158033169,0.0002536276473793325,1.018826909706938,0.005005963109805776,0.2553559531269371,0.998869730455634
2.0143461538460956,1.0079534686833833,0.0,46.920739268523874,0.00025226149531380683,1.019161371552584,0.005005905560468294,0.2553870456847021,0.9988292150517342
2.0148461538460953,1.008693767677788,0.0,46.918793453167375,0.0002509028568736092,1.0194958350304328,0.005005848572608373,0.25541813824246706,0.9987879860218946
2.0153461538460955,1.0094340666721937,0.0,46.91682405284809,0.00024955167724094343,1.019830300146233,0.0050057921401039695,0.25544923080023213,0.9987460433549435
2.0158461538460957,1.010174365666599,0.0,46.9148434047399,0.00024821483850418435,1.0201647660447266,0.005005736576242402,0.25548032335799714,0.9987033871503872
2.0163461538460954,1.0109146646610037,0.0,46.91284032842317,0.00024688545440050157,1.0204992335011396,0.005005681557758821,0.25551141591576215,0.9986600173018678
2.016846153846095,1.0116549636554084,0.0,46.91081409208904,0.00024556308506219835,1.0208337025663108,0.005005627061072262,0.25554250847352716,0.998615933792661
2.0173461538460953,1.0123952626498138,0.0,46.908764671677304,0.0002442477037419712,1.0211681732420133,0.005005573081731755,0.2555736010312922,0.9985711366122325
2.0178461538460954,1.0131355616442193,0.0,46.906692043138605,0.0002429392836925192,1.02150264553002,0.0050055196153156985,0.2556046935890572,0.9985256257500329
2.018346153846095,1.013875860638624,0.0,46.90459618243885,0.00024163779816654108,1.0218371194321039,0.005005466657431745,0.2556357861468222,0.9984794011954975
2.018846153846095,1.0146161596330288,0.0,46.90247706556354,0.00024034322041673352,1.0221715949500385,0.00500541420371669,0.2556668787045872,0.9984324629380467
2.019346153846095,1.0153564586274342,0.0,46.900334668522135,0.0002390555236957931,1.0225060720855972,0.005005362249836349,0.2556979712623522,0.9983848109670852
2.0198461538460952,1.0160967576218396,0.0,46.898168967352454,0.00023777468125641874,1.0228405508405527,0.005005310791485447,0.2557290638201173,0.9983364452720029
2.020346153846095,1.0168370566162444,0.0,46.89597993808195,0.00023650066635130928,1.023175031216678,0.005005259824387504,0.25576015637788224,0.9982873658421747
2.0208461538460947,1.017577355610649,0.0,46.893767556792376,0.0002352334522331614,1.023509513215747,0.005005209344294713,0.25579124893564725,0.9982375726669599
2.021346153846095,1.0183176546050543,0.0,46.891531799572505,0.00023397301215467167,1.0238439968395325,0.005005159346987824,0.25582234149341226,0.9981870657357027
2.021846153846095,1.01905795359946,0.0,46.88927264253107,0.000232719319368539,1.0241784820898077,0.005005109828276036,0.25585343405117733,0.9981358450377323
2.0223461538460947,1.0197982525938645,0.0,46.88699006177536,0.00023147234712746225,1.0245129689683454,0.0050050607839968704,0.2558845266089423,0.9980839105623627
2.0228461538460945,1.0205385515882692,0.0,46.884684033475786,0.00023023206868413802,1.024847457476919,0.005005012210016056,0.2559156191667073,0.9980312622988925
2.0233461538460946,1.0212788505826746,0.0,46.88235453378852,0.000228998457291263,1.0251819476173023,0.005004964102227419,0.2559467117244723,0.9979779002366054
2.023846153846095,1.02201914957708,0.0,46.880001538911486,0.00022777148620153602,1.025516439391268,0.005004916456552754,0.2559778042822374,0.9979238243647696
2.0243461538460945,1.0227594485714848,0.0,46.8776250250414,0.00022655112866765595,1.0258509328005887,0.005004869268941715,0.2560088968400024,0.9978690346726385
2.0248461538460942,1.0234997475658896,0.0,46.87522496840394,0.0002253373579423194,1.0261854278470381,0.0050048225353716965,0.25603998939776734,0.9978135311494502
2.0253461538460944,1.024240046560295,0.0,46.872801345266744,0.0002241301472782231,1.02651992453239,0.0050047762518477135,0.2560710819555324,0.9977573137844271
2.0258461538460946,1.0249803455547002,0.0,46.87035413187922,0.00022292946992806583,1.0268544228584167,0.005004730414402285,0.2561021745132974,0.9977003825667773
2.0263461538460943,1.025720644549105,0.0,46.86788330455005,0.0002217352991445464,1.0271889228268911,0.005004685019095312,0.25613326707106243,0.9976427374856931
2.026846153846094,1.0264609435435097,0.0,46.865388839565526,0.00022054760818036157,1.0275234244395872,0.005004640062013967,0.2561643596288274,0.9975843785303519
2.027346153846094,1.0272012425379153,0.0,46.86287071328856,0.00021936637028820795,1.027857927698278,0.005004595539272569,0.25619545218659245,0.9975253056899156
2.0278461538460943,1.0279415415323205,0.0,46.86032890204259,0.0002181915587207844,1.0281924326047365,0.005004551447012466,0.25622654474435747,0.9974655189535312
2.028346153846094,1.0286818405267253,0.0,46.85776338221488,0.00021702314673078968,1.0285269391607357,0.005004507781401919,0.2562576373021225,0.9974050183103307
2.028846153846094,1.02942213952113,0.0,46.85517413020069,0.0002158611075709205,1.0288614473680489,0.005004464538635979,0.2562887298598875,0.9973438037494303
2.029346153846094,1.0301624385155355,0.0,46.852561122407614,0.00021470541449387362,1.0291959572284497,0.0050044217149363725,0.2563198224176525,0.9972818752599315
2.029846153846094,1.0309027375099409,0.0,46.84992433527288,0.00021355604075234779,1.0295304687437108,0.005004379306551379,0.2563509149754175,0.9972192328309206
2.030346153846094,1.0316430365043456,0.0,46.84726374525908,0.00021241295959904176,1.0298649819156052,0.005004337309755712,0.2563820075331825,0.9971558764514686
2.0308461538460936,1.0323833354987504,0.0,46.844579328837035,0.00021127614428665228,1.0301994967459065,0.005004295720850403,0.25641310009094753,0.9970918061106313
2.0313461538460937,1.0331236344931556,0.0,46.84187106250741,0.00021014556806787612,1.0305340132363878,0.005004254536162678,0.25644419264871254,0.9970270217974493
2.031846153846094,1.0338639334875612,0.0,46.83913892279643,0.00020902120419541198,1.0308685313888224,0.00500421375204584,0.25647528520647755,0.996961523500948
2.0323461538460936,1.034604232481966,0.0,46.83638288624305,0.00020790302592195865,1.0312030512049828,0.005004173364879148,0.25650637776424257,0.9968953112101379
2.0328461538460934,1.0353445314763707,0.0,46.833602929411946,0.0002067910065002129,1.0315375726866427,0.005004133371067699,0.2565374703220076,0.9968283849140138
2.0333461538460935,1.036084830470776,0.0,46.83079902888064,0.00020568511918287144,1.0318720958355756,0.005004093767042308,0.2565685628797726,0.9967607446015557
2.0338461538460937,1.0368251294651813,0.0,46.82797116125683,0.00020458533722263303,1.0322066206535543,0.005004054549259386,0.2565996554375376,0.9966923902617285
2.0343461538460934,1.037565428459586,0.0,46.825119303178404,0.0002034916338721964,1.0325411471423516,0.005004015714200822,0.2566307479953026,0.9966233218834816
2.034846153846093,1.0383057274539909,0.0,46.82224343128336,0.00020240398238425834,1.0328756753037411,0.005003977258373863,0.2566618405530676,0.9965535394557493
2.0353461538460933,1.0390460264483963,0.0,46.81934352225302,0.0002013223560115156,1.033210205139496,0.005003939178310991,0.25669293311083263,0.9964830429674508
2.0358461538460935,1.0397863254428015,0.0,46.816419552768956,0.00020024672800666695,1.0335447366513897,0.005003901470569806,0.25672402566859764,0.9964118324074902
2.036346153846093,1.0405266244372062,0.0,46.81347149955608,0.00019917707162241103,1.0338792698411945,0.005003864131732906,0.25675511822636266,0.9963399077647561
2.036846153846093,1.041266923431611,0.0,46.81049933935271,0.00019811336011144466,1.0342138047106841,0.005003827158407764,0.25678621078412767,0.9962672690281223
2.037346153846093,1.0420072224260166,0.0,46.80750304890618,0.00019705556672646466,1.034548341261632,0.00500379054722661,0.2568173033418927,0.9961939161864471
2.0378461538460932,1.0427475214204218,0.0,46.80448260499883,0.00019600366472016974,1.0348828794958114,0.005003754294846306,0.2568483958996577,0.9961198492285737
2.038346153846093,1.0434878204148266,0.0,46.80143798444804,0.0001949576273452585,1.0352174194149946,0.005003718397948235,0.2568794884574227,0.9960450681433303
2.0388461538460927,1.0442281194092313,0.0,46.79836916406756,0.00019391742785442788,1.0355519610209551,0.005003682853238168,0.2569105810151877,0.9959695729195296
2.039346153846093,1.0449684184036367,0.0,46.7952761207063,0.0001928830395003746,1.0358865043154668,0.0050036476574461565,0.2569416735729527,0.9958933635459694
2.039846153846093,1.0457087173980422,0.0,46.7921588312398,0.0001918544355357974,1.0362210493003023,0.0050036128073263995,0.2569727661307178,0.995816440011432
2.0403461538460927,1.046449016392447,0.0,46.78901727254453,0.00019083158921339493,1.0365555959772346,0.005003578299657132,0.25700385868848274,0.9957388023046849
2.0408461538460925,1.0471893153868517,0.0,46.78585142155377,0.00018981447378586398,1.0368901443480372,0.0050035441312405015,0.25703495124624776,0.9956604504144801
2.0413461538460926,1.0479296143812569,0.0,46.78266125519326,0.00018880306250590144,1.0372246944144832,0.005003510298902446,0.25706604380401277,0.9955813843295547
2.041846153846093,1.0486699133756625,0.0,46.77944675043712,0.00018779732862620602,1.0375592461783458,0.005003476799492575,0.25709713636177783,0.9955016040386302
2.0423461538460925,1.0494102123700673,0.0,46.776207884239135,0.00018679724539947623,1.037893799641398,0.005003443629884049,0.2571282289195428,0.9954211095304132
2.0428461538460922,1.050150511364472,0.0,46.77294463363171,0.000185802786078409,1.038228354805413,0.0050034107869734576,0.2571593214773078,0.9953399007935952
2.0433461538460924,1.0508908103588772,0.0,46.76965697563566,0.00018481392391570125,1.0385629116721642,0.005003378267680699,0.2571904140350728,0.9952579778168522
2.0438461538460926,1.0516311093532826,0.0,46.76634488730325,0.00018383063216405153,1.0388974702434248,0.005003346068948861,0.2572215065928379,0.9951753405888453
2.0443461538460923,1.0523714083476874,0.0,46.76300834569247,0.00018285288407615848,1.0392320305209675,0.005003314187744101,0.25725259915060283,0.9950919890982203
2.044846153846092,1.0531117073420921,0.0,46.75964732792302,0.000181880652904719,1.0395665925065656,0.005003282621055522,0.25728369170836785,0.9950079233336078
2.045346153846092,1.0538520063364976,0.0,46.75626181110324,0.00018091391190242997,1.0399011562019929,0.005003251365895053,0.2573147842661329,0.994923143283623
2.0458461538460924,1.054592305330903,0.0,46.75285177237324,0.00017995263432199,1.0402357216090221,0.005003220419297335,0.2573458768238979,0.9948376489368663
2.046346153846092,1.0553326043253077,0.0,46.749417188904864,0.0001789967934160977,1.0405702887294261,0.005003189778319588,0.25737696938166293,0.9947514402819229
2.046846153846092,1.0560729033197123,0.0,46.74595803788468,0.00017804636243744993,1.0409048575649782,0.005003159440041504,0.2574080619394279,0.9946645173073624
2.047346153846092,1.056813202314118,0.0,46.74247429653115,0.00017710131463874367,1.0412394281174522,0.005003129401565118,0.25743915449719296,0.9945768800017395
2.047846153846092,1.057553501308523,0.0,46.73896594206896,0.00017616162327267743,1.041574000388621,0.005003099660014691,0.25747024705495797,0.9944885283535936
2.048346153846092,1.0582938003029279,0.0,46.73543295176773,0.00017522726159194986,1.041908574380257,0.005003070212536588,0.257501339612723,0.9943994623514492
2.0488461538460916,1.0590340992973326,0.0,46.731875302903454,0.00017429820284925788,1.0422431500941338,0.005003041056299161,0.25753243217048793,0.9943096819838153
2.0493461538460918,1.059774398291738,0.0,46.72829297279291,0.00017337442029729833,1.0425777275320254,0.005003012188492627,0.257563524728253,0.9942191872391856
2.049846153846092,1.0605146972861434,0.0,46.72468593875932,0.00017245588718876987,1.042912306695704,0.005002983606328947,0.257594617286018,0.994127978106039
2.0503461538460916,1.0612549962805482,0.0,46.721054178154,0.00017154257677637105,1.043246887586943,0.005002955307041708,0.257625709843783,0.9940360545728391
2.0508461538460914,1.061995295274953,0.0,46.71739766836491,0.0001706344623127988,1.0435814702075155,0.005002927287886002,0.25765680240154804,0.993943416628034
2.0513461538460915,1.0627355942693584,0.0,46.71371638678672,0.00016973151705075004,1.043916054559195,0.005002899546138309,0.25768789495931305,0.9938500642600567
2.0518461538460917,1.0634758932637638,0.0,46.71001031083805,0.00016883371424292334,1.0442506406437546,0.005002872079096373,0.25771898751707806,0.9937559974573256
2.0523461538460914,1.0642161922581685,0.0,46.70627941798728,0.00016794102714201724,1.044585228462967,0.005002844884079085,0.25775008007484307,0.9936612162082431
2.052846153846091,1.0649564912525733,0.0,46.70252368569683,0.00016705342900072873,1.044919818018606,0.0050028179584263675,0.2577811726326081,0.9935657205011968
2.0533461538460913,1.0656967902469785,0.0,46.69874309146182,0.00016617089307175472,1.0452544093124445,0.005002791299499047,0.2578122651903731,0.9934695103245591
2.0538461538460915,1.0664370892413841,0.0,46.6949376128145,0.00016529339260779377,1.0455890023462557,0.005002764904678741,0.25784335774813816,0.9933725856666872
2.054346153846091,1.067177388235789,0.0,46.69110722728561,0.00016442090086154446,1.0459235971218126,0.0050027387713677375,0.2578744503059031,0.993274946515923
2.054846153846091,1.0679176872301934,0.0,46.68725191246462,0.00016355339108570368,1.0462581936408883,0.005002712896988877,0.2579055428636681,0.9931765928605933
2.055346153846091,1.0686579862245988,0.0,46.68337164593105,0.00016269083653296844,1.0465927919052567,0.005002687278985432,0.25793663542143314,0.9930775246890097
2.0558461538460913,1.0693982852190043,0.0,46.67946640532325,0.00016183321045603732,1.0469273919166904,0.005002661914820991,0.2579677279791982,0.9929777419894685
2.056346153846091,1.070138584213409,0.0,46.67553616826121,0.00016098048610760872,1.0472619936769623,0.0050026368019793375,0.25799882053696316,0.9928772447502512
2.0568461538460907,1.0708788832078138,0.0,46.67158091243248,0.00016013263674037972,1.0475965971878458,0.005002611937964334,0.25802991309472817,0.9927760329596236
2.057346153846091,1.0716191822022192,0.0,46.66760061552353,0.00015928963560704726,1.0479312024511147,0.0050025873202998025,0.2580610056524932,0.9926741066058363
2.057846153846091,1.0723594811966244,0.0,46.663595255258485,0.00015845145596030986,1.0482658094685415,0.005002562946529408,0.25809209821025825,0.9925714656771252
2.0583461538460908,1.0730997801910291,0.0,46.65956480936912,0.00015761807105286606,1.048600418241899,0.0050025388142165405,0.2581231907680232,0.9924681101617108
2.0588461538460905,1.073840079185434,0.0,46.65550925563787,0.0001567894541374128,1.0489350287729613,0.005002514920944196,0.2581542833257882,0.992364040047798
2.0593461538460907,1.0745803781798395,0.0,46.651428571854964,0.00015596557846664713,1.0492696410635014,0.005002491264314863,0.2581853758835533,0.992259255323577
2.059846153846091,1.0753206771742447,0.0,46.6473227358271,0.00015514641729326754,1.049604255115292,0.0050024678419504,0.2582164684413183,0.9921537559772227
2.0603461538460905,1.0760609761686495,0.0,46.643191725403256,0.00015433194386997248,1.0499388709301063,0.0050024446514919255,0.2582475609990833,0.9920475419968947
2.0608461538460903,1.0768012751630542,0.0,46.63903551844897,0.00015352213144945897,1.0502734885097178,0.0050024216905996954,0.25827865355684826,0.9919406133707375
2.0613461538460904,1.0775415741574597,0.0,46.63485409287223,0.00015271695328442412,1.0506081078558998,0.005002398956952988,0.2583097461146133,0.9918329700868802
2.0618461538460906,1.078281873151865,0.0,46.63064742658058,0.00015191638262756628,1.0509427289704252,0.005002376448249993,0.25834083867237834,0.9917246121334369
2.0623461538460903,1.0790221721462698,0.0,46.626415497515524,0.000151120392731584,1.0512773518550669,0.005002354162207686,0.25837193123014335,0.9916155394985066
2.06284615384609,1.0797624711406746,0.0,46.62215828364832,0.00015032895684917425,1.0516119765115983,0.005002332096561723,0.2584030237879083,0.9915057521701729
2.06334615384609,1.0805027701350798,0.0,46.61787576299292,0.00014954204823303417,1.051946602941793,0.005002310249066317,0.25843411634567337,0.9913952501365042
2.0638461538460904,1.0812430691294854,0.0,46.613567913541644,0.00014875964013586217,1.0522812311474237,0.0050022886174941284,0.2584652089034384,0.9912840333855537
2.06434615384609,1.0819833681238902,0.0,46.60923471335972,0.0001479817058103566,1.0526158611302634,0.005002267199636146,0.2584963014612034,0.9911721019053598
2.06484615384609,1.082723667118295,0.0,46.604876140512324,0.00014720821850921465,1.0529504928920859,0.005002245993301575,0.2585273940189684,0.991059455683945
2.06534615384609,1.0834639661127001,0.0,46.60049217309905,0.00014643915148513335,1.0532851264346639,0.005002224996317722,0.2585584865767334,0.9909460947093173
2.06584615384609,1.0842042651071055,0.0,46.59608278924104,0.00014567447799081115,1.053619761759771,0.005002204206529881,0.2585895791344984,0.9908320189694688
2.06634615384609,1.0849445641015103,0.0,46.5916479670983,0.0001449141712789464,1.0539543988691795,0.005002183621801219,0.25862067169226344,0.9907172284523772
2.0668461538460896,1.085684863095915,0.0,46.58718768483534,0.00014415820460223622,1.0542890377646632,0.005002163240012662,0.25865176425002845,0.9906017231460044
2.0673461538460898,1.0864251620903205,0.0,46.582701920659964,0.00014340655121337773,1.0546236784479956,0.005002143059062785,0.25868285680779346,0.9904855030382971
2.06784615384609,1.087165461084726,0.0,46.57819065279324,0.00014265918436506928,1.0549583209209497,0.0050021230768676934,0.25871394936555847,0.9903685681171872
2.0683461538460897,1.0879057600791304,0.0,46.57365385950819,0.00014191607731000935,1.0552929651852978,0.005002103291360918,0.2587450419233235,0.9902509183705913
2.0688461538460894,1.0886460590735352,0.0,46.56909151906984,0.00014117720330089498,1.0556276112428138,0.005002083700493295,0.2587761344810885,0.9901325537864106
2.0693461538460896,1.0893863580679408,0.0,46.56450360977816,0.00014044253559042326,1.0559622590952713,0.005002064302232861,0.2588072270388535,0.9900134743525311
2.0698461538460897,1.090126657062346,0.0,46.55989010998525,0.0001397120474312926,1.0562969087444427,0.005002045094564735,0.2588383195966185,0.9898936800568237
2.0703461538460894,1.0908669560567508,0.0,46.555250998044016,0.00013898571207620147,1.0566315601921015,0.0050020260754910124,0.2588694121543835,0.9897731708871441
2.070846153846089,1.0916072550511555,0.0,46.550586252342534,0.00013826350277784685,1.0569662134400206,0.005002007243030652,0.25890050471214854,0.989651946831333
2.0713461538460893,1.092347554045561,0.0,46.54589585128692,0.00013754539278892594,1.0573008684899736,0.005001988595219366,0.25893159726991355,0.9895300078772153
2.0718461538460895,1.0930878530399664,0.0,46.541179773322895,0.00013683135536213714,1.0576355253437335,0.005001970130109506,0.25896268982767856,0.9894073540126016
2.0723461538460892,1.0938281520343711,0.0,46.53643799691437,0.00013612136375017877,1.0579701840030733,0.005001951845769962,0.25899378238544357,0.9892839852252864
2.072846153846089,1.0945684510287759,0.0,46.53167050056073,0.00013541539120574798,1.0583048444697662,0.0050019337402860435,0.2590248749432086,0.9891599015030497
2.073346153846089,1.0953087500231813,0.0,46.52687726277539,0.00013471341098154189,1.0586395067455858,0.005001915811759377,0.2590559675009736,0.9890351028336556
2.0738461538460893,1.0960490490175867,0.0,46.52205826211594,0.00013401539633025884,1.058974170832305,0.005001898058307792,0.25908706005873866,0.9889095892048536
2.074346153846089,1.0967893480119915,0.0,46.51721347714132,0.00013332132050459727,1.0593088367316965,0.00500188047806522,0.2591181526165036,0.9887833606043781
2.0748461538460887,1.0975296470063962,0.0,46.5123428864719,0.00013263115675725428,1.0596435044455341,0.0050018630691815785,0.2591492451742686,0.9886564170199476
2.075346153846089,1.0982699460008014,0.0,46.5074464687167,0.000131944878340927,1.059978173975591,0.005001845829822671,0.25918033773203364,0.9885287584392658
2.075846153846089,1.099010244995207,0.0,46.50252420255918,0.00013126245850831377,1.06031284532364,0.005001828758170074,0.2592114302897987,0.9884003848500214
2.076346153846089,1.0997505439896118,0.0,46.49757606665013,0.000130583870512113,1.060647518491454,0.005001811852421034,0.25924252284756366,0.9882712962398875
2.0768461538460885,1.1004908429840163,0.0,46.49260203972353,0.0001299090876050218,1.060982193480807,0.005001795110788361,0.2592736154053287,0.9881414925965224
2.0773461538460887,1.1012311419784218,0.0,46.48760210050652,0.00012923808303973736,1.0613168702934719,0.0050017785315003204,0.2593047079630937,0.9880109739075688
2.077846153846089,1.1019714409728272,0.0,46.48257622778387,0.000128570830068958,1.0616515489312215,0.005001762112800533,0.25933580052085875,0.9878797401606544
2.0783461538460886,1.102711739967232,0.0,46.47752440032511,0.00012790730194538202,1.061986229395829,0.005001745852947862,0.2593668930786237,0.9877477913433917
2.0788461538460883,1.1034520389616367,0.0,46.47244659696605,0.00012724747192170667,1.062320911689068,0.005001729750216319,0.2593979856363887,0.9876151274433782
2.0793461538460885,1.104192337956042,0.0,46.46734279655747,0.00012659131325062903,1.0626555958127115,0.005001713802894951,0.2594290781941538,0.9874817484481956
2.0798461538460886,1.1049326369504473,0.0,46.46221297796082,0.00012593879918484745,1.0629902817685328,0.005001698009287742,0.2594601707519188,0.9873476543454108
2.0803461538460883,1.105672935944852,0.0,46.45705712009125,0.00012528990297706028,1.0633249695583045,0.00500168236771351,0.25949126330968375,0.9872128451225759
2.080846153846088,1.1064132349392568,0.0,46.451875201891866,0.00012464459787996473,1.0636596591838001,0.005001666876505802,0.25952235586744876,0.9870773207672271
2.0813461538460882,1.1071535339336624,0.0,46.446667202316746,0.00012400285714625793,1.0639943506467933,0.005001651534012795,0.25955344842521383,0.9869410812668854
2.0818461538460884,1.1078938329280676,0.0,46.44143310034809,0.00012336465402863818,1.0643290439490565,0.005001636338597193,0.25958454098297884,0.9868041266090573
2.082346153846088,1.1086341319224724,0.0,46.43617287500922,0.00012272996177980385,1.0646637390923632,0.0050016212886361275,0.25961563354074385,0.9866664567812333
2.082846153846088,1.1093744309168772,0.0,46.430886505343125,0.0001220987536524521,1.0649984360784863,0.005001606382521055,0.2596467260985088,0.9865280717708894
2.083346153846088,1.1101147299112826,0.0,46.42557397043405,0.00012147100289928013,1.0653331349091997,0.00500159161865766,0.2596778186562739,0.9863889715654857
2.083846153846088,1.110855028905688,0.0,46.42023524936898,0.00012084668277298624,1.065667835586276,0.005001576995465755,0.2597089112140389,0.9862491561524676
2.084346153846088,1.1115953279000927,0.0,46.41487032129337,0.00012022576652626871,1.0660025381114882,0.005001562511379178,0.2597400037718039,0.9861086255192651
2.0848461538460876,1.1123356268944975,0.0,46.40947916535559,0.0001196082274118248,1.0663372424866098,0.005001548164845702,0.2597710963295689,0.9859673796532932
2.085346153846088,1.1130759258889027,0.0,46.40406176075406,0.00011899403868235165,1.066671948713414,0.005001533954326931,0.2598021888873339,0.9858254185419512
2.085846153846088,1.1138162248833083,0.0,46.39861808669453,0.0001183831735905476,1.067006656793674,0.005001519878298205,0.25983328144509893,0.9856827421726236
2.0863461538460877,1.114556523877713,0.0,46.39314812243724,0.00011777560538911089,1.0673413667291627,0.005001505935248507,0.25986437400286394,0.9855393505326799
2.0868461538460874,1.1152968228721178,0.0,46.387651847245614,0.00011717130733073877,1.0676760785216532,0.005001492123680359,0.25989546656062895,0.985395243609474
2.0873461538460876,1.116037121866523,0.0,46.38212924042916,0.0001165702526681285,1.0680107921729194,0.005001478442109736,0.25992655911839396,0.9852504213903442
2.0878461538460877,1.1167774208609285,0.0,46.37658510561572,0.00011597720864404509,1.0683455073483212,0.0050014650096981,0.259957651676159,0.9851048840092492
2.0883461538460875,1.1175177198553332,0.0,46.37101540934518,0.00011538776478878751,1.0686802243294142,0.005001451713664014,0.259988744233924,0.9849586313331038
2.088846153846087,1.118258018849738,0.0,46.365419613460716,0.00011480136147035308,1.0690149431540554,0.0050014385391437535,0.260019836791689,0.9848116633336814
2.0893461538460874,1.1189983178441434,0.0,46.35979771071487,0.00011421798785310413,1.0693496638230844,0.00500142548514531,0.260050929349454,0.9846639799988048
2.0898461538460875,1.1197386168385488,0.0,46.354149693894264,0.00011363763310140401,1.0696843863373402,0.005001412550682919,0.2600820219072191,0.9845155813162892
2.0903461538460872,1.1204789158329533,0.0,46.348475555781135,0.00011306028637961607,1.0700191106976618,0.005001399734777035,0.26011311446498403,0.9843664672739432
2.090846153846087,1.121219214827358,0.0,46.34277528922185,0.00011248593685210263,1.0703538369048886,0.005001387036454314,0.26014420702274904,0.9842166378595674
2.091346153846087,1.1219595138217637,0.0,46.33704888705419,0.00011191457368322602,1.0706885649598608,0.005001374454747584,0.26017529958051405,0.9840660930609552
2.0918461538460873,1.122699812816169,0.0,46.331296342180096,0.00011134618603734959,1.0710232948634169,0.005001361988695825,0.2602063921382791,0.9839148328658933
2.092346153846087,1.1234401118105737,0.0,46.32551764747591,0.00011078076307883668,1.071358026616396,0.005001349637344149,0.2602374846960441,0.9837628572621611
2.0928461538460867,1.1241804108049784,0.0,46.319712795899314,0.00011021829397204963,1.0716927602196378,0.005001337399743773,0.2602685772538091,0.9836101662375304
2.093346153846087,1.1249207097993839,0.0,46.31388178039527,0.00010965876788135078,1.0720274956739817,0.005001325274951994,0.2602996698115741,0.9834567597797658
2.093846153846087,1.1256610087937893,0.0,46.308024593951664,0.00010910217397110345,1.0723622329802671,0.005001313262032173,0.26033076236933916,0.9833026378766249
2.094346153846087,1.126401307788194,0.0,46.30214122956513,0.00010854850140567099,1.072696972139333,0.0050013013600537035,0.2603618549271042,0.9831478005158579
2.0948461538460865,1.1271416067825988,0.0,46.29623168026672,0.00010799773934941573,1.0730317131520184,0.005001289568091996,0.26039294748486913,0.9829922476852082
2.0953461538460867,1.1278819057770042,0.0,46.29029593914337,0.00010744987696670002,1.0733664560191636,0.005001277885228448,0.2604240400426342,0.9828359793724112
2.095846153846087,1.1286222047714096,0.0,46.28433399925235,0.0001069049034218872,1.0737012007416074,0.005001266310550424,0.2604551326003992,0.9826789955651954
2.0963461538460866,1.1293625037658144,0.0,46.27834585372394,0.00010636280787934058,1.0740359473201886,0.005001254843151233,0.2604862251581642,0.9825212962512827
2.0968461538460863,1.1301028027602191,0.0,46.27233149568028,0.00010582357950342252,1.0743706957557468,0.005001243482130101,0.2605173177159292,0.9823628814183869
2.0973461538460865,1.1308431017546243,0.0,46.26629091831227,0.00010528720745849538,1.074705446049122,0.005001232226592154,0.26054841027369424,0.9822037510542146
2.0978461538460866,1.13158340074903,0.0,46.26022411478136,0.00010475368090892247,1.075040198201153,0.005001221075648386,0.26057950283145925,0.9820439051464658
2.0983461538460864,1.1323236997434345,0.0,46.25413107831356,0.0001042229890190671,1.075374952212679,0.005001210028415644,0.26061059538922426,0.9818833436828328
2.098846153846086,1.1330639987378393,0.0,46.24801180215255,0.00010369512095329164,1.075709708084539,0.005001199084016597,0.2606416879469892,0.9817220666510009
2.0993461538460862,1.1338042977322447,0.0,46.241866279576676,0.00010317006587595846,1.0760444658175734,0.005001188241579718,0.2606727805047543,0.9815600740386476
2.0998461538460864,1.13454459672665,0.0,46.23569450386493,0.00010264781295143087,1.0763792254126208,0.005001177500239258,0.2607038730625193,0.9813973658334441
2.100346153846086,1.1352848957210548,0.0,46.229496468348174,0.00010212835134407216,1.07671398687052,0.005001166859135219,0.2607349656202843,0.9812339420230538
2.100846153846086,1.1360251947154596,0.0,46.223272166370755,0.0001016116702182447,1.077048750192111,0.005001156317413338,0.2607660581780493,0.9810698025951329
2.101346153846086,1.136765493709865,0.0,46.217021591303364,0.00010109775873831089,1.0773835153782334,0.005001145874225057,0.26079715073581433,0.98090494753733
2.101846153846086,1.1375057927042702,0.0,46.2107447365516,0.000100586606068634,1.077718282429726,0.005001135528727499,0.26082824329357934,0.9807393768372874
2.102346153846086,1.138246091698675,0.0,46.20444159554316,0.00010007820137357736,1.0780530513474278,0.005001125280083446,0.26085933585134435,0.9805730904826396
2.1028461538460856,1.1389863906930797,0.0,46.198112161727956,9.957253381750332e-05,1.0783878221321788,0.005001115127461319,0.26089042840910937,0.9804060884610137
2.103346153846086,1.1397266896874854,0.0,46.19175642858232,9.906959256477426e-05,1.078722594784818,0.005001105070035146,0.2609215209668744,0.9802383707600298
2.103846153846086,1.1404669886818906,0.0,46.185374389613415,9.856936677975353e-05,1.079057369306185,0.0050010951069845416,0.2609526135246394,0.9800699373673006
2.1043461538460857,1.1412072876762953,0.0,46.178966038359164,9.807184562680433e-05,1.0793921456971185,0.005001085237494688,0.2609837060824044,0.9799007882704321
2.1048461538460854,1.1419475866707,0.0,46.172531368375566,9.75770182702891e-05,1.0797269239584582,0.005001075460756301,0.2610147986401694,0.9797309234570224
2.1053461538460856,1.1426878856651055,0.0,46.16607037324946,9.708487387457023e-05,1.0800617040910434,0.005001065775965615,0.2610458911979344,0.9795603429146627
2.1058461538460858,1.143428184659511,0.0,46.15958304659009,9.6595401604011e-05,1.0803964860957136,0.005001056182324354,0.26107698375569943,0.9793890466309366
2.1063461538460855,1.1441684836539157,0.0,46.15306938203337,9.610859062297469e-05,1.0807312699733078,0.005001046679039708,0.26110807631346444,0.9792170345934212
2.106846153846085,1.1449087826483204,0.0,46.146529373259,9.562443009582368e-05,1.0810660557246652,0.005001037265324309,0.26113916887122945,0.9790443067896858
2.1073461538460854,1.1456490816427256,0.0,46.13996301394356,9.514290918692039e-05,1.0814008433506257,0.0050010279403962105,0.26117026142899447,0.9788708632072924
2.1078461538460855,1.1463893806371313,0.0,46.13337029781601,9.466401706062808e-05,1.0817356328520282,0.005001018703478856,0.2612013539867595,0.978696703833796
2.1083461538460853,1.147129679631536,0.0,46.126751218623596,9.418774288131004e-05,1.0820704242297117,0.005001009553801062,0.2612324465445245,0.9785218286567448
2.108846153846085,1.1478699786259408,0.0,46.12010577013189,9.371407581332866e-05,1.082405217484516,0.0050010004905969895,0.2612635391022895,0.9783462376636787
2.109346153846085,1.148610277620346,0.0,46.11343394614188,9.324300502104635e-05,1.0827400126172806,0.005000991513106119,0.2612946316600545,0.9781699308421309
2.1098461538460853,1.1493505766147514,0.0,46.106735740498564,9.277451966882639e-05,1.0830748096288443,0.005000982620573232,0.2613257242178196,0.9779929081796278
2.110346153846085,1.1500908756091561,0.0,46.1000111470184,9.230860892103202e-05,1.0834096085200464,0.005000973812248378,0.26135681677558453,0.9778151696636881
2.1108461538460848,1.1508311746035609,0.0,46.09326015961312,9.184526194202567e-05,1.0837444092917266,0.005000965087386858,0.26138790933334954,0.9776367152818233
2.111346153846085,1.1515714735979663,0.0,46.08648277217883,9.138446789616974e-05,1.084079211944724,0.005000956445249196,0.26141900189111456,0.9774575450215376
2.111846153846085,1.1523117725923715,0.0,46.07967897865575,9.092621594782753e-05,1.0844140164798783,0.005000947885101116,0.2614500944488796,0.9772776588703279
2.112346153846085,1.1530520715867763,0.0,46.07284877299841,9.047049526136224e-05,1.084748822898028,0.005000939406213516,0.2614811870066446,0.9770970568156846
2.1128461538460845,1.153792370581181,0.0,46.065992149205535,9.001729500113631e-05,1.0850836312000127,0.005000931007862447,0.2615122795644096,0.97691573884509
2.1133461538460847,1.1545326695755866,0.0,46.05910910128595,8.956660433151219e-05,1.0854184413866725,0.005000922689329082,0.26154337212217466,0.9767337049460191
2.113846153846085,1.1552729685699918,0.0,46.05219962328422,8.911841241685312e-05,1.0857532534588459,0.005000914449899701,0.26157446467993967,0.9765509551059405
2.1143461538460846,1.1560132675643966,0.0,46.04526370926362,8.867270842152231e-05,1.086088067417372,0.005000906288865659,0.2616055572377046,0.9763674893123151
2.1148461538460843,1.1567535665588013,0.0,46.03830135334029,8.822948150988223e-05,1.0864228832630909,0.005000898205523362,0.26163664979546963,0.9761833075525962
2.1153461538460845,1.1574938655532068,0.0,46.03131254963208,8.77887208462953e-05,1.0867577009968414,0.005000890199174247,0.2616677423532347,0.9759984098142305
2.1158461538460847,1.1582341645476122,0.0,46.02429729228418,8.735041559512477e-05,1.0870925206194633,0.005000882269124756,0.2616988349109997,0.9758127960846568
2.1163461538460844,1.158974463542017,0.0,46.017255575477726,8.691455492073385e-05,1.087427342131795,0.005000874414686307,0.2617299274687647,0.9756264663513076
2.116846153846084,1.1597147625364217,0.0,46.01018739342123,8.6481127987485e-05,1.0877621655346765,0.005000866635175274,0.2617610200265297,0.9754394206016073
2.1173461538460843,1.160455061530827,0.0,46.00309274036772,8.605012395974068e-05,1.0880969908289473,0.005000858929912963,0.26179211258429474,0.9752516588229732
2.1178461538460844,1.1611953605252325,0.0,45.995971610550804,8.562153200186411e-05,1.0884318180154462,0.005000851298225585,0.26182320514205976,0.9750631810028157
2.118346153846084,1.1619356595196373,0.0,45.98882399827853,8.519534127821848e-05,1.0887666470950126,0.00500084373944423,0.26185429769982477,0.9748739871285379
2.118846153846084,1.162675958514042,0.0,45.98164989786089,8.477154095316629e-05,1.089101478068486,0.005000836252904849,0.2618853902575898,0.9746840771875355
2.119346153846084,1.1634162575084472,0.0,45.974449303644015,8.435012019106998e-05,1.0894363109367058,0.005000828837948222,0.2619164828153548,0.9744934511671967
2.119846153846084,1.1641565565028527,0.0,45.96722220999739,8.393106815629274e-05,1.089771145700511,0.005000821493919937,0.2619475753731198,0.9743021090549031
2.120346153846084,1.1648968554972574,0.0,45.95996861133095,8.351437401319783e-05,1.090105982360741,0.005000814220170366,0.2619786679308848,0.9741100508380287
2.1208461538460837,1.1656371544916622,0.0,45.9526885020738,8.310002692614769e-05,1.090440820918235,0.005000807016054639,0.2620097604886498,0.9739172765039406
2.121346153846084,1.1663774534860676,0.0,45.945381876665735,8.268801605950478e-05,1.0907756613738329,0.0050007998809326205,0.26204085304641483,0.9737237860399975
2.121846153846084,1.167117752480473,0.0,45.93804872959989,8.22783305776323e-05,1.0911105037283735,0.005000792814168884,0.26207194560417985,0.9735295794335524
2.1223461538460837,1.1678580514748778,0.0,45.93068905538867,8.18709596448935e-05,1.091445347982696,0.005000785815132687,0.26210303816194486,0.9733346566719504
2.1228461538460834,1.1685983504692823,0.0,45.923302848572305,8.146589242565079e-05,1.09178019413764,0.00500077888319795,0.26213413071970987,0.9731390177425291
2.1233461538460836,1.169338649463688,0.0,45.91589010371041,8.10631180842667e-05,1.0921150421940449,0.005000772017743225,0.2621652232774749,0.9729426626326191
2.1238461538460838,1.1700789484580931,0.0,45.90845081540326,8.066262578510441e-05,1.09244989215275,0.00500076521815168,0.2621963158352399,0.9727455913295437
2.1243461538460835,1.1708192474524979,0.0,45.9009849782791,8.02644046925271e-05,1.092784744014594,0.005000758483811066,0.2622274083930049,0.9725478038206196
2.124846153846083,1.1715595464469026,0.0,45.89349258698135,7.986844397089727e-05,1.0931195977804165,0.005000751814113698,0.2622585009507699,0.9723493000931551
2.1253461538460834,1.172299845441308,0.0,45.88597363618571,7.947473278457738e-05,1.0934544534510575,0.0050007452084564275,0.2622895935085349,0.9721500801344519
2.1258461538460836,1.1730401444357135,0.0,45.87842812060872,7.908326029793065e-05,1.0937893110273558,0.00500073866624062,0.2623206860663,0.9719501439318046
2.1263461538460833,1.1737804434301182,0.0,45.8708560349737,7.869401567532026e-05,1.0941241705101503,0.0050007321868721305,0.26235177862406495,0.9717494914725004
2.126846153846083,1.174520742424523,0.0,45.863257374053376,7.830698808110868e-05,1.094459031900281,0.0050007257697612766,0.26238287118182996,0.9715481227438192
2.127346153846083,1.1752610414189284,0.0,45.85563213263589,7.792216667965843e-05,1.094793895198587,0.005000719414322815,0.26241396373959497,0.9713460377330335
2.1278461538460833,1.1760013404133338,0.0,45.847980305546045,7.753954063533268e-05,1.0951287604059075,0.005000713119975919,0.26244505629736004,0.971143236427409
2.128346153846083,1.1767416394077386,0.0,45.84030188762413,7.715909911249459e-05,1.0954636275230816,0.0050007068861441534,0.26247614885512505,0.9709397188142039
2.128846153846083,1.1774819384021433,0.0,45.832596873738694,7.678083127550669e-05,1.0957984965509489,0.005000700712255446,0.26250724141289,0.9707354848806692
2.129346153846083,1.1782222373965485,0.0,45.82486525880786,7.640472628873146e-05,1.0961333674903488,0.00500069459774207,0.262538333970655,0.9705305346140483
2.129846153846083,1.1789625363909542,0.0,45.81710703776531,7.603077331653208e-05,1.0964682403421209,0.005000688542040615,0.2625694265284201,0.9703248680015778
2.130346153846083,1.179702835385359,0.0,45.80932220556461,7.565896152327173e-05,1.0968031151071036,0.005000682544591963,0.2626005190861851,0.9701184850304874
2.1308461538460826,1.1804431343797634,0.0,45.80151075718771,7.52892800733129e-05,1.0971379917861366,0.005000676604841265,0.26263161164395005,0.969911385687999
2.1313461538460827,1.1811834333741689,0.0,45.79367268767478,7.49217181310181e-05,1.0974728703800598,0.005000670722237917,0.2626627042017151,0.9697035699613267
2.131846153846083,1.1819237323685743,0.0,45.78580799204769,7.45562648607505e-05,1.097807750889712,0.005000664896235534,0.2626937967594801,0.9694950378376788
2.1323461538460826,1.182664031362979,0.0,45.777916665399324,7.419290942687327e-05,1.098142633315932,0.005000659126291928,0.26272488931724514,0.9692857893042555
2.1328461538460823,1.1834043303573838,0.0,45.76999870281715,7.383164099374892e-05,1.09847751765956,0.005000653411869082,0.2627559818750101,0.9690758243482495
2.1333461538460825,1.1841446293517892,0.0,45.76205409945118,7.347244872573996e-05,1.0988124039214353,0.005000647752433126,0.26278707443277516,0.9688651429568467
2.1338461538460827,1.1848849283461944,0.0,45.754082850450295,7.311532178720954e-05,1.0991472921023968,0.005000642147454314,0.26281816699054017,0.9686537451172258
2.1343461538460824,1.1856252273405992,0.0,45.74608495100906,7.276024934252085e-05,1.0994821822032836,0.005000636596406998,0.2628492595483052,0.9684416308165583
2.134846153846082,1.186365526335004,0.0,45.73806039632946,7.240722055603638e-05,1.0998170742249354,0.005000631098769605,0.26288035210607014,0.9682288000420082
2.1353461538460823,1.1871058253294096,0.0,45.73000918168471,7.205622459211864e-05,1.1001519681681915,0.005000625654024611,0.2629114446638352,0.968015252780732
2.1358461538460825,1.1878461243238148,0.0,45.72193130233004,7.170725061513083e-05,1.1004868640338914,0.005000620261658523,0.2629425372216002,0.9678009890198795
2.136346153846082,1.1885864233182195,0.0,45.71382675357498,7.136028778943606e-05,1.1008217618228737,0.005000614921161845,0.2629736297793652,0.9675860087465935
2.136846153846082,1.1893267223126243,0.0,45.70569553076212,7.101532527939687e-05,1.1011566615359782,0.005000609632029063,0.26300472233713024,0.9673703119480087
2.137346153846082,1.1900670213070297,0.0,45.69753762923746,7.06723522493758e-05,1.1014915631740445,0.0050006043937586165,0.26303581489489525,0.967153898611253
2.1378461538460822,1.190807320301435,0.0,45.689353044392874,7.033135786373596e-05,1.1018264667379116,0.005000599205852875,0.26306690745266026,0.966936768723447
2.138346153846082,1.1915476192958399,0.0,45.681141771666184,6.999233128684055e-05,1.1021613722284185,0.005000594067818114,0.26309800001042527,0.9667189222717045
2.1388461538460817,1.1922879182902446,0.0,45.67290380648594,6.965526168305204e-05,1.1024962796464048,0.005000588979164493,0.2631290925681903,0.9665003592431313
2.139346153846082,1.1930282172846498,0.0,45.664639144343724,6.932013821673302e-05,1.10283118899271,0.005000583939406029,0.2631601851259553,0.9662810796248263
2.139846153846082,1.1937685162790554,0.0,45.65634778072614,6.898695005224658e-05,1.1031661002681736,0.005000578948060575,0.2631912776837203,0.9660610834038812
2.1403461538460817,1.1945088152734602,0.0,45.648029711199875,6.86556863539559e-05,1.103501013473634,0.005000574004649794,0.2632223702414853,0.9658403705673808
2.1408461538460815,1.195249114267865,0.0,45.63968493130976,6.832633628622349e-05,1.103835928609931,0.005000569108699138,0.2632534627992503,0.9656189411024021
2.1413461538460816,1.1959894132622702,0.0,45.631313436646764,6.79988890134119e-05,1.1041708456779045,0.005000564259737822,0.26328455535701534,0.9653967949960147
2.141846153846082,1.1967297122566756,0.0,45.62291522283956,6.76733336998843e-05,1.1045057646783933,0.005000559457298802,0.26331564791478035,0.9651739322352815
2.1423461538460815,1.1974700112510803,0.0,45.614490285554524,6.734965951000376e-05,1.1048406856122361,0.005000554700918748,0.26334674047254536,0.9649503528072585
2.1428461538460812,1.198210310245485,0.0,45.6060386204491,6.702785560813284e-05,1.1051756084802733,0.005000549990138026,0.26337783303031037,0.9647260566989931
2.1433461538460814,1.1989506092398905,0.0,45.59756022325246,6.670791115863412e-05,1.1055105332833437,0.005000545324500671,0.2634089255880754,0.9645010438975269
2.1438461538460816,1.199690908234296,0.0,45.58905508968918,6.63898153258707e-05,1.1058454600222867,0.005000540703554362,0.2634400181458404,0.9642753143898932
2.1443461538460813,1.2004312072287004,0.0,45.580523215551395,6.607355727420572e-05,1.106180388697941,0.0050005361268504024,0.2634711107036054,0.9640488681631191
2.144846153846081,1.2011715062231052,0.0,45.57196459661822,6.575912616800171e-05,1.106515319311147,0.005000531593943697,0.2635022032613704,0.9638217052042232
2.145346153846081,1.2019118052175108,0.0,45.563379228723655,6.544651117162125e-05,1.1068502518627434,0.005000527104392723,0.2635332958191354,0.9635938255002178
2.1458461538460814,1.202652104211916,0.0,45.554767107731195,6.513570144942745e-05,1.1071851863535698,0.005000522657759513,0.26356438837690044,0.9633652290381075
2.146346153846081,1.2033924032063208,0.0,45.54612822952536,6.482668616578342e-05,1.1075201227844649,0.005000518253609628,0.26359548093466545,0.9631359158048903
2.146846153846081,1.2041327022007255,0.0,45.53746259002023,6.451945448505172e-05,1.1078550611562685,0.005000513891512136,0.26362657349243046,0.9629058857875561
2.147346153846081,1.2048730011951312,0.0,45.52877018517644,6.421399557159492e-05,1.10819000146982,0.00500050957103959,0.2636576660501955,0.9626751389730878
2.147846153846081,1.2056133001895364,0.0,45.52005101095031,6.391029858977614e-05,1.1085249437259586,0.005000505291768002,0.26368875860796054,0.9624436753484615
2.148346153846081,1.2063535991839411,0.0,45.51130506334479,6.360835270395847e-05,1.1088598879255234,0.005000501053276821,0.2637198511657255,0.9622114949006457
2.1488461538460806,1.207093898178346,0.0,45.502532338422206,6.330814707850448e-05,1.1091948340693536,0.0050004968551489145,0.2637509437234905,0.9619785976166019
2.1493461538460807,1.2078341971727515,0.0,45.493732832236475,6.300967087777675e-05,1.1095297821582892,0.005000492696970538,0.26378203628125557,0.9617449834832835
2.149846153846081,1.2085744961671567,0.0,45.48490654087126,6.271291326613836e-05,1.1098647321931692,0.0050004885783313194,0.2638131288390206,0.9615106524876378
2.1503461538460806,1.2093147951615615,0.0,45.47605346046124,6.241786340795248e-05,1.1101996841748325,0.00500048449882423,0.2638442213967856,0.9612756046166046
2.1508461538460804,1.2100550941559662,0.0,45.4671735871582,6.21245104675816e-05,1.1105346381041186,0.005000480458045568,0.26387531395455055,0.9610398398571158
2.1513461538460805,1.2107953931503714,0.0,45.45826691715655,6.183284360938835e-05,1.1108695939818671,0.005000476455594933,0.2639064065123156,0.9608033581960967
2.1518461538460807,1.211535692144777,0.0,45.44933344665517,6.15428519977358e-05,1.1112045518089175,0.005000472491075201,0.26393749907008063,0.9605661596204649
2.1523461538460804,1.2122759911391818,0.0,45.440373171916775,6.125452479698707e-05,1.1115395115861082,0.005000468564092509,0.26396859162784564,0.9603282441171315
2.15284615384608,1.2130162901335866,0.0,45.4313860892002,6.096785117150472e-05,1.1118744733142791,0.005000464674256225,0.26399968418561065,0.9600896116729996
2.1533461538460803,1.2137565891279918,0.0,45.422372194815466,6.068282028565135e-05,1.1122094369942699,0.0050004608211789295,0.26403077674337566,0.9598502622749648
2.1538461538460805,1.2144968881223974,0.0,45.41333148509419,6.039942130379002e-05,1.1125444026269193,0.005000457004476396,0.2640618693011407,0.9596101959099167
2.15434615384608,1.2152371871168022,0.0,45.40426395641503,6.011764339028386e-05,1.1128793702130668,0.005000453223767562,0.2640929618589057,0.9593694125647366
2.15484615384608,1.215977486111207,0.0,45.39516960516134,5.983747570949544e-05,1.1132143397535514,0.005000449478674514,0.2641240544166707,0.9591279122262992
2.15534615384608,1.2167177851056121,0.0,45.386048427750914,5.9558907425787344e-05,1.1135493112492134,0.0050004457688224615,0.2641551469744357,0.9588856948814708
2.1558461538460802,1.2174580841000173,0.0,45.37690042064867,5.9281927703522655e-05,1.1138842847008912,0.005000442093839715,0.2641862395322007,0.9586427605171122
2.15634615384608,1.218198383094422,0.0,45.367725580345535,5.900652570706447e-05,1.114219260109424,0.005000438453357669,0.26421733208996573,0.9583991091200756
2.1568461538460797,1.2189386820888268,0.0,45.35852390335424,5.8732690600775384e-05,1.1145542374756516,0.005000434847010774,0.26424842464773074,0.9581547406772066
2.15734615384608,1.2196789810832325,0.0,45.34929538620937,5.846041154901796e-05,1.1148892168004134,0.005000431274436517,0.26427951720549575,0.9579096551753431
2.15784615384608,1.2204192800776377,0.0,45.34004002549703,5.818967771615532e-05,1.1152241980845485,0.005000427735275404,0.26431060976326076,0.957663852601316
2.1583461538460798,1.2211595790720424,0.0,45.33075781782948,5.792047826655052e-05,1.115559181328896,0.005000424229170934,0.2643417023210258,0.9574173329419493
2.1588461538460795,1.2218998780664472,0.0,45.32144875983245,5.7652802364566155e-05,1.1158941665342954,0.005000420755769577,0.2643727948787908,0.9571700961840593
2.1593461538460796,1.2226401770608524,0.0,45.3121128481791,5.7386639174564834e-05,1.1162291537015863,0.005000417314720758,0.2644038874365558,0.9569221423144548
2.15984615384608,1.223380476055258,0.0,45.302750079577265,5.7121977860909634e-05,1.1165641428316078,0.005000413905676833,0.26443497999432086,0.956673471319938
2.1603461538460795,1.2241207750496628,0.0,45.29336045073153,5.6858807587963615e-05,1.1168991339251986,0.005000410528293063,0.2644660725520858,0.9564240831873039
2.1608461538460793,1.2248610740440675,0.0,45.28394395842352,5.65971175200894e-05,1.117234126983199,0.005000407182227605,0.26449716510985083,0.9561739779033392
2.1613461538460794,1.2256013730384727,0.0,45.27450059943167,5.6336896821649574e-05,1.1175691220064479,0.005000403867141477,0.26452825766761584,0.9559231554548245
2.1618461538460796,1.2263416720328784,0.0,45.26503037059041,5.6078134657007205e-05,1.1179041189957846,0.0050004005826985495,0.2645593502253809,0.9556716158285328
2.1623461538460793,1.2270819710272831,0.0,45.25553326872681,5.582082019052539e-05,1.1182391179520481,0.005000397328565517,0.26459044278314586,0.9554193590112298
2.162846153846079,1.2278222700216879,0.0,45.24600929074515,5.5564942586566706e-05,1.118574118876078,0.005000394104411882,0.2646215353409109,0.9551663849896739
2.163346153846079,1.228562569016093,0.0,45.23645843354665,5.5310491009493776e-05,1.118909121768714,0.00500039090990993,0.2646526278986759,0.9549126937506159
2.1638461538460794,1.2293028680104987,0.0,45.226880694088685,5.505745462366968e-05,1.119244126630795,0.005000387744734714,0.26468372045644095,0.9546582852808001
2.164346153846079,1.2300431670049035,0.0,45.21727606932985,5.480582259345745e-05,1.1195791334631602,0.0050003846085640334,0.26471481301420596,0.9544031595669634
2.164846153846079,1.2307834659993078,0.0,45.20764455626807,5.455558408321972e-05,1.119914142266649,0.00500038150107841,0.2647459055719709,0.9541473165958351
2.165346153846079,1.2315237649937134,0.0,45.197986151970206,5.430672825731909e-05,1.120249153042101,0.005000378421961071,0.264776998129736,0.953890756354137
2.165846153846079,1.2322640639881186,0.0,45.18830085347911,5.405924428011864e-05,1.1205841657903552,0.005000375370897931,0.264808090687501,0.9536334788285845
2.166346153846079,1.2330043629825234,0.0,45.17858865790243,5.381312131598141e-05,1.120919180512251,0.005000372347577569,0.264839183245266,0.9533754840058855
2.1668461538460786,1.2337446619769281,0.0,45.16884956235344,5.356834852927002e-05,1.1212541972086276,0.0050003693516912084,0.26487027580303096,0.9531167718727399
2.1673461538460788,1.2344849609713338,0.0,45.15908356401451,5.33249150843471e-05,1.1215892158803247,0.005000366382932702,0.26490136836079603,0.9528573424158412
2.167846153846079,1.235225259965739,0.0,45.14929066006528,5.308281014557571e-05,1.1219242365281814,0.005000363440998507,0.26493246091856104,0.9525971956218753
2.1683461538460786,1.2359655589601437,0.0,45.13947084773342,5.284202287731889e-05,1.1222592591530365,0.005000360525587669,0.26496355347632605,0.9523363314775213
2.1688461538460784,1.2367058579545485,0.0,45.12962412426086,5.2602542443939276e-05,1.12259428375573,0.005000357636401802,0.264994646034091,0.9520747499694502
2.1693461538460785,1.237446156948954,0.0,45.11975048695449,5.236435800979946e-05,1.122929310337101,0.00500035477314507,0.2650257385918561,0.9518124510843263
2.1698461538460787,1.2381864559433593,0.0,45.10984993310177,5.212745873926253e-05,1.123264338897989,0.005000351935524167,0.2650568311496211,0.9515494348088065
2.1703461538460784,1.238926754937764,0.0,45.09992246007211,5.1891833796691516e-05,1.1235993694392328,0.005000349123248299,0.2650879237073861,0.951285701129541
2.170846153846078,1.2396670539321688,0.0,45.08996806523242,5.165747234644905e-05,1.123934401961672,0.005000346336029164,0.2651190162651511,0.951021250033172
2.1713461538460783,1.240407352926574,0.0,45.07998674599785,5.142436355289776e-05,1.124269436466146,0.005000343573580935,0.2651501088229161,0.9507560815063345
2.1718461538460785,1.2411476519209796,0.0,45.06997849980649,5.1192496580400695e-05,1.1246044729534943,0.005000340835620244,0.26518120138068113,0.9504901955356566
2.172346153846078,1.2418879509153844,0.0,45.059943324132064,5.096186059332089e-05,1.1249395114245557,0.005000338121866154,0.26521229393844614,0.9502235921077593
2.172846153846078,1.2426282499097892,0.0,45.04988121647972,5.073244475602098e-05,1.1252745518801697,0.005000335432040155,0.26524338649621115,0.949956271209256
2.173346153846078,1.2433685489041943,0.0,45.039792174386136,5.0504238232863615e-05,1.125609594321176,0.005000332765866135,0.26527447905397616,0.9496882328267526
2.1738461538460783,1.2441088478986,0.0,45.02967619541105,5.0277230188211814e-05,1.1259446387484136,0.0050003301230703645,0.2653055716117412,0.9494194769468483
2.174346153846078,1.2448491468930047,0.0,45.019533277162644,5.005140978642864e-05,1.1262796851627215,0.005000327503381483,0.2653366641695062,0.949150003556135
2.1748461538460777,1.2455894458874095,0.0,45.00936307815537,4.982803015143572e-05,1.1266147335889432,0.005000324922949523,0.2653677567272712,0.9488798126218143
2.175346153846078,1.2463297448818147,0.0,44.99916539774563,4.960806491591543e-05,1.126949784041964,0.005000322394084103,0.2653988492850362,0.9486089041189372
2.175846153846078,1.24707004387622,0.0,44.988940884740465,4.9389191931338957e-05,1.127284836476538,0.005000319886403773,0.2654299418428012,0.9483372780712404
2.1763461538460778,1.2478103428706246,0.0,44.97868953446794,4.917140766234226e-05,1.1276198908936717,0.005000317399750567,0.26546103440056623,0.948064934465202
2.1768461538460775,1.2485506418650294,0.0,44.96841134227187,4.895470857356089e-05,1.1279549472943717,0.005000314933967434,0.26549212695833124,0.9477918732872913
2.1773461538460777,1.249290940859435,0.0,44.958106303541385,4.873909112963041e-05,1.1282900056796454,0.005000312488898234,0.26552321951609625,0.9475180945239685
2.177846153846078,1.2500312398538402,0.0,44.94777441369831,4.852455179518678e-05,1.128625066050499,0.005000310064387735,0.26555431207386127,0.9472435981616861
2.1783461538460775,1.250771538848245,0.0,44.93741566821408,4.8311087034865926e-05,1.1289601284079387,0.005000307660281609,0.2655854046316263,0.9469683841868877
2.1788461538460773,1.2515118378426497,0.0,44.9270300625592,4.809869331330342e-05,1.1292951927529717,0.005000305276426431,0.2656164971893913,0.9466924525860073
2.1793461538460774,1.2522521368370554,0.0,44.9166175922581,4.7887367095134825e-05,1.1296302590866045,0.0050003029126696776,0.2656475897471563,0.9464158033454713
2.1798461538460776,1.2529924358314606,0.0,44.90617825285965,4.767710484499609e-05,1.129965327409844,0.005000300568859717,0.2656786823049213,0.9461384364516966
2.1803461538460773,1.2537327348258653,0.0,44.89571203996248,4.746790302752316e-05,1.130300397723696,0.005000298244845814,0.2657097748626863,0.9458603518910925
2.180846153846077,1.25447303382027,0.0,44.885218949181386,4.725975810735159e-05,1.1306354700291676,0.005000295940478121,0.26574086742045133,0.9455815496500588
2.181346153846077,1.2552133328146753,0.0,44.874698976164126,4.705266654911695e-05,1.1309705443272662,0.005000293655607677,0.26577195997821634,0.945302029714986
2.1818461538460774,1.255953631809081,0.0,44.864152116604195,4.6846624817455186e-05,1.1313056206189973,0.005000291390086406,0.2658030525359814,0.9450217920722574
2.182346153846077,1.2566939308034857,0.0,44.85357836620289,4.664162937700223e-05,1.131640698905368,0.005000289143767114,0.26583414509374637,0.9447408367082469
2.182846153846077,1.2574342297978904,0.0,44.84297772072836,4.643767669239366e-05,1.1319757791873848,0.00500028691650348,0.2658652376515114,0.9444591636093197
2.183346153846077,1.2581745287922956,0.0,44.83235017596511,4.6234763228265044e-05,1.1323108614660546,0.005000284708150062,0.2658963302092764,0.944176772761832
2.183846153846077,1.2589148277867013,0.0,44.82169572772665,4.603288544925232e-05,1.1326459457423843,0.005000282518562285,0.26592742276704145,0.9438936641521315
2.184346153846077,1.259655126781106,0.0,44.811014371868204,4.583203981999141e-05,1.1329810320173794,0.005000280347596446,0.26595851532480647,0.9436098377665584
2.1848461538460766,1.2603954257755108,0.0,44.800306104253075,4.563222280511791e-05,1.1333161202920476,0.005000278195109704,0.2659896078825714,0.9433252935914422
2.1853461538460768,1.261135724769916,0.0,44.789570920832624,4.543343086926738e-05,1.1336512105673955,0.00500027606096008,0.2660207004403365,0.9430400316131049
2.185846153846077,1.2618760237643216,0.0,44.77880881753695,4.523566047707576e-05,1.1339863028444293,0.005000273945006455,0.2660517929981015,0.94275405181786
2.1863461538460767,1.262616322758726,0.0,44.768019790350635,4.5038908093178966e-05,1.1343213971241555,0.005000271847108566,0.26608288555586646,0.9424673541920119
2.1868461538460764,1.2633566217531307,0.0,44.75720383530859,4.48431701822126e-05,1.1346564934075811,0.005000269767126999,0.26611397811363147,0.9421799387218561
2.1873461538460766,1.2640969207475363,0.0,44.74636094845824,4.4648443208812224e-05,1.1349915916957127,0.005000267704923192,0.26614507067139653,0.9418918053936798
2.1878461538460767,1.2648372197419415,0.0,44.7354911258596,4.445472363761377e-05,1.1353266919895573,0.005000265660359428,0.26617616322916154,0.9416029541937612
2.1883461538460764,1.2655775187363463,0.0,44.72459436366937,4.4262007933253166e-05,1.1356617942901206,0.005000263633298832,0.26620725578692656,0.9413133851083706
2.188846153846076,1.266317817730751,0.0,44.71367065800227,4.4070292560366e-05,1.13599689859841,0.005000261623605369,0.2662383483446915,0.9410230981237685
2.1893461538460763,1.2670581167251567,0.0,44.70272000508662,4.3879573983587844e-05,1.136332004915432,0.005000259631143842,0.2662694409024566,0.9407320932262074
2.1898461538460765,1.2677984157195619,0.0,44.69174240110884,4.368984866755463e-05,1.136667113242193,0.005000257655779883,0.2663005334602216,0.9404403704019311
2.1903461538460762,1.2685387147139666,0.0,44.680737842343824,4.350111307690228e-05,1.1370022235796997,0.005000255697379956,0.2663316260179866,0.9401479296371746
2.190846153846076,1.2692790137083714,0.0,44.66970632506669,4.331336367626638e-05,1.137337335928959,0.005000253755811354,0.2663627185757516,0.9398547709181642
2.191346153846076,1.270019312702777,0.0,44.658647845603305,4.3126596930282514e-05,1.1376724502909774,0.005000251830942189,0.2663938111335166,0.9395608942311172
2.1918461538460763,1.2707596116971822,0.0,44.64756240031344,4.294080930358661e-05,1.1380075666667615,0.0050002499226413965,0.26642490369128163,0.939266299562243
2.192346153846076,1.271499910691587,0.0,44.636449985582495,4.275599726081458e-05,1.1383426850573177,0.005000248030778726,0.26645599624904664,0.9389709868977417
2.1928461538460757,1.2722402096859917,0.0,44.62531059783831,4.2572157266602015e-05,1.1386778054636528,0.005000246155224743,0.26648708880681166,0.938674956223805
2.193346153846076,1.272980508680397,0.0,44.6141442335302,4.2389285785584505e-05,1.139012927886774,0.005000244295850822,0.26651818136457667,0.9383782075266154
2.193846153846076,1.2737208076748026,0.0,44.60295088917102,4.220737928239797e-05,1.1393480523276873,0.0050002424525291455,0.26654927392234173,0.9380807407923473
2.194346153846076,1.2744611066692073,0.0,44.591730561253215,4.202643422167833e-05,1.1396831787873993,0.005000240625132698,0.2665803664801067,0.9377825560071665
2.1948461538460755,1.275201405663612,0.0,44.58048324637061,4.1846447068061166e-05,1.1400183072669168,0.005000238813535267,0.2666114590378717,0.9374836531572298
2.1953461538460757,1.2759417046580173,0.0,44.56920894110095,4.166741428618208e-05,1.1403534377672466,0.005000237017611435,0.2666425515956367,0.9371840322286851
2.195846153846076,1.276682003652423,0.0,44.55790764208566,4.148933234067698e-05,1.1406885702893954,0.00500023523723658,0.2666736441534018,0.9368836932076717
2.1963461538460756,1.2774223026468277,0.0,44.54657934596695,4.131219769618179e-05,1.1410237048343692,0.005000233472286869,0.26670473671116673,0.9365826360803211
2.1968461538460753,1.2781626016412324,0.0,44.53522404946338,4.11360068173321e-05,1.1413588414031752,0.005000231722639258,0.26673582926893175,0.936280860832755
2.1973461538460755,1.2789029006356376,0.0,44.52384174929442,4.0960756168763504e-05,1.1416939799968202,0.005000229988171487,0.26676692182669676,0.9359783674510864
2.1978461538460756,1.2796431996300428,0.0,44.51243244223918,4.078644221511192e-05,1.1420291206163105,0.005000228268762075,0.2667980143844618,0.9356751559214207
2.1983461538460753,1.2803834986244476,0.0,44.50099612507778,4.061306142101325e-05,1.1423642632626525,0.005000226564290319,0.2668291069422268,0.9353712262298539
2.198846153846075,1.2811237976188523,0.0,44.48953279467522,4.0440610251103094e-05,1.142699407936853,0.005000224874636291,0.2668601994999918,0.9350665783624732
2.1993461538460752,1.281864096613258,0.0,44.478042447885024,4.026908517001706e-05,1.1430345546399194,0.005000223199680833,0.26689129205775686,0.9347612123053568
2.1998461538460754,1.2826043956076632,0.0,44.46652508161213,4.009848264239105e-05,1.1433697033728574,0.005000221539305555,0.26692238461552187,0.9344551280445755
2.200346153846075,1.283344694602068,0.0,44.45498069278786,3.992879913286096e-05,1.1437048541366739,0.00500021989339283,0.2669534771732868,0.9341483255661903
2.200846153846075,1.2840849935964727,0.0,44.443409278416,3.976003110606241e-05,1.1440400069323753,0.0050002182618257935,0.26698456973105184,0.9338408048562541
2.201346153846075,1.2848252925908783,0.0,44.43181083548902,3.9592175026631e-05,1.144375161760969,0.005000216644488336,0.2670156622888169,0.9335325659008101
2.201846153846075,1.2855655915852835,0.0,44.42018536103846,3.942522735920263e-05,1.144710318623461,0.005000215041265103,0.2670467548465819,0.933223608685894
2.202346153846075,1.2863058905796882,0.0,44.4085328521643,3.9259184568413204e-05,1.1450454775208578,0.005000213452041493,0.2670778474043469,0.9329139331975329
2.2028461538460746,1.287046189574093,0.0,44.39685330596373,3.9094043118898326e-05,1.1453806384541665,0.005000211876703646,0.2671089399621119,0.932603539421744
2.203346153846075,1.2877864885684982,0.0,44.38514671960245,3.8929799475293604e-05,1.1457158014243938,0.005000210315138453,0.26714003251987695,0.9322924273445365
2.203846153846075,1.2885267875629038,0.0,44.37341309025608,3.8766450102234944e-05,1.146050966432546,0.005000208767233541,0.26717112507764196,0.9319805969519112
2.2043461538460747,1.2892670865573086,0.0,44.36165241514368,3.860399146435824e-05,1.1463861334796297,0.005000207232877276,0.26720221763540697,0.9316680482298598
2.2048461538460744,1.2900073855517133,0.0,44.34986469152782,3.8442420026299104e-05,1.1467213025666516,0.005000205711958757,0.267233310193172,0.9313547811643657
2.2053461538460746,1.2907476845461185,0.0,44.33804991668113,3.828173225269314e-05,1.1470564736946187,0.005000204204367813,0.267264402750937,0.9310407957414027
2.2058461538460747,1.2914879835405242,0.0,44.32620808794075,3.812192460817626e-05,1.1473916468645373,0.005000202709995002,0.267295495308702,0.9307260919469372
2.2063461538460745,1.292228282534929,0.0,44.31433920267073,3.796299355738434e-05,1.147726822077414,0.005000201228731603,0.267326587866467,0.9304106697669263
2.206846153846074,1.2929685815293337,0.0,44.302443258262045,3.7804935564953016e-05,1.1480619993342553,0.005000199760469618,0.267357680424232,0.9300945291873182
2.2073461538460744,1.293708880523739,0.0,44.29052025213684,3.7647747095517877e-05,1.1483971786360685,0.005000198305101764,0.26738877298199704,0.9297776701940522
2.2078461538460745,1.294449179518144,0.0,44.27857018176941,3.749142461371483e-05,1.1487323599838597,0.005000196862521474,0.26741986553976205,0.9294600927730599
2.2083461538460742,1.2951894785125488,0.0,44.26659304466949,3.733596458417978e-05,1.1490675433786355,0.005000195432622886,0.26745095809752706,0.9291417969102636
2.208846153846074,1.2959297775069536,0.0,44.25458883836139,3.718136347154832e-05,1.1494027288214026,0.005000194015300851,0.26748205065529207,0.9288227825915767
2.209346153846074,1.2966700765013592,0.0,44.24255756042588,3.702761774045608e-05,1.1497379163131678,0.005000192610450919,0.2675131432130571,0.9285030498029042
2.2098461538460743,1.2974103754957644,0.0,44.2304992084584,3.687472385553895e-05,1.150073105854938,0.0050001912179693415,0.2675442357708221,0.9281825985301421
2.210346153846074,1.2981506744901692,0.0,44.21841378012346,3.6722678281432815e-05,1.150408297447719,0.005000189837753067,0.2675753283285871,0.9278614287591789
2.2108461538460737,1.298890973484574,0.0,44.20630127308364,3.6571477482773304e-05,1.150743491092518,0.005000188469699735,0.2676064208863521,0.9275395404758926
2.211346153846074,1.2996312724789796,0.0,44.1941616850623,3.642111792419602e-05,1.1510786867903418,0.0050001871137076775,0.2676375134441171,0.9272169336661538
2.211846153846074,1.3003715714733848,0.0,44.18199501380187,3.6271596070336866e-05,1.1514138845421968,0.00500018576967591,0.26766860600188214,0.9268936083158237
2.212346153846074,1.3011118704677895,0.0,44.169801257105654,3.612290838583173e-05,1.1517490843490894,0.005000184437504133,0.26769969855964715,0.9265695644107556
2.2128461538460735,1.3018521694621943,0.0,44.15758041278356,3.597505133531621e-05,1.1520842862120264,0.005000183117092725,0.26773079111741216,0.9262448019367935
2.2133461538460737,1.3025924684566,0.0,44.14533247868978,3.5828021383425964e-05,1.152419490132015,0.005000181808342742,0.26776188367517717,0.9259193208797722
2.213846153846074,1.3033327674510051,0.0,44.13305745273533,3.5681814994796855e-05,1.1527546961100612,0.005000180511155912,0.2677929762329422,0.9255931212255193
2.2143461538460736,1.3040730664454099,0.0,44.12075533283797,3.553642863406477e-05,1.1530899041471716,0.00500017922543463,0.2678240687907072,0.9252662029598527
2.2148461538460733,1.3048133654398146,0.0,44.10842611697241,3.539185876586534e-05,1.153425114244353,0.0050001779510819595,0.2678551613484722,0.9249385660685817
2.2153461538460735,1.3055536644342198,0.0,44.09606980313273,3.524810185483418e-05,1.1537603264026122,0.0050001766880016256,0.2678862539062372,0.9246102105375069
2.2158461538460736,1.3062939634286255,0.0,44.083686389374186,3.510515436560719e-05,1.1540955406229558,0.005000175436098013,0.2679173464640023,0.9242811363524202
2.2163461538460734,1.3070342624230302,0.0,44.07127587374233,3.496301276282024e-05,1.15443075690639,0.005000174195276159,0.26794843902176724,0.9239513434991053
2.216846153846073,1.307774561417435,0.0,44.05883825437734,3.482167351110894e-05,1.154765975253922,0.005000172965441757,0.26797953157953225,0.9236208319633367
2.2173461538460733,1.3085148604118402,0.0,44.04637352941396,3.468113307510895e-05,1.1551011956665584,0.005000171746501145,0.26801062413729726,0.9232896017308799
2.2178461538460734,1.3092551594062458,0.0,44.033881697044094,3.454138791945613e-05,1.1554364181453056,0.00500017053836131,0.2680417166950623,0.9229576527874928
2.218346153846073,1.3099954584006506,0.0,44.02136275547516,3.440243450878637e-05,1.1557716426911702,0.005000169340929878,0.26807280925282734,0.9226249851189235
2.218846153846073,1.3107357573950553,0.0,44.00881670296767,3.426426930773529e-05,1.1561068693051586,0.005000168154115113,0.2681039018105923,0.9222915987109124
2.219346153846073,1.3114760563894605,0.0,43.99624353782695,3.4126888780938527e-05,1.1564420979882784,0.005000166977825918,0.26813499436835736,0.9219574935491898
2.219846153846073,1.3122163553838657,0.0,43.9836432583656,3.3990289393031956e-05,1.1567773287415353,0.005000165811971821,0.26816608692612237,0.9216226696194789
2.220346153846073,1.3129566543782705,0.0,43.97101586295368,3.385446760865146e-05,1.1571125615659361,0.005000164656462984,0.2681971794838873,0.9212871269074934
2.2208461538460726,1.3136969533726752,0.0,43.95836135000612,3.371941989243265e-05,1.1574477964624876,0.005000163511210191,0.26822827204165234,0.9209508653989383
2.221346153846073,1.3144372523670809,0.0,43.94567971795785,3.358514270901119e-05,1.1577830334321966,0.0050001623761248455,0.2682593645994174,0.92061388507951
2.221846153846073,1.315177551361486,0.0,43.93297096527214,3.3451632523022934e-05,1.1581182724760697,0.005000161251118972,0.2682904571571824,0.920276185934896
2.2223461538460727,1.3159178503558908,0.0,43.920235090478194,3.331888579910375e-05,1.158453513595113,0.005000160136105209,0.2683215497149474,0.9199377679507759
2.2228461538460724,1.3166581493502956,0.0,43.907472092108634,3.31868990018893e-05,1.1587887567903337,0.005000159030996802,0.2683526422727124,0.9195986311128197
2.2233461538460726,1.3173984483447012,0.0,43.894681968774556,3.3055668596015196e-05,1.1591240020627382,0.0050001579357076085,0.26838373483047745,0.919258775406689
2.2238461538460728,1.3181387473391064,0.0,43.881864719073995,3.292519104611732e-05,1.1594592494133336,0.005000156850152088,0.26841482738824246,0.9189182008180367
2.2243461538460725,1.3188790463335112,0.0,43.869020341679345,3.2795462816831544e-05,1.1597944988431257,0.0050001557742453,0.26844591994600747,0.9185769073325074
2.224846153846072,1.319619345327916,0.0,43.85614883529166,3.266648037279349e-05,1.1601297503531216,0.005000154707902903,0.2684770125037725,0.9182348949357364
2.2253461538460724,1.3203596443223211,0.0,43.84325019863234,3.2538240178638824e-05,1.160465003944328,0.0050001536510411474,0.2685081050615375,0.9178921636133507
2.2258461538460725,1.3210999433167268,0.0,43.83032443048067,3.24107386990034e-05,1.1608002596177518,0.005000152603576875,0.2685391976193025,0.9175487133509682
2.2263461538460723,1.3218402423111315,0.0,43.8173715296447,3.228397239852308e-05,1.161135517374399,0.005000151565427515,0.2685702901770675,0.9172045441341989
2.226846153846072,1.3225805413055363,0.0,43.80439149497798,3.215793774183351e-05,1.1614707772152761,0.005000150536511078,0.26860138273483253,0.9168596559486437
2.227346153846072,1.3233208402999415,0.0,43.791384325346264,3.2032631193570346e-05,1.161806039141391,0.005000149516746157,0.26863247529259754,0.9165140487798937
2.2278461538460723,1.324061139294347,0.0,43.778350019681696,3.190804921836943e-05,1.162141303153749,0.00500014850605192,0.26866356785036255,0.9161677226135333
2.228346153846072,1.3248014382887519,0.0,43.76528857693706,3.178418828086664e-05,1.1624765692533574,0.00500014750434811,0.26869466040812756,0.915820677435137
2.2288461538460718,1.3255417372831566,0.0,43.752199996110804,3.1661044845697625e-05,1.1628118374412224,0.005000146511555038,0.2687257529658926,0.9154729132302709
2.229346153846072,1.3262820362775618,0.0,43.739084276226286,3.153861537749802e-05,1.1631471077183513,0.005000145527593583,0.2687568455236576,0.915124429984492
2.229846153846072,1.327022335271967,0.0,43.725941416360904,3.141689634090369e-05,1.1634823800857503,0.005000144552385184,0.2687879380814226,0.9147752276833491
2.230346153846072,1.3277626342663718,0.0,43.71277141562127,3.1295884200550496e-05,1.163817654544426,0.005000143585851845,0.2688190306391876,0.9144253063123823
2.2308461538460715,1.3285029332607765,0.0,43.699574273151455,3.117557542107409e-05,1.164152931095385,0.005000142627916121,0.2688501231969526,0.9140746658571229
2.2313461538460717,1.3292432322551821,0.0,43.68634998812901,3.105596646711011e-05,1.1644882097396343,0.005000141678501122,0.26888121575471763,0.9137233063030934
2.231846153846072,1.3299835312495873,0.0,43.673098559781515,3.093705380329444e-05,1.1648234904781805,0.005000140737530509,0.2689123083124827,0.9133712276358072
2.2323461538460716,1.330723830243992,0.0,43.65981998734933,3.0818833894262916e-05,1.1651587733120297,0.005000139804928486,0.26894340087024765,0.9130184298407704
2.2328461538460713,1.3314641292383969,0.0,43.64651427015204,3.070130320465118e-05,1.1654940582421887,0.0050001388806198005,0.26897449342801266,0.9126649129034792
2.2333461538460715,1.3322044282328025,0.0,43.63318140751376,3.058445819909491e-05,1.1658293452696649,0.005000137964529741,0.26900558598577773,0.9123106768094206
2.2338461538460717,1.3329447272272077,0.0,43.61982139878813,3.0468295342229955e-05,1.1661646343954641,0.005000137056584131,0.26903667854354274,0.9119557215440744
2.2343461538460714,1.3336850262216124,0.0,43.60643424339569,3.035281109869216e-05,1.166499925620593,0.005000136156709326,0.2690677711013077,0.9116000470929113
2.234846153846071,1.3344253252160172,0.0,43.59301994079487,3.023800193311718e-05,1.1668352189460585,0.00500013526483221,0.2690988636590727,0.9112436534413927
2.2353461538460713,1.3351656242104224,0.0,43.57957849044886,3.0123864310140673e-05,1.1671705143728672,0.005000134380880194,0.2691299562168377,0.9108865405749713
2.2358461538460714,1.335905923204828,0.0,43.566109891904475,3.0010394694398498e-05,1.167505811902026,0.005000133504781214,0.2691610487746028,0.9105287084790914
2.236346153846071,1.3366462221992328,0.0,43.55261414470093,2.98975895505265e-05,1.1678411115345408,0.0050001326364637185,0.2691921413323678,0.9101701571391895
2.236846153846071,1.3373865211936375,0.0,43.539091248432136,2.978544534316034e-05,1.1681764132714187,0.005000131775856677,0.26922323389013275,0.9098108865406919
2.237346153846071,1.3381268201880427,0.0,43.52554120275916,2.9673958536935672e-05,1.1685117171136667,0.00500013092288957,0.2692543264478978,0.9094508966690165
2.237846153846071,1.3388671191824484,0.0,43.51196400733147,2.9563125596488343e-05,1.1688470230622912,0.005000130077492387,0.26928541900566283,0.909090187509573
2.238346153846071,1.3396074181768531,0.0,43.49835966188655,2.945294298645421e-05,1.169182331118298,0.005000129239595623,0.26931651156342784,0.9087287590477633
2.2388461538460707,1.340347717171258,0.0,43.48472816615869,2.9343407171468932e-05,1.1695176412826949,0.005000128409130274,0.26934760412119285,0.9083666112689783
2.239346153846071,1.341088016165663,0.0,43.47106951993291,2.9234514616168162e-05,1.169852953556488,0.00500012758602784,0.26937869667895786,0.9080037441586017
2.239846153846071,1.3418283151600687,0.0,43.457383723049226,2.9126261785187757e-05,1.170188267940684,0.00500012677022031,0.2694097892367229,0.9076401577020087
2.2403461538460707,1.3425686141544735,0.0,43.443670775377726,2.9018645143163557e-05,1.1705235844362896,0.00500012596164017,0.2694408817944879,0.9072758518845652
2.2408461538460704,1.3433089131488778,0.0,43.42993067680215,2.891166115473123e-05,1.170858903044311,0.005000125160220393,0.26947197435225284,0.9069108266916286
2.2413461538460706,1.3440492121432834,0.0,43.41616342729442,2.8805306284526427e-05,1.1711942237657558,0.005000124365894439,0.2695030669100179,0.906545082108547
2.2418461538460708,1.3447895111376886,0.0,43.40236902681534,2.8699576997185007e-05,1.17152954660163,0.00500012357859625,0.2695341594677829,0.9061786181206608
2.2423461538460705,1.3455298101320934,0.0,43.3885474753933,2.8594469757342808e-05,1.1718648715529398,0.005000122798260248,0.26956525202554793,0.9058114347133019
2.2428461538460702,1.3462701091264981,0.0,43.37469877308291,2.8489981029635502e-05,1.1722001986206927,0.005000122024821328,0.26959634458331294,0.905443531871792
2.2433461538460704,1.3470104081209038,0.0,43.36082291998163,2.838610727869873e-05,1.172535527805895,0.005000121258214862,0.26962743714107795,0.9050749095814452
2.2438461538460706,1.347750707115309,0.0,43.34691991623392,2.8282844969168366e-05,1.1728708591095534,0.005000120498376688,0.26965852969884296,0.9047055678275668
2.2443461538460703,1.3484910061097137,0.0,43.332989762006534,2.8180190565680235e-05,1.1732061925326742,0.005000119745243111,0.269689622256608,0.9043355065954535
2.24484615384607,1.3492313051041185,0.0,43.319032457521544,2.807814053287001e-05,1.1735415280762642,0.0050001189987509,0.269720714814373,0.9039647258703929
2.24534615384607,1.3499716040985241,0.0,43.30504800302756,2.797669133537335e-05,1.1738768657413303,0.005000118258837283,0.269751807372138,0.9035932256376639
2.2458461538460703,1.3507119030929293,0.0,43.29103639880796,2.7875839437826104e-05,1.1742122055288793,0.005000117525439942,0.269782899929903,0.9032210058825367
2.24634615384607,1.351452202087334,0.0,43.27699764520993,2.7775581304864105e-05,1.174547547439917,0.005000116798497016,0.269813992487668,0.9028480665902741
2.24684615384607,1.3521925010817388,0.0,43.262931742599,2.767591340112303e-05,1.1748828914754506,0.005000116077947091,0.26984508504543303,0.9024744077461282
2.24734615384607,1.352932800076144,0.0,43.24883869137152,2.7576832191238546e-05,1.1752182376364868,0.005000115363729202,0.26987617760319804,0.9021000293353433
2.24784615384607,1.3536730990705497,0.0,43.23471849199189,2.747833413984648e-05,1.1755535859240323,0.0050001146557828256,0.26990727016096305,0.901724931343155
2.24834615384607,1.3544133980649544,0.0,43.22057114494302,2.7380415711582693e-05,1.1758889363390932,0.005000113954047879,0.26993836271872806,0.9013491137547909
2.2488461538460696,1.3551536970593592,0.0,43.206396650747045,2.7283073371082836e-05,1.1762242888826764,0.005000113258464718,0.2699694552764931,0.9009725765554688
2.2493461538460697,1.3558939960537644,0.0,43.192195009969495,2.7186303582982578e-05,1.176559643555789,0.005000112568974129,0.2700005478342581,0.9005953197303977
2.24984615384607,1.35663429504817,0.0,43.17796622322761,2.7090102811917776e-05,1.1768950003594372,0.005000111885517334,0.27003164039202315,0.9002173432647791
2.2503461538460696,1.3573745940425748,0.0,43.163710291140816,2.699446752252425e-05,1.1772303592946276,0.005000111208035977,0.2700627329497881,0.8998386471438049
2.2508461538460693,1.3581148930369795,0.0,43.149427214425764,2.6899394179437678e-05,1.1775657203623666,0.005000110536472131,0.2700938255075531,0.8994592313526588
2.2513461538460695,1.3588551920313847,0.0,43.13511699377663,2.6804879247293736e-05,1.1779010835636619,0.005000109870768287,0.27012491806531813,0.8990790958765147
2.2518461538460697,1.35959549102579,0.0,43.12077962996838,2.6710919190728253e-05,1.1782364488995192,0.005000109210867357,0.27015601062308314,0.8986982407005392
2.2523461538460694,1.3603357900201947,0.0,43.10641512381139,2.6617510474377066e-05,1.1785718163709449,0.005000108556712666,0.27018710318084815,0.8983166658098901
2.252846153846069,1.3610760890145994,0.0,43.09202347613915,2.6524649562875847e-05,1.1789071859789462,0.005000107908247952,0.27021819573861316,0.8979343711897154
2.2533461538460693,1.361816388009005,0.0,43.07760468784129,2.643233292086028e-05,1.17924255772453,0.00500010726541736,0.27024928829637823,0.8975513568251547
2.2538461538460695,1.3625566870034103,0.0,43.06315875982237,2.634055701296618e-05,1.1795779316087025,0.005000106628165442,0.27028038085414324,0.8971676227013399
2.254346153846069,1.363296985997815,0.0,43.048685693047354,2.62493183038294e-05,1.1799133076324702,0.005000105996437153,0.2703114734119082,0.8967831688033934
2.254846153846069,1.3640372849922198,0.0,43.03418548853746,2.6158613258085606e-05,1.1802486857968397,0.005000105370177847,0.2703425659696732,0.896397995116429
2.255346153846069,1.3647775839866254,0.0,43.019658147312526,2.6068438340370466e-05,1.1805840661028184,0.005000104749333273,0.2703736585274383,0.8960121016255513
2.2558461538460692,1.3655178829810306,0.0,43.00510367046113,2.597879001531983e-05,1.1809194485514123,0.005000104133849577,0.2704047510852033,0.8956254883158574
2.256346153846069,1.3662581819754354,0.0,42.990522059107654,2.588966474756952e-05,1.181254833143628,0.005000103523673291,0.2704358436429683,0.895238155172435
2.2568461538460687,1.3669984809698401,0.0,42.97591331439177,2.580105900175521e-05,1.1815902198804722,0.005000102918751337,0.27046693620073325,0.8948501021803628
2.257346153846069,1.3677387799642453,0.0,42.9612774375467,2.5712969242512585e-05,1.181925608762952,0.005000102319031021,0.2704980287584983,0.8944613293247109
2.257846153846069,1.368479078958651,0.0,42.946614429788085,2.5625391934477463e-05,1.1822609997920734,0.00500010172446003,0.27052912131626333,0.8940718365905415
2.2583461538460687,1.3692193779530557,0.0,42.9319242924129,2.553832354228569e-05,1.1825963929688432,0.005000101134986429,0.27056021387402834,0.8936816239629075
2.2588461538460685,1.3699596769474605,0.0,42.91720702672944,2.5451760530572944e-05,1.1829317882942683,0.005000100550558657,0.27059130643179335,0.8932906914268528
2.2593461538460686,1.3706999759418657,0.0,42.9024626340986,2.5365699363974883e-05,1.1832671857693553,0.005000099971125529,0.27062239898955837,0.8928990389674127
2.259846153846069,1.3714402749362713,0.0,42.88769111593386,2.5280136507127364e-05,1.1836025853951107,0.0050000993966362265,0.2706534915473234,0.8925066665696145
2.2603461538460685,1.372180573930676,0.0,42.87289247367259,2.5195068424666197e-05,1.1839379871725408,0.005000098827040297,0.2706845841050884,0.8921135742184765
2.2608461538460682,1.3729208729250808,0.0,42.85806670879251,2.5110491581227064e-05,1.1842733911026526,0.005000098262287653,0.2707156766628534,0.8917197618990077
2.2613461538460684,1.373661171919486,0.0,42.84321382281585,2.5026402441445654e-05,1.1846087971864532,0.005000097702328568,0.2707467692206184,0.8913252295962085
2.2618461538460686,1.3744014709138916,0.0,42.82833381730945,2.4942797469957785e-05,1.1849442054249486,0.00500009714711367,0.2707778617783834,0.8909299772950715
2.2623461538460683,1.375141769908296,0.0,42.8134266938724,2.4859673131399297e-05,1.1852796158191454,0.005000096596593947,0.27080895433614843,0.89053400498058
2.262846153846068,1.3758820689027007,0.0,42.79849245416084,2.4777025890405854e-05,1.1856150283700504,0.005000096050720733,0.27084004689391344,0.8901373126377086
2.263346153846068,1.3766223678971063,0.0,42.78353109984268,2.4694852211613145e-05,1.1859504430786705,0.005000095509445715,0.27087113945167846,0.8897399002514226
2.2638461538460684,1.3773626668915115,0.0,42.76854263265532,2.4613148559657004e-05,1.1862858599460122,0.005000094972720925,0.27090223200944347,0.8893417678066796
2.264346153846068,1.3781029658859163,0.0,42.75352705436036,2.4531911399173253e-05,1.1866212789730817,0.005000094440498737,0.2709333245672085,0.8889429152884287
2.264846153846068,1.378843264880321,0.0,42.73848436676841,2.4451137194797576e-05,1.186956700160886,0.005000093912731869,0.2709644171249735,0.888543342681609
2.265346153846068,1.3795835638747267,0.0,42.72341457171855,2.4370822411165643e-05,1.1872921235104321,0.005000093389373373,0.2709955096827385,0.8881430499711513
2.265846153846068,1.380323862869132,0.0,42.708317671103025,2.4290963512913294e-05,1.1876275490227264,0.0050000928703766365,0.2710266022405035,0.8877420371419784
2.266346153846068,1.3810641618635366,0.0,42.69319366685497,2.4211556964676347e-05,1.187962976698775,0.0050000923556953805,0.2710576947982685,0.8873403041790044
2.2668461538460676,1.3818044608579414,0.0,42.678042560948455,2.4132599231090487e-05,1.1882984065395847,0.005000091845283655,0.27108878735603353,0.8869378510671342
2.2673461538460677,1.382544759852347,0.0,42.66286435539036,2.4054086776791397e-05,1.1886338385461628,0.005000091339095834,0.2711198799137986,0.8865346777912634
2.267846153846068,1.3832850588467522,0.0,42.64765905222036,2.397601606641491e-05,1.1889692727195156,0.00500009083708662,0.2711509724715636,0.8861307843362798
2.2683461538460676,1.384025357841157,0.0,42.63242665354389,2.389838356459684e-05,1.1893047090606494,0.005000090339211033,0.27118206502932857,0.8857261706870627
2.2688461538460674,1.3847656568355617,0.0,42.61716716149926,2.382118573597287e-05,1.189640147570571,0.005000089845424413,0.2712131575870936,0.8853208368284824
2.2693461538460675,1.385505955829967,0.0,42.60188057825369,2.3744419045178696e-05,1.1899755882502874,0.005000089355682414,0.2712442501448586,0.8849147827453995
2.2698461538460677,1.3862462548243726,0.0,42.586566906040254,2.3668079956850136e-05,1.190311031100805,0.005000088869941005,0.27127534270262366,0.8845080084226673
2.2703461538460674,1.3869865538187773,0.0,42.57122614709226,2.3592164935623e-05,1.1906464761231301,0.005000088388156464,0.27130643526038867,0.88410051384513
2.270846153846067,1.387726852813182,0.0,42.55585830372129,2.3516670446132995e-05,1.1909819233182697,0.005000087910285378,0.2713375278181536,0.883692298997623
2.2713461538460673,1.3884671518075873,0.0,42.540463378280265,2.3441592953015797e-05,1.1913173726872306,0.005000087436284638,0.2713686203759187,0.8832833638649723
2.2718461538460675,1.389207450801993,0.0,42.525041373130776,2.3366928920907225e-05,1.1916528242310194,0.005000086966111438,0.2713997129336837,0.8828737084319962
2.272346153846067,1.3899477497963977,0.0,42.50959229070868,2.3292674814443104e-05,1.191988277950642,0.005000086499723271,0.2714308054914487,0.8824633326835044
2.272846153846067,1.3906880487908024,0.0,42.494116133479025,2.3218827098259128e-05,1.1923237338471058,0.00500008603707793,0.2714618980492137,0.8820522366042973
2.273346153846067,1.3914283477852076,0.0,42.478612903944374,2.3145382236990967e-05,1.1926591919214173,0.005000085578133499,0.27149299060697873,0.8816404201791661
2.2738461538460673,1.3921686467796128,0.0,42.46308260464889,2.3072336695274463e-05,1.1929946521745833,0.005000085122848357,0.27152408316474375,0.8812278833928942
2.274346153846067,1.3929089457740176,0.0,42.447525238202985,2.299968693774542e-05,1.1933301146076098,0.005000084671181172,0.27155517572250876,0.8808146262302565
2.2748461538460667,1.3936492447684223,0.0,42.43194080721377,2.2927429429039528e-05,1.1936655792215038,0.0050000842230909,0.2715862682802737,0.8804006486760185
2.275346153846067,1.394389543762828,0.0,42.41632931437512,2.2855560633792487e-05,1.1940010460172725,0.00500008377853678,0.2716173608380388,0.8799859507149366
2.275846153846067,1.3951298427572332,0.0,42.40069076239,2.2784077016640103e-05,1.1943365149959217,0.005000083337478333,0.2716484533958038,0.8795705323317599
2.2763461538460668,1.395870141751638,0.0,42.3850251540237,2.271297504221821e-05,1.1946719861584583,0.005000082899875364,0.2716795459535688,0.8791543935112278
2.2768461538460665,1.3966104407460427,0.0,42.369332492071145,2.264225117516248e-05,1.1950074595058888,0.00500008246568795,0.2717106385113338,0.8787375342380712
2.2773461538460666,1.3973507397404483,0.0,42.35361277936924,2.2571901880108617e-05,1.1953429350392206,0.0050000820348764475,0.2717417310690988,0.8783199544970116
2.277846153846067,1.3980910387348535,0.0,42.337866018805066,2.250192362169243e-05,1.1956784127594595,0.005000081607401482,0.27177282362686384,0.8779016542727633
2.2783461538460665,1.3988313377292583,0.0,42.32209221331185,2.2432312864549743e-05,1.1960138926676123,0.0050000811832239525,0.27180391618462885,0.8774826335500312
2.2788461538460663,1.399571636723663,0.0,42.30629136585267,2.236306607331624e-05,1.1963493747646856,0.005000080762305023,0.27183500874239386,0.877062892313511
2.2793461538460664,1.4003119357180682,0.0,42.290463479428674,2.2294179712627623e-05,1.1966848590516865,0.005000080344606126,0.27186610130015887,0.8766424305478897
2.2798461538460666,1.4010522347124739,0.0,42.27460855709956,2.2225650247119697e-05,1.1970203455296213,0.005000079930088955,0.2718971938579239,0.8762212482378464
2.2803461538460663,1.4017925337068786,0.0,42.25872660195912,2.2157474141428293e-05,1.1973558341994965,0.005000079518715465,0.2719282864156889,0.8757993453680512
2.280846153846066,1.4025328327012834,0.0,42.24281761714343,2.2089647860189085e-05,1.197691325062319,0.00500007911044787,0.2719593789734539,0.8753767219231651
2.281346153846066,1.4032731316956886,0.0,42.22688160582687,2.202216786803778e-05,1.1980268181190954,0.005000078705248641,0.2719904715312189,0.8749533778878403
2.2818461538460664,1.4040134306900942,0.0,42.210918571234345,2.1955030629610185e-05,1.198362313370832,0.005000078303080503,0.2720215640889839,0.8745293132467213
2.282346153846066,1.404753729684499,0.0,42.19492851663324,2.1888232609542123e-05,1.198697810818536,0.005000077903906433,0.27205265664674894,0.8741045279844428
2.282846153846066,1.4054940286789037,0.0,42.17891144532527,2.1821770272469286e-05,1.1990333104632134,0.005000077507689657,0.27208374920451395,0.8736790220856318
2.283346153846066,1.406234327673309,0.0,42.16286736066287,2.1755640083027357e-05,1.1993688123058714,0.005000077114393651,0.27211484176227896,0.873252795534905
2.283846153846066,1.4069746266677141,0.0,42.14679626602473,2.1689838505852166e-05,1.1997043163475167,0.005000076723982134,0.27214593432004397,0.8728258483168717
2.284346153846066,1.4077149256621189,0.0,42.130698164856696,2.1624362005579513e-05,1.2000398225891553,0.0050000763364190706,0.272177026877809,0.8723981804161329
2.2848461538460656,1.4084552246565236,0.0,42.1145730606432,2.1559207046845097e-05,1.200375331031794,0.005000075951668665,0.272208119435574,0.87196979181728
2.2853461538460658,1.4091955236509293,0.0,42.09841879249686,2.1494557198661574e-05,1.2007108418348522,0.005000075571005851,0.272239211993339,0.8715406823021203
2.285846153846066,1.4099358226453345,0.0,42.08223504932944,2.143044560692289e-05,1.2010463550224628,0.005000075194643794,0.272270304551104,0.8711108518245594
2.2863461538460657,1.4106761216397392,0.0,42.06602417530835,2.1366671085573988e-05,1.2013818704243642,0.0050000748211592345,0.272301397108869,0.8706803005879611
2.2868461538460654,1.411416420634144,0.0,42.04978616639167,2.130323236357026e-05,1.2017173880421326,0.005000074450532077,0.27233248966663404,0.8702490285760833
2.2873461538460655,1.4121567196285496,0.0,42.033521018590775,2.124012816986708e-05,1.202052907877344,0.005000074082742343,0.2723635822243991,0.8698170357726707
2.2878461538460657,1.4128970186229548,0.0,42.01722872796237,2.117735723341996e-05,1.202388429931574,0.005000073717770166,0.2723946747821641,0.8693843221614553
2.2883461538460654,1.4136373176173596,0.0,42.00090929062067,2.111491828318439e-05,1.2027239542063979,0.005000073355595796,0.27242576733992907,0.8689508877261553
2.288846153846065,1.4143776166117643,0.0,41.984562702729406,2.105281004811576e-05,1.203059480703392,0.005000072996199596,0.2724568598976941,0.8685167324504743
2.2893461538460653,1.4151179156061695,0.0,41.96818896048966,2.0991031257169456e-05,1.2033950094241324,0.005000072639562043,0.2724879524554591,0.8680818563181031
2.2898461538460655,1.4158582146005751,0.0,41.95178806018067,2.0929580639300975e-05,1.2037305403701941,0.005000072285663725,0.27251904501322416,0.8676462593127191
2.290346153846065,1.41659851359498,0.0,41.93535999809066,2.086845692346581e-05,1.204066073543153,0.0050000719344853424,0.27255013757098917,0.8672099414179862
2.290846153846065,1.4173388125893847,0.0,41.9189047705821,2.0807658838619355e-05,1.204401608944585,0.005000071586007709,0.2725812301287541,0.866772902617554
2.291346153846065,1.4180791115837899,0.0,41.90242237407144,2.074718511371699e-05,1.2047371465760663,0.005000071240211749,0.2726123226865192,0.8663351428950584
2.2918461538460653,1.4188194105781955,0.0,41.885912805004686,2.0687034477714222e-05,1.2050726864391723,0.005000070897078495,0.2726434152442842,0.8658966622341229
2.292346153846065,1.4195597095726002,0.0,41.86937605990641,2.0627205659566536e-05,1.2054082285354786,0.005000070556589091,0.2726745078020492,0.8654574606183565
2.2928461538460647,1.420300008567005,0.0,41.85281213532686,2.0567697388229326e-05,1.205743772866561,0.0050000702187247914,0.2727056003598142,0.8650175380313552
2.293346153846065,1.4210403075614102,0.0,41.83622102787056,2.0508508392657983e-05,1.2060793194339956,0.005000069883466957,0.27273669291757924,0.8645768944567003
2.293846153846065,1.4217806065558158,0.0,41.8196027342045,2.0449637401807994e-05,1.206414868239358,0.005000069550797058,0.27276778547534425,0.8641355298779606
2.2943461538460648,1.4225209055502206,0.0,41.80295725103383,2.0391083144634862e-05,1.206750419284224,0.005000069220696674,0.27279887803310926,0.8636934442786912
2.2948461538460645,1.423261204544625,0.0,41.78628457511413,2.0332844350093974e-05,1.207085972570169,0.005000068893147488,0.2728299705908742,0.8632506376424337
2.2953461538460647,1.4240015035390305,0.0,41.76958470327584,2.027491974714072e-05,1.2074215280987695,0.005000068568131293,0.2728610631486393,0.8628071099527149
2.295846153846065,1.4247418025334357,0.0,41.75285763236345,2.0217308064730592e-05,1.2077570858716007,0.005000068245629986,0.2728921557064043,0.8623628611930496
2.2963461538460646,1.4254821015278405,0.0,41.73610335928834,2.0160008031819086e-05,1.2080926458902383,0.00500006792562557,0.2729232482641693,0.8619178913469383
2.2968461538460643,1.4262224005222452,0.0,41.71932188102077,2.010301837736159e-05,1.2084282081562583,0.005000067608100152,0.2729543408219343,0.8614722003978682
2.2973461538460644,1.426962699516651,0.0,41.70251319456557,2.00463378303135e-05,1.2087637726712368,0.005000067293035947,0.2729854333796993,0.8610257883293118
2.2978461538460646,1.427702998511056,0.0,41.68567729699065,1.9989965119630303e-05,1.2090993394367493,0.005000066980415268,0.27301652593746434,0.8605786551247293
2.2983461538460643,1.4284432975054608,0.0,41.66881418541489,1.9933898974267498e-05,1.2094349084543712,0.005000066670220535,0.27304761849522935,0.8601308007675674
2.298846153846064,1.4291835964998656,0.0,41.65192385700418,1.987813812318047e-05,1.2097704797256783,0.005000066362434272,0.27307871105299436,0.8596822252412589
2.2993461538460642,1.4299238954942712,0.0,41.6350063089674,1.9822681295324614e-05,1.2101060532522472,0.0050000660570391,0.27310980361075937,0.8592329285292215
2.2998461538460644,1.4306641944886764,0.0,41.61806153857687,1.9767527219655427e-05,1.2104416290356532,0.005000065754017746,0.2731408961685244,0.8587829106148613
2.300346153846064,1.4314044934830812,0.0,41.60108954316425,1.971267462512839e-05,1.2107772070774716,0.005000065453353037,0.2731719887262894,0.858332171481571
2.300846153846064,1.432144792477486,0.0,41.58409032008827,1.9658122240698904e-05,1.2111127873792784,0.005000065155027899,0.2732030812840544,0.8578807111127282
2.301346153846064,1.4328850914718911,0.0,41.567063866767235,1.960386879532236e-05,1.2114483699426501,0.005000064859025359,0.2732341738418194,0.857428529491697
2.301846153846064,1.4336253904662968,0.0,41.55001018069525,1.954991301795425e-05,1.2117839547691618,0.005000064565328543,0.2732652663995845,0.8569756266018292
2.302346153846064,1.4343656894607015,0.0,41.53292925937756,1.949625363755006e-05,1.212119541860389,0.0050000642739206754,0.27329635895734944,0.8565220024264627
2.3028461538460636,1.4351059884551063,0.0,41.515821100399414,1.944288938306519e-05,1.212455131217908,0.00500006398478508,0.27332745151511445,0.8560676569489207
2.303346153846064,1.4358462874495115,0.0,41.498685701397854,1.938981898345503e-05,1.2127907228432944,0.005000063697905176,0.27335854407287946,0.8556125901525137
2.303846153846064,1.4365865864439171,0.0,41.48152306004554,1.933704116767507e-05,1.2131263167381243,0.005000063413264483,0.27338963663064453,0.855156802020538
2.3043461538460637,1.4373268854383219,0.0,41.46433317407518,1.9284554664680803e-05,1.2134619129039728,0.005000063130846614,0.27342072918840954,0.8547002925362779
2.3048461538460634,1.4380671844327266,0.0,41.44711604127148,1.9232358203427618e-05,1.2137975113424158,0.005000062850635279,0.2734518217461745,0.8542430616830026
2.3053461538460636,1.4388074834271318,0.0,41.42987165947931,1.9180450512870915e-05,1.2141331120550298,0.005000062572614283,0.27348291430393956,0.853785109443967
2.3058461538460637,1.439547782421537,0.0,41.4126000265755,1.9128830321966182e-05,1.21446871504339,0.005000062296767527,0.2735140068617046,0.8533264358024146
2.3063461538460635,1.4402880814159418,0.0,41.39530114050527,1.9077496359668906e-05,1.214804320309072,0.005000062023079005,0.27354509941946953,0.852867040741574
2.306846153846063,1.4410283804103465,0.0,41.37797499927426,1.9026447354934486e-05,1.2151399278536517,0.005000061751532806,0.27357619197723454,0.8524069242446606
2.3073461538460633,1.4417686794047522,0.0,41.36062160092435,1.8975682036718315e-05,1.2154755376787054,0.005000061482113111,0.2736072845349996,0.851946086294875
2.3078461538460635,1.4425089783991574,0.0,41.34324094354584,1.892519913397588e-05,1.2158111497858084,0.005000061214804193,0.2736383770927646,0.8514845268754062
2.3083461538460632,1.4432492773935621,0.0,41.32583302529777,1.887499737566267e-05,1.216146764176536,0.005000060949590419,0.27366946965052963,0.851022245969429
2.308846153846063,1.4439895763879669,0.0,41.30839784437161,1.8825075490734083e-05,1.2164823808524647,0.005000060686456246,0.2737005622082946,0.8505592435601034
2.309346153846063,1.4447298753823725,0.0,41.29093539904389,1.8775432208145517e-05,1.2168179998151705,0.005000060425386222,0.27373165476605965,0.8500955196305764
2.3098461538460633,1.4454701743767777,0.0,41.27344568761158,1.8726066256852455e-05,1.2171536210662284,0.005000060166364985,0.27376274732382466,0.8496310741639825
2.310346153846063,1.4462104733711825,0.0,41.25592870844073,1.8676976365810388e-05,1.2174892446072143,0.005000059909377266,0.2737938398815897,0.8491659071434416
2.3108461538460627,1.4469507723655872,0.0,41.23838445994628,1.8628161263974707e-05,1.2178248704397043,0.005000059654407879,0.2738249324393547,0.84870001855206
2.311346153846063,1.4476910713599924,0.0,41.22081294058816,1.8579619680300816e-05,1.2181604985652743,0.005000059401441732,0.2738560249971197,0.8482334083729304
2.311846153846063,1.448431370354398,0.0,41.2032141488996,1.85313503437442e-05,1.2184961289854996,0.00500005915046382,0.2738871175548847,0.8477660765891324
2.312346153846063,1.4491716693488028,0.0,41.18558808345085,1.8483351983260347e-05,1.2188317617019562,0.005000058901459223,0.2739182101126497,0.8472980231837317
2.3128461538460625,1.4499119683432076,0.0,41.16793474287356,1.8435623327804647e-05,1.2191673967162195,0.005000058654413112,0.27394930267041473,0.8468292481397808
2.3133461538460627,1.4506522673376128,0.0,41.15025412584465,1.838816310633251e-05,1.2195030340298663,0.005000058409310741,0.27398039522817974,0.8463597514403169
2.313846153846063,1.4513925663320184,0.0,41.132546231098495,1.8340970047799415e-05,1.2198386736444713,0.00500005816613745,0.27401148778594475,0.8458895330683662
2.3143461538460626,1.4521328653264232,0.0,41.11481105742303,1.8294042881160846e-05,1.2201743155616107,0.005000057924878668,0.27404258034370976,0.8454185930069397
2.3148461538460623,1.452873164320828,0.0,41.09704860366783,1.8247380335372202e-05,1.22050995978286,0.005000057685519904,0.2740736729014748,0.8449469312390354
2.3153461538460625,1.4536134633152331,0.0,41.079258868720025,1.820098113938889e-05,1.2208456063097954,0.005000057448046755,0.2741047654592398,0.8444745477476366
2.3158461538460626,1.4543537623096388,0.0,41.061441851528585,1.8154844022166386e-05,1.2211812551439927,0.005000057212444898,0.2741358580170048,0.8440014425157143
2.3163461538460624,1.4550940613040435,0.0,41.04359755110437,1.8108967712660178e-05,1.2215169062870272,0.005000056978700097,0.2741669505747698,0.8435276155262257
2.316846153846062,1.4558343602984478,0.0,41.02572596649605,1.8063350939825665e-05,1.2218525597404748,0.0050000567467981955,0.2741980431325348,0.8430530667621143
2.3173461538460622,1.4565746592928535,0.0,41.00782709682241,1.801799243261825e-05,1.2221882155059116,0.00500005651672512,0.27422913569029983,0.8425777962063092
2.3178461538460624,1.4573149582872587,0.0,40.989900941244244,1.7972890919993412e-05,1.222523873584913,0.00500005628846688,0.27426022824806484,0.8421018038417271
2.318346153846062,1.4580552572816634,0.0,40.97194749898054,1.7928045130906636e-05,1.2228595339790551,0.005000056062009562,0.27429132080582985,0.8416250896512704
2.318846153846062,1.4587955562760682,0.0,40.953966769312565,1.788345379431333e-05,1.223195196689913,0.0050000558373393365,0.27432241336359486,0.8411476536178285
2.319346153846062,1.4595358552704738,0.0,40.93595875155181,1.783911563916888e-05,1.2235308617190637,0.005000055614442452,0.2743535059213599,0.8406694957242756
2.319846153846062,1.460276154264879,0.0,40.91792344509228,1.7795029394428787e-05,1.223866529068082,0.005000055393305237,0.2743845984791249,0.8401906159534747
2.320346153846062,1.4610164532592838,0.0,40.89986084937447,1.775119378904852e-05,1.2242021987385436,0.005000055173914098,0.2744156910368899,0.8397110142882735
2.3208461538460616,1.4617567522536885,0.0,40.88177096388539,1.7707607551983483e-05,1.2245378707320245,0.00500005495625552,0.2744467835946549,0.8392306907115072
2.321346153846062,1.4624970512480941,0.0,40.86365378816668,1.7664269412189083e-05,1.224873545050101,0.005000054740316066,0.2744778761524199,0.8387496452059956
2.321846153846062,1.4632373502424993,0.0,40.845509321830825,1.7621178098620798e-05,1.2252092216943482,0.005000054526082374,0.274508968710185,0.8382678777545469
2.3223461538460617,1.463977649236904,0.0,40.82733756451296,1.7578332340234116e-05,1.225544900666342,0.00500005431354116,0.27454006126794994,0.8377853883399552
2.3228461538460614,1.4647179482313089,0.0,40.809138515943296,1.7535730865984426e-05,1.2258805819676581,0.005000054102679217,0.27457115382571495,0.8373021769450002
2.3233461538460616,1.465458247225714,0.0,40.79091217587489,1.7493372404827147e-05,1.226216265599873,0.005000053893483411,0.27460224638347996,0.8368182435524482
2.3238461538460617,1.4661985462201197,0.0,40.77265854414394,1.745125568571775e-05,1.2265519515645615,0.005000053685940685,0.27463333894124503,0.8363335881450529
2.3243461538460615,1.4669388452145244,0.0,40.754377620609695,1.7409379437611717e-05,1.2268876398632997,0.005000053480038054,0.27466443149901004,0.8358482107055536
2.324846153846061,1.4676791442089292,0.0,40.73606940520269,1.7367742389464453e-05,1.2272233304976634,0.005000053275762609,0.274695524056775,0.8353621112166761
2.3253461538460614,1.4684194432033344,0.0,40.7177338979288,1.7326343270231362e-05,1.2275590234692286,0.005000053073101512,0.27472661661454006,0.8348752896611322
2.3258461538460615,1.46915974219774,0.0,40.699371098805166,1.7285180808867927e-05,1.227894718779571,0.005000052872041999,0.2747577091723051,0.8343877460216207
2.3263461538460612,1.4699000411921448,0.0,40.68098100794851,1.724425373432962e-05,1.228230416430266,0.005000052672571378,0.2747888017300701,0.833899480280827
2.326846153846061,1.4706403401865495,0.0,40.662563625499025,1.7203560775571854e-05,1.2285661164228894,0.005000052474677029,0.2748198942878351,0.8334104924214227
2.327346153846061,1.4713806391809547,0.0,40.64411895166457,1.716310066155003e-05,1.2289018187590177,0.005000052278346401,0.2748509868456001,0.8329207824260645
2.3278461538460613,1.47212093817536,0.0,40.625646986716724,1.712287212121963e-05,1.229237523440226,0.005000052083567016,0.2748820794033651,0.8324303502773975
2.328346153846061,1.4728612371697647,0.0,40.60714773097483,1.7082873883536125e-05,1.22957323046809,0.005000051890326464,0.27491317196113013,0.8319391959580524
2.3288461538460608,1.4736015361641694,0.0,40.58862118480612,1.7043104677454926e-05,1.2299089398441856,0.005000051698612405,0.2749442645188951,0.8314473194506462
2.329346153846061,1.474341835158575,0.0,40.57006734865781,1.7003563231931438e-05,1.230244651570089,0.005000051508412568,0.27497535707666015,0.8309547207377814
2.329846153846061,1.4750821341529803,0.0,40.5514862230011,1.6964248275921146e-05,1.2305803656473757,0.005000051319714751,0.27500644963442517,0.8304613998020489
2.330346153846061,1.475822433147385,0.0,40.532877808391355,1.6925158538379515e-05,1.230916082077621,0.00500005113250682,0.2750375421921902,0.8299673566260248
2.3308461538460605,1.4765627321417898,0.0,40.514242105424124,1.688629274826196e-05,1.2312518008624012,0.005000050946776705,0.2750686347499552,0.8294725911922716
2.3313461538460607,1.4773030311361954,0.0,40.49557911474325,1.6847649634523885e-05,1.2315875220032924,0.005000050762512406,0.2750997273077202,0.8289771034833373
2.331846153846061,1.4780433301306006,0.0,40.47688883708094,1.680922792612077e-05,1.2319232455018696,0.0050000505797019885,0.2751308198654852,0.8284808934817587
2.3323461538460606,1.4787836291250054,0.0,40.45817127319788,1.677102635200809e-05,1.2322589713597087,0.005000050398333584,0.2751619124232502,0.8279839611700573
2.3328461538460603,1.4795239281194101,0.0,40.43942642392323,1.6733043641141252e-05,1.2325946995783856,0.005000050218395387,0.27519300498101523,0.8274863065307415
2.3333461538460605,1.4802642271138153,0.0,40.42065429013082,1.6695278522475664e-05,1.2329304301594766,0.005000050039875659,0.27522409753878024,0.826987929546305
2.3338461538460606,1.481004526108221,0.0,40.401854872767146,1.66577297249668e-05,1.2332661631045567,0.0050000498627627244,0.27525519009654525,0.8264888301992295
2.3343461538460604,1.4817448251026257,0.0,40.38302817282751,1.6620395977570144e-05,1.233601898415202,0.005000049687044972,0.27528628265431027,0.8259890084719823
2.33484615384606,1.4824851240970305,0.0,40.36417419136005,1.658327600924109e-05,1.2339376360929881,0.005000049512710852,0.2753173752120753,0.8254884643470174
2.3353461538460603,1.4832254230914357,0.0,40.34529292947388,1.6546368548935064e-05,1.2342733761394913,0.0050000493397488795,0.2753484677698403,0.8249871978067744
2.3358461538460604,1.4839657220858413,0.0,40.32638438835108,1.6509672325607528e-05,1.2346091185562869,0.00500004916814763,0.27537956032760535,0.8244852088336803
2.33634615384606,1.484706021080246,0.0,40.30744856918697,1.6473186068213964e-05,1.2349448633449502,0.00500004899789574,0.2754106528853703,0.8239824974101488
2.33684615384606,1.4854463200746508,0.0,40.28848547328989,1.643690850570978e-05,1.2352806105070577,0.005000048828981908,0.2754417454431353,0.8234790635185785
2.33734615384606,1.486186619069056,0.0,40.26949510197762,1.6400838367050382e-05,1.2356163600441854,0.005000048661394893,0.27547283800090033,0.8229749071413546
2.33784615384606,1.4869269180634617,0.0,40.250477456665166,1.636497438119125e-05,1.2359521119579087,0.0050000484951235125,0.2755039305586654,0.8224700282608499
2.33834615384606,1.487667217057866,0.0,40.23143253877714,1.6329315277087852e-05,1.236287866249803,0.005000048330156645,0.27553502311643036,0.8219644268594236
2.3388461538460597,1.4884075160522707,0.0,40.21236034985149,1.6293859783695602e-05,1.2366236229214442,0.005000048166483227,0.27556611567419537,0.8214581029194202
2.33934615384606,1.4891478150466764,0.0,40.19326089145583,1.6258606629969913e-05,1.2369593819744087,0.005000048004092254,0.27559720823196043,0.8209510564231706
2.33984615384606,1.4898881140410816,0.0,40.17413416519163,1.6223554544866255e-05,1.237295143410272,0.00500004784297278,0.27562830078972544,0.8204432873529927
2.3403461538460597,1.4906284130354863,0.0,40.15498017276589,1.61887022573401e-05,1.237630907230609,0.005000047683113913,0.27565939334749046,0.8199347956911915
2.3408461538460594,1.491368712029891,0.0,40.13579891589969,1.615404849634686e-05,1.2379666734369965,0.005000047524504822,0.2756904859052554,0.819425581420057
2.3413461538460596,1.4921090110242967,0.0,40.11659039641583,1.611959199084195e-05,1.2383024420310103,0.00500004736713473,0.2757215784630205,0.8189156445218655
2.3418461538460598,1.492849310018702,0.0,40.09735461615533,1.608533146978084e-05,1.2386382130142257,0.005000047210992916,0.2757526710207855,0.8184049849788808
2.3423461538460595,1.4935896090131067,0.0,40.07809157703721,1.6051265662118998e-05,1.2389739863882183,0.005000047056068716,0.2757837635785505,0.8178936027733534
2.342846153846059,1.4943299080075114,0.0,40.058801281030775,1.6017393296811845e-05,1.2393097621545641,0.005000046902351518,0.27581485613631546,0.817381497887519
2.3433461538460594,1.495070207001917,0.0,40.03948373018342,1.5983713102814783e-05,1.2396455403148392,0.005000046749830767,0.2758459486940805,0.8168686703035994
2.3438461538460595,1.4958105059963223,0.0,40.020138926569146,1.5950223809083294e-05,1.2399813208706192,0.0050000465984959604,0.27587704125184553,0.816355120003804
2.3443461538460593,1.496550804990727,0.0,40.00076687234422,1.5916924144572846e-05,1.2403171038234795,0.005000046448336649,0.27590813380961055,0.8158408469703284
2.344846153846059,1.4972911039851318,0.0,39.98136756971152,1.5883812838238846e-05,1.2406528891749962,0.005000046299342438,0.27593922636737556,0.8153258511853541
2.345346153846059,1.498031402979537,0.0,39.96194102094447,1.5850888619036714e-05,1.240988676926745,0.005000046151502982,0.27597031892514057,0.8148101326310487
2.3458461538460593,1.4987717019739426,0.0,39.942487228351325,1.581815021592192e-05,1.241324467080302,0.005000046004807991,0.2760014114829056,0.814293691289567
2.346346153846059,1.4995120009683474,0.0,39.92300619433887,1.578559635784993e-05,1.2416602596372424,0.0050000458592472236,0.2760325040406706,0.8137765271430504
2.3468461538460588,1.5002522999627521,0.0,39.903497921333,1.5753225773776163e-05,1.241996054599142,0.00500004571481049,0.2760635965984356,0.8132586401736259
2.347346153846059,1.5009925989571573,0.0,39.883962411838446,1.572103719265603e-05,1.2423318519675772,0.005000045571487652,0.2760946891562006,0.8127400303634064
2.347846153846059,1.501732897951563,0.0,39.86439966841498,1.5689029343445e-05,1.2426676517441233,0.0050000454292686205,0.2761257817139656,0.8122206976944927
2.348346153846059,1.5024731969459677,0.0,39.84480969368945,1.565720095509855e-05,1.2430034539303558,0.005000045288143355,0.27615687427173063,0.8117006421489714
2.3488461538460585,1.5032134959403725,0.0,39.82519249032406,1.5625550756572087e-05,1.243339258527851,0.0050000451481018665,0.27618796682949565,0.8111798637089147
2.3493461538460587,1.5039537949347777,0.0,39.805548061072066,1.5594077476821027e-05,1.2436750655381847,0.005000045009134211,0.27621905938726066,0.8106583623563819
2.349846153846059,1.5046940939291829,0.0,39.78587640872227,1.556277984480084e-05,1.2440108749629324,0.005000044871230495,0.27625015194502567,0.8101361380734189
2.3503461538460586,1.5054343929235876,0.0,39.7661775361388,1.5531656589466998e-05,1.2443466868036697,0.0050000447343808724,0.2762812445027907,0.809613190842058
2.3508461538460583,1.5061746919179924,0.0,39.74645144622946,1.5500706439774914e-05,1.2446825010619724,0.0050000445985755445,0.2763123370605557,0.8090895206443172
2.3513461538460585,1.506914990912398,0.0,39.72669814197355,1.5469928124679996e-05,1.245018317739417,0.005000044463804757,0.2763434296183207,0.8085651274622007
2.3518461538460587,1.5076552899068032,0.0,39.70691762640615,1.5439320373137727e-05,1.2453541368375785,0.005000044330058804,0.2763745221760857,0.8080400112777004
2.3523461538460584,1.508395588901208,0.0,39.6871099026221,1.5408881914103566e-05,1.2456899583580328,0.005000044197328025,0.2764056147338507,0.8075141720727939
2.352846153846058,1.5091358878956127,0.0,39.66727497378403,1.537861147653293e-05,1.2460257823023555,0.005000044065602803,0.27643670729161574,0.8069876098294451
2.3533461538460583,1.5098761868900183,0.0,39.64741284309079,1.5348507789381235e-05,1.2463616086721232,0.005000043934873569,0.27646779984938075,0.8064603245296034
2.3538461538460584,1.5106164858844235,0.0,39.62752351383295,1.5318569581603953e-05,1.2466974374689108,0.005000043805130796,0.27649889240714576,0.8059323161552068
2.354346153846058,1.5113567848788283,0.0,39.607606989337434,1.528879558215655e-05,1.2470332686942944,0.0050000436763650005,0.27652998496491077,0.8054035846881777
2.354846153846058,1.512097083873233,0.0,39.5876632730072,1.525918451999444e-05,1.2473691023498497,0.005000043548566744,0.2765610775226758,0.8048741301104261
2.355346153846058,1.5128373828676382,0.0,39.56769236828974,1.5229735124073039e-05,1.2477049384371526,0.00500004342172663,0.2765921700804408,0.8043439524038472
2.355846153846058,1.5135776818620439,0.0,39.547694278704725,1.5200446123347818e-05,1.248040776957779,0.005000043295835306,0.27662326263820586,0.803813051550323
2.356346153846058,1.5143179808564486,0.0,39.52766900782443,1.5171316246774242e-05,1.248376617913304,0.0050000431708834584,0.2766543551959708,0.8032814275317238
2.3568461538460577,1.5150582798508534,0.0,39.50761655928958,1.514234422330773e-05,1.248712461305304,0.005000043046861819,0.2766854477537358,0.8027490803299033
2.357346153846058,1.5157985788452586,0.0,39.48753693680152,1.5113528781903696e-05,1.2490483071353549,0.005000042923761158,0.27671654031150084,0.8022160099267026
2.357846153846058,1.5165388778396642,0.0,39.467430144118374,1.5084868651517612e-05,1.249384155405032,0.005000042801572289,0.2767476328692659,0.8016822163039504
2.3583461538460577,1.517279176834069,0.0,39.44729618505515,1.5056362561104938e-05,1.249720006115911,0.005000042680286063,0.2767787254270309,0.801147699443461
2.3588461538460574,1.5180194758284737,0.0,39.42713506348771,1.5028009239621096e-05,1.250055859269568,0.0050000425598933735,0.27680981798479587,0.8006124593270343
2.3593461538460576,1.518759774822879,0.0,39.40694505523994,1.4999923029080479e-05,1.2503917149983093,0.005000042441036819,0.2768409105425609,0.800076495727696
2.359846153846058,1.5195000738172841,0.0,39.38672438931503,1.4972219473165451e-05,1.250727573438122,0.005000042324363416,0.27687200310032595,0.7995398084114513
2.3603461538460575,1.520240372811689,0.0,39.36647666477585,1.4944655790430102e-05,1.2510634343186882,0.005000042208501801,0.2769030956580909,0.7990023977937046
2.3608461538460572,1.5209806718060936,0.0,39.346201873503034,1.4917231509515532e-05,1.2513992976425081,0.005000042093447694,0.2769341882158559,0.7984642638547628
2.3613461538460574,1.5217209708004993,0.0,39.325900007407505,1.488994615906284e-05,1.2517351634120828,0.005000041979196834,0.276965280773621,0.7979254065749106
2.3618461538460576,1.5224612697949045,0.0,39.30557105847406,1.4862799267713177e-05,1.2520710316299124,0.005000041865744983,0.276996373331386,0.7973858259344123
2.3623461538460573,1.5232015687893092,0.0,39.28521501878511,1.4835790364107689e-05,1.2524069022984967,0.0050000417530879195,0.277027465889151,0.7968455219135113
2.362846153846057,1.523941867783714,0.0,39.264831880473565,1.4808918976887478e-05,1.2527427754203369,0.005000041641221442,0.27705855844691596,0.7963044944924272
2.363346153846057,1.5246821667781196,0.0,39.244421635782025,1.4782184634693643e-05,1.2530786509979333,0.005000041530141366,0.277089651004681,0.7957627436513593
2.3638461538460573,1.5254224657725248,0.0,39.223984276976296,1.4755586866167333e-05,1.253414529033786,0.005000041419843528,0.27712074356244604,0.7952202693704862
2.364346153846057,1.5261627647669296,0.0,39.20351979644001,1.4729125199949699e-05,1.2537504095303953,0.005000041310323784,0.27715183612021105,0.7946770716299639
2.364846153846057,1.5269030637613343,0.0,39.18302818660392,1.4702799164681838e-05,1.2540862924902618,0.005000041201578006,0.277182928677976,0.794133150409927
2.365346153846057,1.5276433627557395,0.0,39.16250944000504,1.4676608289004853e-05,1.2544221779158864,0.005000041093602086,0.27721402123574107,0.7935885056904881
2.365846153846057,1.5283836617501452,0.0,39.14196354921208,1.4650552101559893e-05,1.254758065809769,0.005000040986391935,0.2772451137935061,0.7930431374517392
2.366346153846057,1.52912396074455,0.0,39.12139050691204,1.4624630130988102e-05,1.2550939561744097,0.005000040879943482,0.2772762063512711,0.7924970456737512
2.3668461538460566,1.5298642597389547,0.0,39.100790305831794,1.4598841905930584e-05,1.2554298490123093,0.005000040774252672,0.2773072989090361,0.7919502303365717
2.3673461538460567,1.5306045587333599,0.0,39.0801629387971,1.4573186955028442e-05,1.2557657443259684,0.005000040669315472,0.2773383914668011,0.7914026914202276
2.367846153846057,1.5313448577277655,0.0,39.05950839870138,1.454766480692282e-05,1.2561016421178874,0.005000040565127864,0.2773694840245662,0.7908544289047242
2.3683461538460566,1.5320851567221703,0.0,39.0388266785058,1.4522274990254867e-05,1.256437542390566,0.00500004046168585,0.27740057658233114,0.7903054427700467
2.3688461538460563,1.532825455716575,0.0,39.01811777126301,1.4497017033665685e-05,1.2567734451465051,0.005000040358985449,0.27743166914009615,0.7897557329961566
2.3693461538460565,1.5335657547109802,0.0,38.997381670089744,1.4471890465796376e-05,1.2571093503882056,0.005000040257022698,0.27746276169786116,0.7892052995629941
2.3698461538460567,1.5343060537053859,0.0,38.97661836818667,1.4446894815288086e-05,1.2574452581181674,0.005000040155793651,0.2774938542556262,0.7886541424504788
2.3703461538460564,1.5350463526997906,0.0,38.95582785882274,1.4422029610781963e-05,1.2577811683388904,0.00500004005529438,0.2775249468133912,0.7881022616385097
2.370846153846056,1.535786651694195,0.0,38.93501013534714,1.4397294380919108e-05,1.2581170810528757,0.005000039955520975,0.2775560393711562,0.7875496571069618
2.3713461538460563,1.5365269506886006,0.0,38.91416519118163,1.4372688654340625e-05,1.2584529962626239,0.005000039856469543,0.2775871319289212,0.7869963288356893
2.3718461538460565,1.5372672496830058,0.0,38.89329301984018,1.434821195968766e-05,1.258788913970635,0.005000039758136208,0.27761822448668627,0.7864422768045258
2.372346153846056,1.5380075486774105,0.0,38.872393614886086,1.4323863825601358e-05,1.259124834179409,0.005000039660517111,0.2776493170444512,0.7858875009932837
2.372846153846056,1.5387478476718153,0.0,38.85146696998692,1.4299643780722823e-05,1.2594607568914469,0.005000039563608411,0.27768040960221624,0.7853320013817522
2.373346153846056,1.539488146666221,0.0,38.83051307887944,1.4275551353693158e-05,1.2597966821092492,0.005000039467406284,0.2777115021599813,0.7847757779496993
2.3738461538460562,1.540228445660626,0.0,38.809531935354016,1.4251586073153508e-05,1.260132609835316,0.0050000393719069215,0.2777425947177463,0.7842188306768726
2.374346153846056,1.5409687446550309,0.0,38.78852353330573,1.422774746774502e-05,1.2604685400721478,0.0050000392771065326,0.2777736872755113,0.7836611595429972
2.3748461538460557,1.5417090436494356,0.0,38.76748786670318,1.4204035066108798e-05,1.2608044728222447,0.005000039183001344,0.2778047798332763,0.7831027645277775
2.375346153846056,1.5424493426438413,0.0,38.746424929596394,1.4180448396885943e-05,1.2611404080881077,0.0050000390895875955,0.27783587239104135,0.7825436456108947
2.375846153846056,1.5431896416382465,0.0,38.72533471608575,1.4156986988717602e-05,1.2614763458722371,0.005000038996861549,0.27786696494880636,0.7819838027720096
2.3763461538460557,1.5439299406326512,0.0,38.70421722038466,1.4133650370244921e-05,1.2618122861771326,0.005000038904819479,0.27789805750657137,0.7814232359907629
2.3768461538460555,1.544670239627056,0.0,38.683072436749306,1.4110438070109002e-05,1.2621482290052954,0.005000038813457675,0.2779291500643363,0.7808619452467703
2.3773461538460556,1.5454105386214612,0.0,38.661900359564825,1.408734961695095e-05,1.2624841743592257,0.005000038722772448,0.2779602426221014,0.780299930519629
2.377846153846056,1.5461508376158668,0.0,38.640700983235966,1.406438453941191e-05,1.262820122241424,0.005000038632760119,0.2779913351798664,0.7797371917889127
2.3783461538460555,1.5468911366102716,0.0,38.619474302284964,1.4041542366133026e-05,1.26315607265439,0.0050000385434170284,0.2780224277376314,0.7791737290341755
2.3788461538460552,1.5476314356046763,0.0,38.59822031129696,1.4018822625755404e-05,1.2634920256006248,0.0050000384547395325,0.27805352029539643,0.778609542234948
2.3793461538460554,1.5483717345990815,0.0,38.576939004935774,1.3996224846920148e-05,1.263827981082629,0.005000038366724002,0.27808461285316144,0.7780446313707398
2.3798461538460556,1.5491120335934871,0.0,38.55563037795187,1.39737485582684e-05,1.2641639391029027,0.005000038279366824,0.27811570541092645,0.7774789964210393
2.3803461538460553,1.549852332587892,0.0,38.53429442517854,1.3951393288441308e-05,1.2644998996639458,0.005000038192664402,0.27814679796869146,0.7769126373653144
2.380846153846055,1.5505926315822967,0.0,38.51293114150869,1.3929158566079975e-05,1.2648358627682592,0.005000038106613152,0.2781778905264565,0.7763455541830095
2.381346153846055,1.551332930576702,0.0,38.49154052192225,1.3907043919825505e-05,1.2651718284183437,0.005000038021209509,0.2782089830842215,0.7757777468535474
2.3818461538460554,1.5520732295711073,0.0,38.47012256149417,1.3885048878319042e-05,1.2655077966166992,0.005000037936449922,0.2782400756419865,0.7752092153563312
2.382346153846055,1.552813528565512,0.0,38.44867725536719,1.3863172970201734e-05,1.265843767365826,0.005000037852330853,0.2782711681997515,0.7746399596707416
2.382846153846055,1.5535538275599168,0.0,38.42720459875591,1.384141572411468e-05,1.2661797406682247,0.005000037768848783,0.2783022607575165,0.7740699797761373
2.383346153846055,1.5542941265543222,0.0,38.40570458696256,1.381977666869899e-05,1.266515716526396,0.005000037686000205,0.27833335331528153,0.773499275651855
2.383846153846055,1.5550344255487276,0.0,38.38417721536931,1.3798255332595806e-05,1.2668516949428401,0.005000037603781628,0.27836444587304654,0.7729278472772111
2.384346153846055,1.5557747245431324,0.0,38.362622479442315,1.3776851244446271e-05,1.2671876759200569,0.005000037522189574,0.27839553843081155,0.7723556946315009
2.3848461538460546,1.5565150235375371,0.0,38.341040374727946,1.3755563932891491e-05,1.2675236594605472,0.005000037441220583,0.27842663098857656,0.771782817693996
2.3853461538460548,1.5572553225319425,0.0,38.3194308968296,1.3734392926572573e-05,1.267859645566812,0.005000037360871207,0.2784577235463416,0.7712092164439471
2.385846153846055,1.557995621526348,0.0,38.297794041474006,1.3713337754130657e-05,1.268195634241351,0.005000037281138013,0.2784888161041066,0.7706348908605851
2.3863461538460546,1.5587359205207527,0.0,38.27612980442962,1.3692397944206891e-05,1.2685316254866645,0.005000037202017582,0.2785199086618716,0.7700598409231179
2.3868461538460544,1.5594762195151575,0.0,38.254438181572965,1.3671573025442375e-05,1.268867619305253,0.005000037123506511,0.2785510012196366,0.7694840666107319
2.3873461538460545,1.5602165185095627,0.0,38.23271916883813,1.365086252647822e-05,1.2692036156996176,0.005000037045601409,0.2785820937774016,0.7689075679025912
2.3878461538460547,1.560956817503968,0.0,38.21097276225198,1.3630265975955568e-05,1.2695396146722582,0.0050000369682989,0.27861318633516663,0.7683303447778399
2.3883461538460544,1.5616971164983728,0.0,38.18919895793038,1.360978290251556e-05,1.2698756162256746,0.005000036891595621,0.27864427889293164,0.7677523972156008
2.388846153846054,1.5624374154927776,0.0,38.16739775206278,1.3589412834799303e-05,1.2702116203623681,0.005000036815488226,0.27867537145069665,0.7671737251949727
2.3893461538460543,1.563177714487183,0.0,38.14556914090852,1.3569155301447903e-05,1.270547627084839,0.005000036739973378,0.27870646400846166,0.7665943286950347
2.3898461538460545,1.5639180134815884,0.0,38.12371312083573,1.3549009831102505e-05,1.2708836363955875,0.0050000366650477576,0.27873755656622673,0.7660142076948442
2.390346153846054,1.5646583124759932,0.0,38.10182968825947,1.352897595240425e-05,1.2712196482971136,0.0050000365907080565,0.2787686491239917,0.7654333621734375
2.390846153846054,1.565398611470398,0.0,38.07991883971162,1.3509053193994242e-05,1.2715556627919185,0.0050000365169509805,0.2787997416817567,0.7648517921098275
2.391346153846054,1.5661389104648034,0.0,38.057980571786764,1.3489241084513592e-05,1.2718916798825022,0.005000036443773249,0.2788308342395217,0.7642694974830069
2.3918461538460543,1.5668792094592088,0.0,38.036014881165606,1.3469539152603438e-05,1.2722276995713653,0.005000036371171596,0.2788619267972868,0.7636864782719468
2.392346153846054,1.5676195084536133,0.0,38.01402176459958,1.3449946926904926e-05,1.2725637218610077,0.0050000362991427655,0.27889301935505173,0.763102734455597
2.3928461538460537,1.568359807448018,0.0,37.99200121895754,1.3430463936059161e-05,1.27289974675393,0.005000036227683517,0.27892411191281674,0.7625182660128854
2.393346153846054,1.5691001064424235,0.0,37.96995324114062,1.341108970870725e-05,1.2732357742526335,0.0050000361567906215,0.27895520447058175,0.7619330729227166
2.393846153846054,1.569840405436829,0.0,37.947877828186996,1.3391823773490336e-05,1.2735718043596174,0.005000036086460864,0.2789862970283468,0.7613471551639772
2.3943461538460538,1.5705807044312337,0.0,37.92577497716746,1.3372665659049559e-05,1.2739078370773826,0.00500003601669104,0.27901738958611183,0.7607605127155294
2.3948461538460535,1.5713210034256384,0.0,37.903644685266855,1.3353614894026029e-05,1.2742438724084293,0.005000035947477962,0.2790484821438768,0.7601731455562154
2.3953461538460536,1.5720613024200438,0.0,37.88148694974944,1.333467100706085e-05,1.2745799103552584,0.00500003587881845,0.27907957470164185,0.7595850536648541
2.395846153846054,1.5728016014144492,0.0,37.859301767955074,1.3315833526795166e-05,1.2749159509203702,0.00500003581070934,0.27911066725940686,0.7589962370202442
2.3963461538460535,1.573541900408854,0.0,37.83708913731105,1.329710198187012e-05,1.2752519941062646,0.005000035743147478,0.2791417598171719,0.7584066956011637
2.3968461538460533,1.5742821994032588,0.0,37.81484905532057,1.3278475900926814e-05,1.275588039915442,0.005000035676129723,0.27917285237493683,0.7578164293863672
2.3973461538460534,1.5750224983976642,0.0,37.79258151959777,1.3259954812606361e-05,1.2759240883504037,0.005000035609652948,0.2792039449327019,0.7572254383545874
2.3978461538460536,1.5757627973920694,0.0,37.77028652780207,1.32415382455499e-05,1.2762601394136495,0.005000035543714034,0.2792350374904669,0.7566337224845375
2.3983461538460533,1.5765030963864741,0.0,37.74796407770793,1.3223225728398574e-05,1.2765961931076795,0.005000035478309876,0.2792661300482319,0.7560412817549085
2.398846153846053,1.5772433953808789,0.0,37.72561416715087,1.3205016789793487e-05,1.2769322494349944,0.005000035413437383,0.2792972226059969,0.7554481161443688
2.399346153846053,1.5779836943752843,0.0,37.70323679407403,1.3186910958375751e-05,1.2772683083980951,0.005000035349093472,0.27932831516376194,0.7548542256315651
2.3998461538460534,1.5787239933696897,0.0,37.68083195648577,1.3168907762786506e-05,1.2776043699994815,0.005000035285275074,0.27935940772152695,0.7542596101951244
2.400346153846053,1.5794642923640945,0.0,37.658399652490715,1.3151006731666892e-05,1.2779404342416538,0.00500003522197913,0.27939050027929196,0.7536642698136509
2.400846153846053,1.5802045913584992,0.0,37.635939880270655,1.3133207393658016e-05,1.2782765011271127,0.005000035159202594,0.279421592837057,0.7530682044657273
2.401346153846053,1.5809448903529046,0.0,37.613452638103915,1.311550927740099e-05,1.2786125706583586,0.005000035096942429,0.279452685394822,0.7524714141299143
2.401846153846053,1.58168518934731,0.0,37.59093792433468,1.3097911911536951e-05,1.2789486428378922,0.005000035035195611,0.27948377795258705,0.7518738987847514
2.402346153846053,1.5824254883417148,0.0,37.568395737407855,1.3080414824707042e-05,1.2792847176682132,0.005000034973959127,0.279514870510352,0.7512756584087579
2.4028461538460526,1.5831657873361196,0.0,37.5458260758499,1.306301754555237e-05,1.2796207951518226,0.005000034913229975,0.279545963068117,0.7506766929804288
2.4033461538460528,1.5839060863305248,0.0,37.52322893827289,1.3045719602714044e-05,1.2799568752912207,0.005000034853005162,0.27957705562588203,0.7500770024782395
2.403846153846053,1.5846463853249302,0.0,37.500604323389986,1.3028520524833205e-05,1.2802929580889078,0.005000034793281707,0.2796081481836471,0.7494765868806436
2.4043461538460527,1.585386684319335,0.0,37.47795222995019,1.3011419840550993e-05,1.2806290435473842,0.005000034734056642,0.27963924074141205,0.7488754461660726
2.4048461538460524,1.5861269833137397,0.0,37.45527265685397,1.2994417078508516e-05,1.2809651316691502,0.005000034675327006,0.27967033329917707,0.7482735803129372
2.4053461538460525,1.586867282308145,0.0,37.43256560303793,1.2977511767346885e-05,1.2813012224567069,0.005000034617089849,0.2797014258569421,0.7476709892996247
2.4058461538460527,1.5876075813025505,0.0,37.4098310675596,1.2960703435707237e-05,1.2816373159125543,0.005000034559342235,0.27973251841470714,0.747067673104503
2.4063461538460524,1.5883478802969553,0.0,37.387069049528385,1.2943991612230715e-05,1.2819734120391924,0.005000034502081233,0.2797636109724721,0.7464636317059179
2.406846153846052,1.58908817929136,0.0,37.36427954817873,1.2927375825558425e-05,1.282309510839122,0.005000034445303925,0.2797947035302371,0.7458588650821927
2.4073461538460523,1.5898284782857655,0.0,37.34146256280493,1.291085560433148e-05,1.2826456123148438,0.005000034389007405,0.2798257960880022,0.7452533732116297
2.4078461538460525,1.5905687772801709,0.0,37.31861809279204,1.2894430477191017e-05,1.2829817164688577,0.005000034333188771,0.2798568886457672,0.7446471560725096
2.408346153846052,1.5913090762745756,0.0,37.295746137616035,1.2878099972778175e-05,1.2833178233036642,0.005000034277845138,0.2798879812035322,0.7440402136430923
2.408846153846052,1.5920493752689802,0.0,37.272846696840055,1.2861863619734067e-05,1.2836539328217638,0.005000034222973626,0.27991907376129715,0.7434325459016147
2.409346153846052,1.5927896742633856,0.0,37.24991977012229,1.2845720946699798e-05,1.283990045025657,0.005000034168571365,0.2799501663190622,0.7428241528262925
2.4098461538460523,1.593529973257791,0.0,37.22696535719309,1.2829671482316512e-05,1.2843261599178442,0.005000034114635497,0.27998125887682723,0.7422150343953205
2.410346153846052,1.5942702722521958,0.0,37.20398345787811,1.2813714755225344e-05,1.2846622775008254,0.005000034061163171,0.28001235143459224,0.7416051905868721
2.4108461538460517,1.5950105712466005,0.0,37.18097407208316,1.2797850294067406e-05,1.2849983977771016,0.005000034008151548,0.2800434439923572,0.7409946213790976
2.411346153846052,1.595750870241006,0.0,37.15793719983648,1.278207762748381e-05,1.2853345207491729,0.0050000339555977946,0.28007453655012227,0.7403833267501271
2.411846153846052,1.5964911692354113,0.0,37.13487284120076,1.276639628411569e-05,1.2856706464195398,0.00500003390349909,0.2801056291078873,0.7397713066780686
2.4123461538460518,1.597231468229816,0.0,37.1117809963576,1.275080579260419e-05,1.2860067747907025,0.005000033851852621,0.2801367216656523,0.739158561141009
2.4128461538460515,1.5979717672242209,0.0,37.08866166558465,1.2735305681590416e-05,1.2863429058651614,0.005000033800655582,0.2801678142234173,0.7385450901170131
2.4133461538460517,1.5987120662186263,0.0,37.065514849221316,1.2719895479715481e-05,1.2866790396454175,0.005000033749905179,0.2801989067811823,0.7379308935841236
2.413846153846052,1.5994523652130317,0.0,37.042340547718645,1.2704574715620523e-05,1.2870151761339708,0.005000033699598625,0.2802299993389473,0.7373159715203628
2.4143461538460516,1.6001926642074362,0.0,37.01913876161273,1.268934291794668e-05,1.2873513153333211,0.0050000336497331415,0.28026109189671233,0.7367003239037316
2.4148461538460513,1.600932963201841,0.0,36.995909491521004,1.2674199615335064e-05,1.2876874572459696,0.00500003360030596,0.28029218445447734,0.7360839507122081
2.4153461538460514,1.6016732621962464,0.0,36.972652738146216,1.2659144336426783e-05,1.288023601874417,0.00500003355131432,0.28032327701224236,0.7354668519237482
2.4158461538460516,1.6024135611906518,0.0,36.94936850229572,1.2644176609862978e-05,1.288359749221163,0.0050000335027554675,0.28035436957000737,0.7348490275162884
2.4163461538460513,1.6031538601850566,0.0,36.92605678486249,1.2629295964284785e-05,1.2886958992887076,0.00500003345462666,0.2803854621277724,0.7342304774677435
2.416846153846051,1.6038941591794613,0.0,36.90271758682144,1.2614501928333316e-05,1.2890320520795522,0.00500003340692516,0.2804165546855374,0.7336112017560046
2.4173461538460512,1.6046344581738667,0.0,36.879350909233466,1.2599794030649683e-05,1.289368207596197,0.00500003335964824,0.2804476472433024,0.7329912003589422
2.4178461538460514,1.6053747571682722,0.0,36.85595675326078,1.2585171799875025e-05,1.2897043658411422,0.00500003331279318,0.2804787398010674,0.7323704732544057
2.418346153846051,1.606115056162677,0.0,36.832535120155654,1.2570634764650475e-05,1.2900405268168882,0.005000033266357268,0.2805098323588324,0.731749020420223
2.418846153846051,1.6068553551570817,0.0,36.80908601126058,1.2556182453617146e-05,1.290376690525935,0.0050000332203377984,0.28054092491659743,0.7311268418342007
2.419346153846051,1.607595654151487,0.0,36.785609427985506,1.2541814395416153e-05,1.2907128569707842,0.005000033174732076,0.28057201747436245,0.7305039374741211
2.419846153846051,1.6083359531458923,0.0,36.762105371872835,1.2527530118688629e-05,1.2910490261539351,0.005000033129537411,0.28060311003212746,0.7298803073177487
2.420346153846051,1.609076252140297,0.0,36.73857384451752,1.2513329152075716e-05,1.2913851980778885,0.005000033084751121,0.28063420258989247,0.7292559513428242
2.4208461538460506,1.6098165511347018,0.0,36.71501484762437,1.249921102421852e-05,1.2917213727451446,0.005000033040370533,0.2806652951476575,0.7286308695270676
2.421346153846051,1.6105568501291072,0.0,36.691428382981535,1.2485175263758157e-05,1.2920575501582043,0.005000032996392979,0.2806963877054225,0.7280050618481759
2.421846153846051,1.6112971491235126,0.0,36.66781445248352,1.2471221399335764e-05,1.2923937303195676,0.0050000329528158,0.2807274802631875,0.7273785282838264
2.4223461538460507,1.6120374481179174,0.0,36.644173058093266,1.2457348959592477e-05,1.292729913231735,0.0050000329096363426,0.2807585728209525,0.726751268811674
2.4228461538460504,1.6127777471123221,0.0,36.620504201884145,1.2443557473169407e-05,1.2930660988972065,0.0050000328668519615,0.2807896653787175,0.7261232834093521
2.4233461538460506,1.6135180461067276,0.0,36.59680788599829,1.2429846468707668e-05,1.2934022873184834,0.005000032824460017,0.28082075793648253,0.725494572054471
2.4238461538460507,1.614258345101133,0.0,36.57308411270757,1.2416215474848397e-05,1.2937384784980657,0.005000032782457879,0.2808518504942476,0.7248651347246219
2.4243461538460505,1.6149986440955377,0.0,36.54933288433015,1.2402664020232728e-05,1.2940746724384533,0.005000032740842921,0.28088294305201256,0.7242349713973737
2.42484615384605,1.6157389430899425,0.0,36.52555420331039,1.2389191633501778e-05,1.2944108691421472,0.005000032699612523,0.28091403560977757,0.7236040820502726
2.4253461538460503,1.6164792420843477,0.0,36.501748072169676,1.2375797843296654e-05,1.2947470686116478,0.005000032658764074,0.2809451281675426,0.7229724666608437
2.4258461538460505,1.617219541078753,0.0,36.47791449354067,1.2362482178258495e-05,1.2950832708494553,0.005000032618294969,0.28097622072530765,0.7223401252065913
2.4263461538460502,1.6179598400731579,0.0,36.45405347010303,1.2349244167028438e-05,1.29541947585807,0.005000032578202608,0.2810073132830726,0.7217070576649975
2.42684615384605,1.6187001390675626,0.0,36.43016500468593,1.2336083338247597e-05,1.2957556836399924,0.0050000325384843974,0.2810384058408376,0.7210732640135229
2.42734615384605,1.619440438061968,0.0,36.40624910016586,1.2322999220557082e-05,1.2960918941977233,0.00500003249913775,0.2810694983986026,0.7204387442296054
2.4278461538460503,1.6201807370563734,0.0,36.38230575955395,1.230999134259803e-05,1.2964281075337627,0.005000032460160086,0.2811005909563677,0.7198034982906634
2.42834615384605,1.6209210360507782,0.0,36.35833498590138,1.2297059233011577e-05,1.296764323650611,0.0050000324215488294,0.28113168351413265,0.7191675261740925
2.4288461538460497,1.621661335045183,0.0,36.334336782405636,1.2284202420438838e-05,1.2971005425507685,0.005000032383301411,0.28116277607189766,0.7185308278572673
2.42934615384605,1.6224016340395884,0.0,36.31031115233488,1.2271420433520921e-05,1.2974367642367362,0.005000032345415268,0.2811938686296627,0.717893403317539
2.42984615384605,1.6231419330339938,0.0,36.28625809903193,1.2258712800898969e-05,1.297772988711014,0.005000032307887842,0.28122496118742774,0.7172552525322393
2.43034615384605,1.6238822320283983,0.0,36.262177625971184,1.2246079051214113e-05,1.2981092159761023,0.005000032270716582,0.28125605374519275,0.7166163754786786
2.4308461538460495,1.624622531022803,0.0,36.23806973668305,1.2233518713107467e-05,1.2984454460345014,0.005000032233898939,0.2812871463029577,0.7159767721341439
2.4313461538460497,1.6253628300172085,0.0,36.21393443483362,1.2221031315220144e-05,1.2987816788887123,0.005000032197432374,0.28131823886072277,0.7153364424759006
2.43184615384605,1.626103129011614,0.0,36.18977172413775,1.220861638619328e-05,1.2991179145412353,0.00500003216131435,0.2813493314184878,0.7146953864811936
2.4323461538460496,1.6268434280060187,0.0,36.16558160844247,1.2196273454668011e-05,1.29945415299457,0.005000032125542336,0.2813804239762528,0.7140536041272469
2.4328461538460493,1.6275837270004234,0.0,36.14136409166664,1.2184002049285452e-05,1.2997903942512172,0.005000032090113807,0.28141151653401775,0.713411095391262
2.4333461538460495,1.6283240259948288,0.0,36.11711917784264,1.2171801698686714e-05,1.300126638313678,0.005000032055026242,0.2814426090917828,0.7127678602504168
2.4338461538460496,1.6290643249892343,0.0,36.09284687106367,1.2159671931512934e-05,1.3004628851844524,0.005000032020277126,0.2814737016495478,0.7121238986818704
2.4343461538460494,1.629804623983639,0.0,36.06854717556323,1.2147612276405246e-05,1.3007991348660402,0.005000031985863948,0.28150479420731284,0.7114792106627608
2.434846153846049,1.6305449229780438,0.0,36.04422009563595,1.2135622262004766e-05,1.3011353873609421,0.005000031951784201,0.28153588676507785,0.710833796170202
2.4353461538460492,1.6312852219724492,0.0,36.019865635679274,1.2123701416952605e-05,1.3014716426716593,0.005000031918035384,0.28156697932284286,0.7101876551812863
2.4358461538460494,1.6320255209668544,0.0,35.99548380019364,1.2111849269889898e-05,1.3018079008006915,0.005000031884615001,0.28159807188060787,0.7095407876730866
2.436346153846049,1.6327658199612591,0.0,35.971074593778845,1.2100065349457783e-05,1.302144161750539,0.00500003185152056,0.2816291644383729,0.7088931936226537
2.436846153846049,1.6335061189556639,0.0,35.94663802111534,1.2088349184297373e-05,1.3024804255237021,0.005000031818749571,0.2816602569961379,0.7082448730070157
2.437346153846049,1.6342464179500693,0.0,35.92217408698325,1.2076700303049782e-05,1.302816692122682,0.005000031786299553,0.2816913495539029,0.7075958258031786
2.437846153846049,1.6349867169444747,0.0,35.897682796262536,1.2065118234356142e-05,1.3031529615499788,0.0050000317541680234,0.2817224421116679,0.7069460519881283
2.438346153846049,1.6357270159388795,0.0,35.87316415394066,1.2053602506857593e-05,1.3034892338080923,0.0050000317223525105,0.2817535346694329,0.70629555153883
2.4388461538460486,1.6364673149332842,0.0,35.848618165082634,1.2042152649195246e-05,1.3038255088995234,0.005000031690850541,0.28178462722719794,0.7056443244322246
2.439346153846049,1.6372076139276897,0.0,35.82404483485376,1.2030768190010214e-05,1.3041617868267725,0.005000031659659648,0.28181571978496295,0.7049923706452328
2.439846153846049,1.637947912922095,0.0,35.79944416852731,1.2019448657943636e-05,1.3044980675923403,0.005000031628777369,0.281846812342728,0.7043396901547531
2.4403461538460487,1.6386882119164998,0.0,35.77481617145085,1.2008193581636643e-05,1.3048343511987264,0.005000031598201243,0.28187790490049297,0.7036862829376644
2.4408461538460484,1.6394285109109046,0.0,35.75016084909902,1.1997002489730351e-05,1.3051706376484318,0.005000031567928816,0.281908997458258,0.7030321489708213
2.4413461538460486,1.6401688099053098,0.0,35.72547820702104,1.1985874910865874e-05,1.305506926943957,0.005000031537957635,0.281940090016023,0.7023772882310578
2.4418461538460488,1.6409091088997152,0.0,35.70076825088228,1.1974810373684346e-05,1.305843219087802,0.005000031508285251,0.28197118257378806,0.7017217006951875
2.4423461538460485,1.64164940789412,0.0,35.67603098641547,1.1963808406826903e-05,1.3061795140824672,0.005000031478909218,0.282002275131553,0.7010653863400008
2.442846153846048,1.6423897068885247,0.0,35.65126641948107,1.1952868538934658e-05,1.3065158119304534,0.005000031449827097,0.282033367689318,0.7004083451422669
2.4433461538460484,1.6431300058829301,0.0,35.62647455602979,1.1941990298648728e-05,1.306852112634261,0.0050000314210364456,0.2820644602470831,0.6997505770787336
2.4438461538460485,1.6438703048773355,0.0,35.601655402091545,1.1931173214610242e-05,1.3071884161963903,0.005000031392534831,0.2820955528048481,0.6990920821261266
2.4443461538460483,1.6446106038717403,0.0,35.5768089638206,1.1920416815460342e-05,1.3075247226193412,0.005000031364319821,0.2821266453626131,0.698432860261152
2.444846153846048,1.645350902866145,0.0,35.551935247447005,1.1909720629840135e-05,1.3078610319056145,0.0050000313363889855,0.28215773792037807,0.6977729114604917
2.445346153846048,1.6460912018605505,0.0,35.52703425933667,1.1899084186390742e-05,1.308197344057711,0.0050000313087398985,0.28218883047814314,0.6971122357008064
2.4458461538460483,1.6468315008549559,0.0,35.5021060058942,1.1888507013753295e-05,1.3085336590781307,0.005000031281370137,0.28221992303590815,0.6964508329587367
2.446346153846048,1.6475717998493606,0.0,35.47715049367907,1.1877988640568928e-05,1.308869976969374,0.005000031254277279,0.28225101559367316,0.6957887032109007
2.4468461538460478,1.6483120988437652,0.0,35.45216772931225,1.1867528595478754e-05,1.309206297733941,0.005000031227458909,0.2822821081514381,0.6951258464338951
2.447346153846048,1.6490523978381706,0.0,35.4271577195437,1.1857126407123892e-05,1.3095426213743329,0.005000031200912609,0.2823132007092032,0.6944622626042934
2.447846153846048,1.649792696832576,0.0,35.402120471192646,1.1846781604145472e-05,1.3098789478930497,0.005000031174635967,0.2823442932669682,0.6937979516986499
2.448346153846048,1.6505329958269808,0.0,35.377055991203925,1.1836493715184629e-05,1.3102152772925917,0.005000031148626575,0.2823753858247332,0.6931329136934964
2.4488461538460475,1.6512732948213855,0.0,35.35196428660689,1.182626226888248e-05,1.310551609575459,0.005000031122882022,0.2824064783824982,0.6924671485653433
2.4493461538460477,1.652013593815791,0.0,35.32684536452692,1.1816086793880138e-05,1.310887944744153,0.005000031097399904,0.2824375709402632,0.6918006562906774
2.449846153846048,1.6527538928101964,0.0,35.301699232204136,1.1805966818818741e-05,1.3112242828011735,0.005000031072177818,0.28246866349802824,0.6911334368459667
2.4503461538460476,1.653494191804601,0.0,35.276525896974995,1.1795901872339416e-05,1.3115606237490205,0.005000031047213362,0.28249975605579325,0.6904654902076572
2.4508461538460473,1.6542344907990059,0.0,35.251325366261156,1.1785891483083283e-05,1.3118969675901948,0.005000031022504137,0.28253084861355826,0.6897968163521715
2.4513461538460475,1.6549747897934113,0.0,35.226097647603304,1.1775935179691458e-05,1.3122333143271971,0.005000030998047746,0.28256194117132327,0.689127415255911
2.4518461538460476,1.6557150887878167,0.0,35.2008427486277,1.176603249080507e-05,1.3125696639625277,0.005000030973841794,0.2825930337290883,0.6884572868952568
2.4523461538460474,1.6564553877822212,0.0,35.17556067707615,1.1756182945065258e-05,1.3129060164986865,0.005000030949883886,0.2826241262868533,0.687786431246568
2.452846153846047,1.657195686776626,0.0,35.15025144078387,1.1746386071113134e-05,1.3132423719381743,0.005000030926171632,0.2826552188446183,0.6871148482861814
2.4533461538460473,1.6579359857710314,0.0,35.12491504768329,1.1736641397589814e-05,1.3135787302834916,0.0050000309027026435,0.2826863114023833,0.6864425379904121
2.4538461538460474,1.6586762847654368,0.0,35.099551505808,1.1726948453136432e-05,1.313915091537139,0.005000030879474529,0.28271740396014833,0.685769500335554
2.454346153846047,1.6594165837598416,0.0,35.07416082330407,1.1717306766394122e-05,1.3142514557016158,0.005000030856484904,0.28274849651791334,0.6850957352978807
2.454846153846047,1.6601568827542463,0.0,35.048743008407854,1.1707715866003997e-05,1.3145878227794234,0.005000030833731382,0.28277958907567835,0.6844212428536418
2.455346153846047,1.6608971817486518,0.0,35.02329806945734,1.1698175280607178e-05,1.3149241927730624,0.005000030811211579,0.28281068163344336,0.6837460229790658
2.455846153846047,1.6616374807430572,0.0,34.99782601489974,1.1688684538844792e-05,1.3152605656850327,0.0050000307889231125,0.2828417741912084,0.6830700756503609
2.456346153846047,1.662377779737462,0.0,34.972326853280514,1.1679243169357977e-05,1.3155969415178346,0.005000030766863602,0.2828728667489734,0.6823934008437134
2.4568461538460467,1.6631180787318667,0.0,34.946800593250906,1.1669850700787847e-05,1.3159333202739685,0.005000030745030667,0.2829039593067384,0.6817159985352872
2.457346153846047,1.663858377726272,0.0,34.9212472435459,1.1660506661775518e-05,1.3162697019559355,0.005000030723421928,0.2829350518645034,0.6810378687012236
2.457846153846047,1.6645986767206773,0.0,34.89566681303262,1.1651210580962123e-05,1.3166060865662355,0.005000030702035008,0.2829661444222684,0.6803590113176449
2.4583461538460467,1.665338975715082,0.0,34.87005931066219,1.1641961986988794e-05,1.3169424741073685,0.005000030680867529,0.28299723698003343,0.6796794263606507
2.4588461538460464,1.6660792747094868,0.0,34.844424745488546,1.1632760408496649e-05,1.3172788645818354,0.005000030659917115,0.28302832953779844,0.678999113806318
2.4593461538460466,1.6668195737038922,0.0,34.818763126675904,1.1623605374126803e-05,1.317615257992137,0.00500003063918139,0.28305942209556345,0.6783180736307024
2.4598461538460468,1.6675598726982976,0.0,34.79306802376969,1.1614516065909572e-05,1.317951654859224,0.005000030618761236,0.2830905146533285,0.6776363047585487
2.4603461538460465,1.6683001716927024,0.0,34.767344281273495,1.1605479420432256e-05,1.3182880547967588,0.005000030598588146,0.2831216072110935,0.6769538079518351
2.460846153846046,1.6690404706871071,0.0,34.741593107015234,1.1596491704699623e-05,1.3186244577108381,0.005000030578642621,0.2831526997688585,0.6762705833816145
2.4613461538460464,1.6697807696815126,0.0,34.715814494225384,1.1587552713766097e-05,1.3189608636053176,0.0050000305589236954,0.2831837923266235,0.6755866310208865
2.4618461538460465,1.670521068675918,0.0,34.690008436279285,1.1578662242686111e-05,1.3192972724840522,0.005000030539430408,0.28321488488438856,0.674901950842618
2.4623461538460463,1.6712613676703227,0.0,34.66417492666039,1.1569820086514104e-05,1.3196336843508962,0.005000030520161797,0.2832459774421535,0.6742165428197437
2.462846153846046,1.6720016666647275,0.0,34.638313959004904,1.1561026040304492e-05,1.3199700992097054,0.005000030501116904,0.28327706999991853,0.6735304069251635
2.463346153846046,1.6727419656591327,0.0,34.61242552706877,1.15522798991117e-05,1.3203065170643355,0.005000030482294769,0.28330816255768354,0.6728435431317428
2.4638461538460463,1.673482264653538,0.0,34.586509624753795,1.1543581457990158e-05,1.320642937918641,0.005000030463694437,0.2833392551154486,0.6721559514123167
2.464346153846046,1.6742225636479429,0.0,34.56056624605614,1.1534930511994307e-05,1.3209793617764767,0.005000030445314952,0.28337034767321356,0.6714676317396866
2.4648461538460458,1.6749628626423476,0.0,34.53459538514791,1.1526326856178563e-05,1.3213157886416984,0.005000030427155361,0.2834014402309786,0.6707785840866181
2.465346153846046,1.675703161636753,0.0,34.508597036310896,1.151777028559735e-05,1.3216522185181612,0.0050000304092147115,0.28343253278874364,0.6700888084258454
2.465846153846046,1.6764434606311585,0.0,34.482571193951614,1.15092605953051e-05,1.3219886514097199,0.005000030391492052,0.28346362534650865,0.6693983047300698
2.466346153846046,1.6771837596255632,0.0,34.45651785262369,1.1500797580356252e-05,1.3223250873202297,0.005000030373986434,0.28349471790427366,0.6687070729719589
2.4668461538460456,1.677924058619968,0.0,34.430437007006,1.1492381035805223e-05,1.3226615262535457,0.005000030356696908,0.2835258104620386,0.6680151131241467
2.4673461538460457,1.6786643576143734,0.0,34.40432865192505,1.1484010756706436e-05,1.3229979682135238,0.005000030339622528,0.2835569030198037,0.6673224251592331
2.467846153846046,1.6794046566087788,0.0,34.37819278231466,1.1475686538114325e-05,1.3233344132040183,0.005000030322762348,0.2835879955775687,0.6666290090497868
2.4683461538460456,1.6801449556031833,0.0,34.35202939326419,1.1467408175083326e-05,1.3236708612288843,0.005000030306115424,0.2836190881353337,0.6659348647683427
2.4688461538460453,1.680885254597588,0.0,34.32583847997082,1.145917546266786e-05,1.3240073122919773,0.005000030289680812,0.28365018069309866,0.6652399922874015
2.4693461538460455,1.6816255535919935,0.0,34.29962003780989,1.1450988195922348e-05,1.3243437663971525,0.005000030273457571,0.28368127325086373,0.6645443915794305
2.4698461538460457,1.682365852586399,0.0,34.27337406224301,1.1442846169901222e-05,1.324680223548265,0.005000030257444759,0.28371236580862874,0.6638480626168641
2.4703461538460454,1.6831061515808037,0.0,34.24710054889567,1.143474917965892e-05,1.3250166837491697,0.005000030241641437,0.28374345836639375,0.6631510053721053
2.470846153846045,1.6838464505752084,0.0,34.22079949351706,1.1426697020249861e-05,1.3253531470037219,0.005000030226046666,0.28377455092415876,0.6624532198175209
2.4713461538460453,1.6845867495696139,0.0,34.19447089199863,1.1418689486728468e-05,1.3256896133157767,0.005000030210659509,0.2838056434819238,0.6617547059254458
2.4718461538460454,1.6853270485640193,0.0,34.168114740348685,1.1410726374149176e-05,1.3260260826891896,0.00500003019547903,0.2838367360396888,0.6610554636681814
2.472346153846045,1.686067347558424,0.0,34.1417310347404,1.1402807477566418e-05,1.326362555127815,0.005000030180504292,0.2838678285974538,0.6603554930179971
2.472846153846045,1.6868076465528288,0.0,34.115319771457,1.1394932592034616e-05,1.3266990306355086,0.005000030165734363,0.2838989211552188,0.6596547939471269
2.473346153846045,1.6875479455472342,0.0,34.0888809469287,1.138710151260819e-05,1.3270355092161257,0.005000030151168307,0.2839300137129838,0.6589533664277722
2.4738461538460452,1.6882882445416394,0.0,34.06241455772199,1.1379314034341577e-05,1.327371990873521,0.005000030136805194,0.28396110627074883,0.6582512104321021
2.474346153846045,1.6890285435360441,0.0,34.03592060053989,1.1371569952289208e-05,1.3277084756115498,0.005000030122644091,0.28399219882851384,0.6575483259322521
2.4748461538460447,1.689768842530449,0.0,34.0093990722222,1.1363869061505508e-05,1.3280449634340672,0.005000030108684069,0.28402329138627885,0.6568447129003238
2.475346153846045,1.6905091415248543,0.0,33.98284996973478,1.1356211157044899e-05,1.3283814543449286,0.005000030094924197,0.28405438394404386,0.6561403713083851
2.475846153846045,1.6912494405192597,0.0,33.956273290210135,1.134859603396181e-05,1.328717948347989,0.005000030081363546,0.28408547650180893,0.6554353011284721
2.4763461538460447,1.6919897395136645,0.0,33.92966903087437,1.134102348731068e-05,1.3290544454471032,0.00500003006800119,0.2841165690595739,0.6547295023325874
2.4768461538460445,1.6927300385080692,0.0,33.90303718913541,1.133349331214593e-05,1.3293909456461264,0.0050000300548362,0.2841476616173389,0.6540229748926998
2.4773461538460446,1.6934703375024747,0.0,33.876377762513634,1.1326005303521981e-05,1.3297274489489146,0.005000030041867651,0.28417875417510396,0.6533157187807428
2.477846153846045,1.69421063649688,0.0,33.84969074866781,1.1318559256493267e-05,1.330063955359322,0.005000030029094617,0.284209846732869,0.6526077339686207
2.4783461538460445,1.6949509354912848,0.0,33.822976145409996,1.1311154966114221e-05,1.330400464881204,0.005000030016516173,0.284240939290634,0.6518990204282025
2.4788461538460442,1.6956912344856896,0.0,33.79623395066555,1.1303792227439268e-05,1.330736977518416,0.005000030004131396,0.28427203184839894,0.6511895781313228
2.4793461538460444,1.6964315334800948,0.0,33.76946416254651,1.1296470835522826e-05,1.3310734932748127,0.005000029991939361,0.284303124406164,0.6504794070497849
2.4798461538460446,1.6971718324745002,0.0,33.742666779242256,1.1289190585419332e-05,1.33141001215425,0.005000029979939147,0.284334216963929,0.6497685071553567
2.4803461538460443,1.697912131468905,0.0,33.715841799140286,1.1281951272183218e-05,1.3317465341605819,0.00500002996812983,0.28436530952169403,0.6490568784197764
2.480846153846044,1.6986524304633097,0.0,33.688989220713346,1.1274752690868908e-05,1.3320830592976645,0.005000029956510491,0.284396402079459,0.6483445208147445
2.481346153846044,1.6993927294577151,0.0,33.66210904263278,1.126759463653082e-05,1.3324195875693527,0.005000029945080207,0.28442749463722405,0.6476314343119306
2.4818461538460443,1.7001330284521206,0.0,33.63520126365574,1.1260476904223393e-05,1.3327561189795016,0.00500002993383806,0.28445858719498907,0.6469176188829712
2.482346153846044,1.7008733274465253,0.0,33.60826588271662,1.1253399289001057e-05,1.333092653531966,0.005000029922783129,0.2844896797527541,0.6462030744994696
2.482846153846044,1.70161362644093,0.0,33.58130289887992,1.1246361585918237e-05,1.3334291912306016,0.005000029911914494,0.2845207723105191,0.6454878011329941
2.483346153846044,1.7023539254353355,0.0,33.554312311336865,1.1239363590029353e-05,1.3337657320792633,0.0050000299012312385,0.2845518648682841,0.6447717987550812
2.483846153846044,1.703094224429741,0.0,33.5272941194458,1.1232405096388839e-05,1.3341022760818064,0.005000029890732442,0.2845829574260491,0.6440550673372334
2.484346153846044,1.7038345234241457,0.0,33.50024832269231,1.122548590005113e-05,1.3344388232420856,0.005000029880417188,0.2846140499838141,0.6433376068509216
2.4848461538460436,1.7045748224185502,0.0,33.47317492070414,1.1218605796070646e-05,1.3347753735639563,0.00500002987028456,0.28464514254157913,0.6426194172675814
2.4853461538460437,1.7053151214129556,0.0,33.44607391325867,1.121176457950181e-05,1.335111927051274,0.00500002986033364,0.28467623509934414,0.6419004985586151
2.485846153846044,1.706055420407361,0.0,33.41894530026145,1.1204962045399056e-05,1.3354484837078935,0.005000029850563512,0.28470732765710915,0.6411808506953927
2.4863461538460436,1.7067957194017658,0.0,33.3917890817827,1.119819798881682e-05,1.3357850435376697,0.0050000298409732585,0.28473842021487417,0.6404604736492515
2.4868461538460434,1.7075360183961705,0.0,33.36460525801411,1.119147220480952e-05,1.336121606544458,0.005000029831561965,0.2847695127726392,0.639739367391494
2.4873461538460435,1.708276317390576,0.0,33.33739382930534,1.118478448843158e-05,1.3364581727321139,0.005000029822328715,0.2848006053304042,0.6390175318933897
2.4878461538460437,1.7090166163849814,0.0,33.31015479614255,1.1178134634737436e-05,1.3367947421044921,0.005000029813272595,0.2848316978881692,0.6382949671261755
2.4883461538460434,1.7097569153793861,0.0,33.28288815916315,1.1171522438781517e-05,1.3371313146654475,0.005000029804392688,0.2848627904459342,0.6375716730610554
2.488846153846043,1.7104972143737909,0.0,33.255593919138,1.1164947695618248e-05,1.337467890418836,0.00500002979568808,0.2848938830036992,0.6368476496691982
2.4893461538460433,1.7112375133681963,0.0,33.22827207698976,1.1158410200302052e-05,1.3378044693685123,0.005000029787157858,0.28492497556146423,0.6361228969217407
2.4898461538460435,1.7119778123626017,0.0,33.200922633785915,1.115190974788736e-05,1.3381410515183316,0.005000029778801104,0.28495606811922924,0.6353974147897864
2.490346153846043,1.7127181113570062,0.0,33.17354559073908,1.1145446133428608e-05,1.3384776368721487,0.005000029770616907,0.28498716067699426,0.6346712032444064
2.490846153846043,1.713458410351411,0.0,33.146140949203634,1.1139019151980218e-05,1.3388142254338191,0.005000029762604351,0.28501825323475927,0.6339442622566365
2.491346153846043,1.7141987093458164,0.0,33.11870871067959,1.113262859859661e-05,1.3391508172071982,0.005000029754762523,0.2850493457925243,0.6332165917974797
2.4918461538460432,1.7149390083402218,0.0,33.09124887682017,1.1126274268332222e-05,1.3394874121961409,0.005000029747090509,0.2850804383502893,0.6324881918379067
2.492346153846043,1.7156793073346266,0.0,33.06376144942475,1.1119955956241483e-05,1.339824010404502,0.005000029739587394,0.2851115309080543,0.6317590623488549
2.4928461538460427,1.7164196063290313,0.0,33.0362464304248,1.1113673457378817e-05,1.3401606118361369,0.005000029732252266,0.2851426234658193,0.6310292033012277
2.493346153846043,1.7171599053234368,0.0,33.0087038219057,1.1107426566798647e-05,1.3404972164949012,0.00500002972508421,0.2851737160235843,0.6302986146658942
2.493846153846043,1.7179002043178422,0.0,32.98113362610715,1.1101215079555405e-05,1.3408338243846496,0.005000029718082313,0.28520480858134933,0.6295672964136921
2.4943461538460427,1.718640503312247,0.0,32.953535845416134,1.1095038790703527e-05,1.3411704355092369,0.00500002971124566,0.28523590113911435,0.6288352485154262
2.4948461538460425,1.7193808023066517,0.0,32.925910482359996,1.1088897495297432e-05,1.3415070498725186,0.0050000297045733385,0.28526699369687936,0.6281024709418659
2.4953461538460426,1.720121101301057,0.0,32.89825753961395,1.1082790988391546e-05,1.3418436674783503,0.005000029698064434,0.28529808625464437,0.6273689636637472
2.495846153846043,1.7208614002954623,0.0,32.87057702000136,1.10767190650403e-05,1.3421802883305867,0.005000029691718031,0.28532917881240943,0.6266347266517749
2.4963461538460425,1.721601699289867,0.0,32.8428689264976,1.1070681520298126e-05,1.3425169124330825,0.0050000296855332175,0.2853602713701744,0.6258997598766203
2.4968461538460422,1.7223419982842718,0.0,32.815133262230354,1.1064678149219452e-05,1.3428535397896935,0.005000029679509078,0.2853913639279394,0.6251640633089193
2.4973461538460424,1.7230822972786772,0.0,32.787370030461865,1.1058708746858696e-05,1.3431901704042748,0.005000029673644698,0.2854224564857044,0.6244276369192756
2.4978461538460426,1.7238225962730827,0.0,32.75957923463242,1.1052773108270292e-05,1.3435268042806814,0.005000029667939162,0.2854535490434695,0.6236904806782604
2.4983461538460423,1.7245628952674874,0.0,32.731760878285066,1.1046871028508673e-05,1.3438634414227681,0.005000029662391557,0.28548464160123443,0.622952594556411
2.498846153846042,1.7253031942618922,0.0,32.70391496516302,1.1041002302628264e-05,1.3442000818343904,0.005000029657000966,0.28551573415899945,0.6222139785242313
2.499346153846042,1.7260434932562976,0.0,32.676041499130804,1.1035166725683485e-05,1.3445367255194038,0.005000029651766475,0.2855468267167645,0.6214746325521907
2.4998461538460424,1.726783792250703,0.0,32.64814048420334,1.1029364092728769e-05,1.344873372481663,0.005000029646687166,0.2855779192745295,0.6207345566107274
2.500346153846042,1.7275240912451078,0.0,32.62021192455693,1.1023594198818552e-05,1.3452100227250228,0.005000029641762126,0.28560901183229453,0.6199937506702464
2.500846153846042,1.7282643902395125,0.0,32.5922558245045,1.1017856839007254e-05,1.345546676253339,0.005000029636990436,0.2856401043900595,0.6192522147011165
2.501346153846042,1.7290046892339177,0.0,32.564272188538844,1.10121518083493e-05,1.3458833330704667,0.00500002963237118,0.28567119694782456,0.6185099486736754
2.501846153846042,1.7297449882283231,0.0,32.5362610212684,1.100647890189912e-05,1.3462199931802608,0.0050000296279034415,0.28570228950558957,0.6177669525582277
2.502346153846042,1.7304852872227279,0.0,32.508222327478464,1.1000837914711152e-05,1.346556656586576,0.005000029623586302,0.2857333820633546,0.6170232263250446
2.5028461538460416,1.7312255862171326,0.0,32.480156112084906,1.0995228641839813e-05,1.3468933232932683,0.005000029619418844,0.28576447462111954,0.6162787699443625
2.5033461538460418,1.731965885211538,0.0,32.4520623801953,1.098965087833953e-05,1.3472299933041925,0.005000029615400149,0.2857955671788846,0.6155335833863854
2.503846153846042,1.7327061842059435,0.0,32.423941137019725,1.0984104419264734e-05,1.3475666666232038,0.005000029611529298,0.2858266597366496,0.6147876666212841
2.5043461538460416,1.7334464832003482,0.0,32.395792387953364,1.097858905966986e-05,1.347903343254157,0.005000029607805372,0.2858577522944146,0.6140410196191972
2.5048461538460414,1.734186782194753,0.0,32.36761613853744,1.0973104594609327e-05,1.3482400232009073,0.00500002960422745,0.28588884485217964,0.6132936423502282
2.5053461538460415,1.7349270811891584,0.0,32.33941239445948,1.0967650819137562e-05,1.3485767064673106,0.0050000296007946116,0.28591993740994465,0.6125455347844463
2.5058461538460417,1.7356673801835638,0.0,32.31118116157149,1.0962227528308997e-05,1.3489133930572215,0.005000029597505937,0.28595102996770966,0.6117966968918906
2.5063461538460414,1.7364076791779683,0.0,32.28292244587951,1.0956834517178063e-05,1.3492500829744947,0.005000029594360504,0.28598212252547467,0.6110471286425657
2.506846153846041,1.737147978172373,0.0,32.25463625352959,1.0951471580799183e-05,1.3495867762229858,0.00500002959135739,0.2860132150832397,0.6102968300064415
2.5073461538460413,1.7378882771667785,0.0,32.22632259083669,1.0946138514226783e-05,1.3499234728065501,0.005000029588495672,0.2860443076410047,0.6095458009534553
2.5078461538460415,1.738628576161184,0.0,32.19798146425994,1.0940835112515294e-05,1.3502601727290429,0.005000029585774427,0.2860754001987697,0.6087940414535111
2.508346153846041,1.7393688751555887,0.0,32.16961288043503,1.0935561170719149e-05,1.3505968759943183,0.00500002958319273,0.2861064927565347,0.6080415514764814
2.508846153846041,1.7401091741499934,0.0,32.14121684612104,1.093031648389277e-05,1.3509335826062325,0.005000029580749656,0.2861375853142997,0.6072883309922021
2.509346153846041,1.7408494731443989,0.0,32.112793368254174,1.0925100847090583e-05,1.3512702925686404,0.005000029578444282,0.28616867787206474,0.6065343799704777
2.5098461538460413,1.7415897721388043,0.0,32.08434245393021,1.0919914055367017e-05,1.3516070058853973,0.005000029576275678,0.2861997704298298,0.6057796983810785
2.510346153846041,1.742330071133209,0.0,32.05586411037634,1.0914755903776507e-05,1.3519437225603574,0.005000029574242918,0.28623086298759476,0.6050242861937442
2.5108461538460407,1.7430703701276138,0.0,32.02735834500838,1.0909626187373475e-05,1.352280442597377,0.005000029572345076,0.28626195554535977,0.6042681433781768
2.511346153846041,1.7438106691220192,0.0,31.998825165381234,1.0904524701212345e-05,1.3526171660003108,0.005000029570581221,0.28629304810312484,0.6035112699040475
2.511846153846041,1.7445509681164244,0.0,31.970264507003986,1.0899451251241648e-05,1.3529538927790772,0.0050000295689504835,0.28632414066088985,0.602753665727346
2.5123461538460408,1.7452912671108292,0.0,31.941675730728885,1.0894406049399576e-05,1.3532906229919057,0.005000029567454191,0.2863552332186548,0.6019953306951249
2.5128461538460405,1.746031566105234,0.0,31.913058990693255,1.0889389138568994e-05,1.3536273566304515,0.005000029566092755,0.2863863257764198,0.6012362648040799
2.5133461538460407,1.7467718650996393,0.0,31.884414328817016,1.0884400364066077e-05,1.353964093695798,0.005000029564865519,0.2864174183341849,0.600476468029695
2.513846153846041,1.7475121640940448,0.0,31.85574178713195,1.0879439571207018e-05,1.3543008341890264,0.005000029563771828,0.2864485108919499,0.5997159403474492
2.5143461538460405,1.7482524630884495,0.0,31.827041407778225,1.0874506605308003e-05,1.3546375781112192,0.005000029562811025,0.2864796034497149,0.598954681732809
2.5148461538460403,1.7489927620828543,0.0,31.798313232979655,1.086960131168521e-05,1.3549743254634592,0.0050000295619824515,0.28651069600747986,0.5981926921612314
2.5153461538460404,1.7497330610772597,0.0,31.769557305093418,1.0864723535654819e-05,1.3553110762468288,0.005000029561285451,0.2865417885652449,0.5974299716081639
2.5158461538460406,1.750473360071665,0.0,31.740773666539248,1.0859873122533018e-05,1.3556478304624102,0.0050000295607193655,0.28657288112300994,0.5966665200490457
2.5163461538460403,1.7512136590660698,0.0,31.711962359866845,1.0855049917635995e-05,1.3559845881112855,0.005000029560283536,0.28660397368077495,0.5959023374593061
2.51684615384604,1.7519539580604746,0.0,31.683123427720517,1.0850253766279931e-05,1.3563213491945372,0.0050000295599773046,0.28663506623853996,0.5951374238143645
2.51734615384604,1.7526942570548798,0.0,31.654256882961214,1.0845484523048221e-05,1.3566581137157694,0.005000029559800061,0.28666615879630497,0.5943717790838945
2.5178461538460404,1.7534345560492852,0.0,31.625362687635317,1.0840742026566773e-05,1.3569948816828912,0.00500002955975111,0.28669725135407,0.5936054032277377
2.51834615384604,1.75417485504369,0.0,31.59644084058075,1.0836026125762885e-05,1.3573316531007245,0.00500002955982981,0.286728343911835,0.5928382962127026
2.51884615384604,1.7549151540380947,0.0,31.56749134076254,1.0831336674797557e-05,1.3576684279740956,0.005000029560035549,0.2867594364696,0.592070458005546
2.51934615384604,1.7556554530325001,0.0,31.53851418732978,1.0826673527831792e-05,1.358005206307831,0.0050000295603677145,0.286790529027365,0.5913018885729828
2.51984615384604,1.7563957520269056,0.0,31.509509379626568,1.0822036539026596e-05,1.3583419881067564,0.005000029560825692,0.28682162158513,0.5905325878816876
2.52034615384604,1.7571360510213103,0.0,31.480476917174737,1.0817425562542982e-05,1.3586787733756978,0.005000029561408866,0.28685271414289504,0.5897625558982935
2.5208461538460396,1.757876350015715,0.0,31.451416799681283,1.081284045254195e-05,1.3590155621194815,0.0050000295621166245,0.28688380670066005,0.58899179258939
2.5213461538460398,1.7586166490101205,0.0,31.422329027031687,1.0808281063184498e-05,1.3593523543429342,0.00500002956294835,0.28691489925842506,0.588220297921525
2.52184615384604,1.759356948004526,0.0,31.393213599311466,1.0803747248631637e-05,1.3596891500508814,0.005000029563903426,0.28694599181619007,0.587448071861207
2.5223461538460397,1.7600972469989307,0.0,31.3640705164932,1.0799238863837963e-05,1.3600259492481745,0.005000029564981243,0.2869770843739551,0.5866751143748432
2.5228461538460394,1.7608375459933352,0.0,31.334899775595133,1.0794755766549698e-05,1.3603627519399306,0.005000029566181201,0.2870081769317201,0.5859014254281889
2.5233461538460396,1.7615778449877406,0.0,31.305701374461872,1.079029781409108e-05,1.3606995581312133,0.0050000295675027015,0.2870392694894851,0.5851270049870774
2.5238461538460397,1.762318143982146,0.0,31.2764753111131,1.0785864867085779e-05,1.3610363678270885,0.0050000295689451605,0.2870703620472501,0.5843518530172935
2.5243461538460394,1.7630584429765508,0.0,31.247221583751028,1.0781456786157477e-05,1.3613731810326217,0.005000029570507995,0.2871014546050151,0.5835759694845791
2.524846153846039,1.7637987419709555,0.0,31.217940190774865,1.077707343192984e-05,1.361709997752879,0.00500002957219062,0.28713254716278014,0.5827993543546309
2.5253461538460393,1.764539040965361,0.0,31.188631130767174,1.0772714665026539e-05,1.362046817992927,0.005000029573992451,0.28716363972054515,0.5820220075931006
2.5258461538460395,1.7652793399597664,0.0,31.15929439778988,1.0768380378635764e-05,1.3623836417582338,0.005000029575913082,0.28719473227831016,0.5812439291646687
2.526346153846039,1.7660196389541711,0.0,31.12992999725202,1.0764070392067066e-05,1.3627204690533183,0.005000029577951702,0.28722582483607517,0.5804651190361632
2.526846153846039,1.7667599379485759,0.0,31.100537927634356,1.0759784564210357e-05,1.3630572998833062,0.005000029580107712,0.2872569173938402,0.5796855771729691
2.527346153846039,1.7675002369429813,0.0,31.071118185883822,1.0755522764921752e-05,1.363394134253469,0.005000029582380578,0.2872880099516052,0.5789053035400885
2.5278461538460393,1.7682405359373865,0.0,31.04167076917234,1.0751284864057375e-05,1.3637309721690776,0.005000029584769762,0.2873191025093702,0.57812429810248
2.528346153846039,1.7689808349317913,0.0,31.01219567486562,1.0747070731473349e-05,1.3640678136354027,0.005000029587274726,0.2873501950671352,0.5773425608250564
2.5288461538460387,1.769721133926196,0.0,30.982692900523627,1.0742880237025787e-05,1.3644046586577157,0.005000029589894931,0.28738128762490023,0.5765600916726841
2.529346153846039,1.7704614329206014,0.0,30.953162443911513,1.073871325057081e-05,1.3647415072412878,0.00500002959262984,0.28741238018266524,0.5757768906101837
2.529846153846039,1.7712017319150068,0.0,30.923604302996477,1.0734569641964537e-05,1.3650783593913902,0.005000029595478912,0.28744347274043025,0.5749929576023307
2.530346153846039,1.7719420309094116,0.0,30.894018475955214,1.0730449281063091e-05,1.3654152151132934,0.0050000295984416075,0.28747456529819526,0.5742082926138568
2.5308461538460385,1.7726823299038164,0.0,30.86440496115685,1.0726352037722588e-05,1.365752074412269,0.005000029601517385,0.2875056578559603,0.5734228956094451
2.5313461538460387,1.7734226288982218,0.0,30.834763757173846,1.0722277781799146e-05,1.3660889372935883,0.005000029604705704,0.2875367504137253,0.5726367665537346
2.531846153846039,1.7741629278926272,0.0,30.80509486279984,1.0718226383148887e-05,1.366425803762522,0.005000029608006022,0.28756784297149035,0.5718499054113191
2.5323461538460386,1.774903226887032,0.0,30.77539827700127,1.0714197711627932e-05,1.3667626738243412,0.005000029611417796,0.2875989355292553,0.5710623121467471
2.5328461538460383,1.7756435258814367,0.0,30.745673998980525,1.0710191637092399e-05,1.3670995474843173,0.0050000296149404835,0.2876300280870203,0.5702739867245201
2.5333461538460385,1.7763838248758421,0.0,30.71592202813106,1.0706208029398402e-05,1.3674364247477213,0.00500002961857354,0.2876611206447854,0.5694849291090949
2.5338461538460386,1.7771241238702473,0.0,30.688015272427943,1.0702246763420133e-05,1.3677731450639732,0.005000029622304257,0.2876922132025504,0.5686955158474291
2.5343461538460383,1.777864422864652,0.0,30.658019805186907,1.0698307714355856e-05,1.3681100456054127,0.005000029626157722,0.28772330576031535,0.567904956391521
2.534846153846038,1.7786015614725335,0.0,30.617439949486318,1.0694390758551926e-05,1.3684464284379259,0.005000029630080435,0.2877542655818464,0.5671148895769655
2.5353461538460382,1.779326721728947,0.0,30.530263074784518,1.0690495773713067e-05,1.3687814072679065,0.005000029634004635,0.28778472231261576,0.5663274032318318
2.5358461538460384,1.7800393819853606,0.0,30.404243763894648,1.0686622637544009e-05,1.3691140958017487,0.0050000296378625774,0.28781465404338513,0.5655445927310507
2.536346153846038,1.7807395422417736,0.0,30.24988792007819,1.0682771227749483e-05,1.369443607745846,0.005000029641586545,0.2878440607741545,0.5647685608920072
2.536846153846038,1.7814272024981863,0.0,30.077648799533886,1.0678941422034214e-05,1.3697690568065926,0.005000029645108845,0.2878729425049238,0.5640014178200349
2.537346153846038,1.7821023627546,0.0,29.897844040048046,1.0675133098106796e-05,1.3700895604397472,0.005000029648362098,0.2879012992356932,0.5632452718543199
2.537846153846038,1.7827650230110135,0.0,29.71513447651623,1.0671346135246472e-05,1.3704047189181743,0.00500002965131559,0.28792913096646255,0.5625010975865699
2.538346153846038,1.7834151832674265,0.0,29.52643742001563,1.0667580414263741e-05,1.37071480441491,0.0050000296539896,0.2879564376972319,0.5617682837615275
2.5388461538460376,1.7840528435238394,0.0,29.33452244783851,1.06638358159785e-05,1.3710195795836004,0.005000029656365755,0.28798321942800126,0.5610474220842105
2.539346153846038,1.784678003780253,0.0,29.13983908368379,1.0660112222011687e-05,1.3713190081701268,0.005000029658440948,0.2880094761587706,0.5603386293735757
2.539846153846038,1.7852906640366666,0.0,28.94396523523817,1.0656409514288392e-05,1.3716129538896098,0.005000029660204495,0.28803520788954,0.5596422592520369
2.5403461538460377,1.7858908242930795,0.0,28.74750770964113,1.0652727575939196e-05,1.3719013646470792,0.0050000296616521086,0.28806041462030935,0.5589584661149242
2.5408461538460374,1.7864784845494925,0.0,28.54948722984835,1.0649066290669955e-05,1.3721843286083597,0.005000029662790143,0.2880850963510787,0.558287071231966
2.5413461538460376,1.787053644805906,0.0,28.35080576391348,1.0645425541836852e-05,1.372461767395884,0.00500002966361233,0.28810925308184804,0.5576282902689232
2.5418461538460377,1.7876163050623195,0.0,28.15202803061416,1.0641805214542914e-05,1.372733631729514,0.005000029664114621,0.2881328848126174,0.5569822696993847
2.5423461538460375,1.7881664653187326,0.0,27.952725109689858,1.0638205194750789e-05,1.3729999608851393,0.0050000296642996895,0.2881559915433868,0.5563489450882799
2.542846153846037,1.7887041255751457,0.0,27.752474370006627,1.0634625368423114e-05,1.3732607941386505,0.0050000296641702115,0.28817857327415614,0.5557282511447192
2.5433461538460373,1.7892292858315593,0.0,27.55148387757838,1.0631065623425636e-05,1.3735161142842987,0.005000029663724596,0.28820063000492546,0.5551202562817563
2.5438461538460375,1.7897419460879727,0.0,27.3508553122305,1.0627525843827974e-05,1.373765822732542,0.005000029662955074,0.2882221617356948,0.5545252224396238
2.5443461538460372,1.7902421063443859,0.0,27.150313324409513,1.0624005918815175e-05,1.3740099449470369,0.0050000296618633085,0.2882431684664642,0.5539431156910537
2.544846153846037,1.7907297666007989,0.0,26.94953748856348,1.0620505738119856e-05,1.3742485108933582,0.005000029660451306,0.28826365019723355,0.5533738906061989
2.545346153846037,1.7912049268572123,0.0,26.748212293747734,1.0617025191474637e-05,1.3744815505370813,0.005000029658721079,0.2882836069280029,0.5528175009800491
2.5458461538460373,1.7916675871136258,0.0,26.54602721262825,1.0613564168612141e-05,1.3747090938437805,0.005000029656674638,0.28830303865877227,0.5522738998430259
2.546346153846037,1.792117747370039,0.0,26.342676790400184,1.0610122559264995e-05,1.3749311707790306,0.005000029654314,0.28832194538954165,0.5517430394715095
2.5468461538460367,1.792555407626452,0.0,26.139878747213466,1.0606700256721095e-05,1.3751476238677653,0.005000029651627026,0.288340327120311,0.5512253198544952
2.547346153846037,1.7929805678828656,0.0,25.936621490020897,1.0603297147532293e-05,1.3753585476847017,0.005000029648620615,0.28835818385108036,0.5507205378827537
2.547846153846037,1.793393228139279,0.0,25.73273466209788,1.0599913125826474e-05,1.3755639595427174,0.0050000296452958615,0.2883755155818497,0.5502286744024112
2.548346153846037,1.7937933883956922,0.0,25.52810366355891,1.0596548085910107e-05,1.375763871799241,0.005000029641653492,0.2883923223126191,0.5497497214618734
2.5488461538460365,1.7941810486521053,0.0,25.322616131422436,1.0593201922089653e-05,1.3759582968117012,0.005000029637694236,0.2884086040433884,0.5492836704669795
2.5493461538460367,1.7945562089085187,0.0,25.116161981175082,1.0589874528671574e-05,1.376147246937527,0.005000029633418827,0.2884243607741578,0.5488305121853285
2.549846153846037,1.7949188691649323,0.0,24.908633451743793,1.0586565799962336e-05,1.3763307345341464,0.005000029628828003,0.2884395925049271,0.5483902367506053
2.5503461538460366,1.7952690294213454,0.0,24.69992515384091,1.0583275630268408e-05,1.376508771958988,0.005000029623922503,0.2884542992356965,0.547962833666884
2.5508461538460363,1.7956066896777585,0.0,24.49035048655295,1.0580003916199218e-05,1.3766813316149693,0.005000029618700067,0.2884684809664658,0.5475483877958339
2.5513461538460365,1.795931849934172,0.0,24.279848919102317,1.0576750552275094e-05,1.376848421489112,0.005000029613161118,0.28848213769723524,0.5471468980266732
2.5518461538460366,1.7962445101905855,0.0,24.06834025858269,1.05735154368696e-05,1.3770100516296933,0.005000029607306257,0.2884952694280046,0.5467583576855104
2.5523461538460364,1.7965446704469987,0.0,23.85574663850339,1.0570298468359886e-05,1.3771662320572582,0.005000029601136088,0.28850787615877393,0.546382759552712
2.552846153846036,1.796832330703412,0.0,23.641992270816804,1.056709954512309e-05,1.3773169727923524,0.005000029594651219,0.2885199578895433,0.5460200957997934
2.5533461538460362,1.7971074909598255,0.0,23.427003490457768,1.0563918565536353e-05,1.3774622838555213,0.0050000295878522595,0.2885315146203127,0.5456703579929014
2.5538461538460364,1.7973701512162388,0.0,23.20998123552588,1.0560755432089561e-05,1.377602246983852,0.005000029580745248,0.288542546351082,0.5453333643901339
2.554346153846036,1.797620311472652,0.0,22.991106809574696,1.0557610038717059e-05,1.3777368483999757,0.005000029573328981,0.2885530530818514,0.5450091625027227
2.554846153846036,1.7978579717290653,0.0,22.770398301761364,1.0554482285522407e-05,1.377866090361263,0.005000029565603503,0.28856303481262074,0.5446977606986412
2.555346153846036,1.7980831319854789,0.0,22.54753433197665,1.055137207548109e-05,1.3779900091727282,0.005000029557571437,0.2885724915433901,0.5443990847117375
2.555846153846036,1.7982957922418923,0.0,22.322201319523355,1.05482793115686e-05,1.378108641139385,0.005000029549235411,0.2885814232741595,0.5441130596164788
2.556346153846036,1.7984959524983055,0.0,22.09409375692997,1.0545203896760436e-05,1.3782220225662476,0.005000029540598049,0.2885898300049288,0.5438396098402325
2.5568461538460356,1.7986836127547188,0.0,21.862914512990415,1.0542145734032081e-05,1.3783301897583302,0.00500002953166198,0.2885977117356982,0.5435786591754651
2.557346153846036,1.7988587730111323,0.0,21.628375165009327,1.0539104726359024e-05,1.3784331790206472,0.005000029522429828,0.28860506846646755,0.5433301307918584
2.557846153846036,1.7990214332675456,0.0,21.39019636030874,1.053608077671676e-05,1.3785310266582123,0.005000029512904222,0.2886119001972369,0.5430939472483413
2.5583461538460357,1.799171593523959,0.0,21.148083794562513,1.0533073789466844e-05,1.378623771496971,0.005000029503087985,0.28861820692800627,0.5428700244177602
2.5588461538460354,1.7993092537803723,0.0,20.90210973562633,1.0530083671650852e-05,1.3787114153722106,0.005000029492981179,0.28862398865877564,0.5426583669221203
2.5593461538460356,1.7994344140367857,0.0,20.652195119890592,1.0527110321220894e-05,1.3787939761815964,0.005000029482585025,0.288629245389545,0.5424589400782405
2.5598461538460358,1.7995470742931992,0.0,20.397720544554304,1.0524153646431244e-05,1.3788715292883127,0.005000029471905112,0.28863397712031436,0.5422715698173954
2.5603461538460355,1.7996472345496124,0.0,20.13808693740147,1.0521213555536175e-05,1.3789441500555433,0.0050000294609470215,0.28863818385108375,0.5420960814371235
2.560846153846035,1.7997348948060257,0.0,19.872716684906443,1.0518289956789956e-05,1.379011913846472,0.00500002944971633,0.28864186558185306,0.5419322996251099
2.5613461538460354,1.7998100550624392,0.0,19.601054886289692,1.0515382758446854e-05,1.3790748960242836,0.005000029438218609,0.28864502231262246,0.5417800484827124
2.5618461538460355,1.7998727153188525,0.0,19.322570733426083,1.0512491868761142e-05,1.3791331719521616,0.005000029426459424,0.2886476540433918,0.5416391515481271
2.5623461538460353,1.7999228755752659,0.0,19.036759016749144,1.0509617195987095e-05,1.3791868169932902,0.005000029414444331,0.28864976077416116,0.5415094318191872
2.562846153846035,1.7999605358316793,0.0,18.743141757068862,1.0506758648378978e-05,1.3792359065108535,0.005000029402178882,0.2886513425049305,0.541390711775801
2.563346153846035,1.7999856960880927,0.0,18.441269963271168,1.0503916134191062e-05,1.3792805158680355,0.005000029389668621,0.2886523992356999,0.5412828134020309
2.5638461538460353,1.7999983563445061,0.0,18.130827974886603,1.0501089563125743e-05,1.3793207090011084,0.005000029376918238,0.28865293096646927,0.541185585851073
2.5641025641025705,1.7999999999999976,0.0,17.967815843345413,1.0499646195245414e-05,1.3793396725387137,0.005000029370291247,0.2886529999999999,0.5411397093055532
