Time [s],Phi [rad],STIM [ ],Fsee [N],Gamma [ ],Lcerel [ ],q [ ],Lmtc [m],fisomrel [ ]
0.0,1.8,1.0,17.965909817435506,1.0108863868732587e-05,1.3793398860791153,0.005000027232896959,0.288653,0.5411391926960583
0.0005,1.79999375,1.0,18.27539383337023,0.005619261469931797,1.3793025377857313,0.01294081926729778,0.2886527375,0.5412295434607904
0.001,1.799975,1.0,21.61716215873435,0.011196951164795771,1.3789384266591211,0.03560915380204594,0.28865195,0.5421099132688454
0.0015,1.79994375,1.0,31.068105102929973,0.01674335443137835,1.378046300078763,0.07060249867637197,0.2886506375,0.5442633769029268
0.002,1.7999,1.0,53.58131187475194,0.022258646760943118,1.3763682014903584,0.1147187773584124,0.2886488,0.5483003090143908
0.0025,1.79984375,1.0,97.11794706076712,0.027743002660669213,1.3739352149936443,0.1645756957197997,0.28864643749999996,0.5541213488126817
0.003,1.7997750000000001,1.0,160.95745462796043,0.03319659566136311,1.3712143704143596,0.21728127883983123,0.28864354999999997,0.5605863877483122
0.0035,1.79969375,1.0,237.68285326961433,0.038619598317053354,1.368584748965246,0.2706137057713043,0.2886401375,0.5667898049433244
0.004,1.7996,1.0,321.46649763626743,0.0440121822157721,1.3661560996455047,0.32291659074923834,0.2886362,0.5724799448099211
0.0045000000000000005,1.7994937500000001,1.0,409.2676599753488,0.04937451798473957,1.3639228162983275,0.37303525524178793,0.2886317375,0.577679157453743
0.005,1.799375,1.0,499.41355863821985,0.054706775281461104,1.3618583411893208,0.4202481595167139,0.28862675,0.582457081988881
0.0055,1.79924375,1.0,590.7905863456028,0.06000912284114305,1.3599388317320886,0.4641743450233926,0.2886212375,0.5868751192963623
0.006,1.7991000000000001,1.0,682.5183807589144,0.06528172841996013,1.3581464097953306,0.5046805565320772,0.2886152,0.5909794296897803
0.006500000000000001,1.79894375,1.0,773.8600667201615,0.07052475852830219,1.356467615366431,0.5418015368595653,0.2886086375,0.5948049719227366
0.007,1.798775,1.0,864.2894709820172,0.07573838006837434,1.354890335879284,0.5756772447695337,0.28860155,0.5983828109039826
0.0075,1.79859375,1.0,953.2572356926869,0.08092275715109895,1.3534065635455108,0.6065102414046863,0.2885939375,0.6017340588104363
0.008,1.7984,1.0,1040.357099566661,0.08607805359224963,1.3520086662946158,0.6345324876412595,0.2885858,0.604878503997085
0.0085,1.79819375,1.0,1125.3159682023322,0.09120443302498431,1.350689216856756,0.6599848029408104,0.2885771375,0.6078350547844236
0.009000000000000001,1.797975,1.0,1207.8805142106182,0.09630205754074628,1.3494423037692491,0.6831046910046754,0.28856795,0.6106188658687495
0.0095,1.79774375,1.0,1287.8725945597519,0.1013710885093894,1.34826238331251,0.7041179347976398,0.2885582375,0.6132439807700585
0.01,1.7975,1.0,1365.1595062776107,0.1064116861520574,1.347144482227178,0.7232345676549893,0.288548,0.615722922382731
0.0105,1.79724375,1.0,1439.6517326342127,0.11142400989343923,1.346084043592016,0.740646972895701,0.2885372375,0.618067075162626
0.011,1.796975,1.0,1511.3157744040154,0.11640821881823588,1.3450766323078445,0.7565294075618886,0.28852595000000003,0.6202873655455252
0.0115,1.79669375,1.0,1580.1159789063217,0.1213644700753132,1.3441185431923235,0.7710388587210893,0.2885141375,0.6223929471657941
0.012,1.7964,1.0,1646.054071713607,0.12629292036788728,1.3432061993587507,0.7843158079608036,0.28850180000000003,0.6243925533218159
0.0125,1.79609375,1.0,1709.1689583599216,0.13119372622241277,1.3423360924146635,0.7964855371423782,0.2884889375,0.626294642315877
0.013000000000000001,1.7957750000000001,1.0,1769.5015657716087,0.13606704288471694,1.3415051290700788,0.8076596874941704,0.28847555,0.6281066543967757
0.0135,1.79544375,1.0,1827.087338087466,0.14091302374066014,1.340710641631667,0.8179376431841462,0.2884616375,0.6298350085425313
0.014,1.7951000000000001,1.0,1881.9892916774918,0.14573182217610275,1.3399499624060978,0.8274076909292196,0.2884472,0.6314860429212141
0.0145,1.79474375,1.0,1934.2740452750365,0.1505235905111486,1.3392206564685536,0.8361483506087801,0.2884322375,0.6330655172992461
0.015,1.794375,1.0,1984.0455347470033,0.15528848196887673,1.3385201234863087,0.8442293619051521,0.28841675,0.6345794834018315
0.0155,1.79399375,1.0,2031.3670013470703,0.16002664626421909,1.3378464090106428,0.8517129774885445,0.2884007375,0.6360325380057827
0.016,1.7936,1.0,2076.30894643062,0.16473823264614065,1.3371976496047124,0.8586546608408413,0.2883842,0.6374290341232703
0.0165,1.7931937500000001,1.0,2118.9561428920047,0.16942339036360643,1.3365719818316737,0.8651038620667371,0.2883671375,0.6387732813963632
0.017,1.792775,1.0,2159.3937632041693,0.1740822676675836,1.3359676714898914,0.8711047674863714,0.28834955,0.6400692720461111
0.0175,1.7923437500000001,1.0,2197.721072335541,0.17871501344138954,1.33538295760846,0.8766968773811984,0.2883314375,0.6413210195975829
0.018000000000000002,1.7919,1.0,2234.013688950254,0.18332177350963197,1.3348164226105523,0.881915654173569,0.2883128,0.6425317702495918
0.0185,1.79144375,1.0,2268.3454157280153,0.18790269279691835,1.334266752102152,0.886792927928322,0.2882936375,0.643704523083796
0.019,1.790975,1.0,2300.797566109674,0.1924579162278563,1.3337326316892424,0.8913572903280877,0.28827395,0.6448422530158562
0.0195,1.79049375,1.0,2331.451710762658,0.196987587847958,1.333212812053055,0.8956344813488293,0.2882537375,0.6459477738638246
0.02,1.79,1.0,2360.3946545003837,0.20149185229363376,1.33270605245128,0.8996477002398988,0.288233,0.6470238605302493
0.0205,1.78949375,1.0,2387.704148697519,0.20597085260751483,1.3322112541238327,0.9034179193252763,0.2882117375,0.6480729675812189
0.021,1.788975,1.0,2413.4429155624025,0.21042472910733562,1.3317275094473626,0.906964139647238,0.28818995000000003,0.6490971284306439
0.021500000000000002,1.78844375,1.0,2437.6776091724732,0.21485362211083053,1.3312539107985186,0.910303566387945,0.2881676375,0.6500983628210685
0.022,1.7879,1.0,2460.478488570027,0.21925767193573392,1.33078955055395,0.9134518033603131,0.2881448,0.6510786774372315
0.0225,1.78734375,1.0,2481.9134574062846,0.22363701776741965,1.3303335749636787,0.9164230342860249,0.28812143749999997,0.6520399529710322
0.023,1.786775,1.0,2502.0521699793508,0.22799179936480368,1.3298851413258825,0.9192301650000145,0.28809755,0.6529840354987325
0.0235,1.78619375,1.0,2520.963020160269,0.23232215614170587,1.3294434438229483,0.9218849606945329,0.28807313749999996,0.6539126827872319
0.024,1.7856,1.0,2538.6964937427365,0.2366282233151069,1.329007867531425,0.9243981888820706,0.2880482,0.6548272420357919
0.0245,1.78499375,1.0,2555.3049434077775,0.24091013610198758,1.3285777975278612,0.9267796876477571,0.2880227375,0.6557290528435582
0.025,1.784375,1.0,2570.842432495237,0.2451680297193286,1.3281526188888064,0.929038458625571,0.28799675,0.6566194474375566
0.025500000000000002,1.78374375,1.0,2585.3645871594576,0.24940203938411076,1.3277317166908098,0.9311827495430214,0.2879702375,0.6574997508765777
0.026000000000000002,1.7831000000000001,1.0,2598.9209451275165,0.25361229845840755,1.3273145459838973,0.9332201381872998,0.2879432,0.6583711351637602
0.0265,1.78244375,1.0,2611.5641977697805,0.2577989419744345,1.326900543842319,0.9351575840205929,0.2879156375,0.6592348036849367
0.027,1.781775,1.0,2623.348133725545,0.26196210447529933,1.3264891476128104,0.937001488648099,0.28788755,0.6600919530964939
0.0275,1.7810937500000001,1.0,2634.3097094774344,0.26610191561684965,1.326079959816228,0.9387577710786484,0.2878589375,0.6609434305046145
0.028,1.7804,1.0,2644.486663844775,0.270218505054933,1.3256725829734282,0.940431889223473,0.2878298,0.6617900787608915
0.0285,1.77969375,1.0,2653.91745052356,0.2743120024453969,1.3252666196052671,0.9420288818664568,0.2878001375,0.6626327365132731
0.029,1.778975,1.0,2662.6411741294496,0.2783825374440889,1.3248616722326012,0.9435534063080748,0.28776995,0.6634722382469325
0.029500000000000002,1.7782437500000001,1.0,2670.6975297431222,0.28243023970685666,1.3244573433762867,0.9450097721760683,0.2877392375,0.6643094143150585
0.03,1.7775,1.0,2678.1201678576926,0.28645523632368514,1.324053295920434,0.9464019790104359,0.287708,0.6651449662088762
0.0305,1.77674375,1.0,2684.9486549763833,0.29045765762840914,1.3236491426227632,0.947733730406587,0.2876762375,0.6659796954067292
0.031,1.775975,1.0,2691.2158533302418,0.2944376307386004,1.3232445615392316,0.9490084719523879,0.28764395,0.6668142647809627
0.0315,1.7751937500000001,1.0,2696.947831840104,0.2983952797295292,1.3228392960705233,0.9502294128584332,0.2876111375,0.6676491993389317
0.032,1.7744,1.0,2702.170948248145,0.3023307286764654,1.322433089617322,0.9513995384030024,0.2875778,0.668485021428023
0.0325,1.77359375,1.0,2706.911821624989,0.30624410165467925,1.3220256855803112,0.9525216283004279,0.2875439375,0.6693222507223551
0.033,1.772775,1.0,2711.197306336358,0.3101355227394408,1.3216168273601747,0.953598273351363,0.28750955,0.6701614042052793
0.0335,1.7719437500000002,1.0,2715.0544674702574,0.31400511600602005,1.3212062583575965,0.9546318905540061,0.2874746375,0.6710029961476817
0.034,1.7711000000000001,1.0,2718.5009972609246,0.317852999846658,1.3207938090497957,0.9556247450909974,0.2874392,0.6718473599340664
0.0345,1.7702437500000001,1.0,2721.572395067102,0.3216793037799622,1.3203791491324155,0.95657893916161,0.2874032375,0.6726951556160379
0.035,1.7693750000000001,1.0,2724.290132401233,0.3254841488319002,1.3199620774378116,0.9574964510509366,0.28736675,0.6735467761533159
0.035500000000000004,1.76849375,1.0,2726.670811137402,0.3292676530152188,1.3195424381452052,0.9583791369056786,0.2873297375,0.674402519847633
0.036000000000000004,1.7676,1.0,2728.731128254135,0.3330299343426648,1.3191200754338177,0.9592287358918363,0.2872922,0.6752626832114621
0.0365,1.76669375,1.0,2730.487865471945,0.3367711108269851,1.3186948334828703,0.9600468788968318,0.2872541375,0.676127560941727
0.037,1.765775,1.0,2731.9578794276886,0.3404913004809264,1.3182665564715845,0.9608350964900945,0.28721555,0.6769974458919634
0.0375,1.76484375,1.0,2733.1580923888296,0.34419062131723566,1.3178350885791814,0.9615948262128575,0.2871764375,0.6778726290429334
0.038,1.7639,1.0,2734.105483504718,0.3478691913486596,1.3174002739848825,0.9623274192604914,0.28713679999999997,0.6787533994716886
0.0385,1.76294375,1.0,2734.8195798508823,0.3515271272108599,1.3169619341727377,0.9630341441940159,0.28709663750000003,0.6796400901960368
0.039,1.7619752966605768,1.0,2735.347511987117,0.35516453763043804,1.3165197743455213,0.963716182836847,0.28705596245974424,0.680533266735524
0.0395,1.7610030199883977,1.0,2736.062172593323,0.35878155329987216,1.3160741930309452,0.9643747160719947,0.2870151268395127,0.6814320934306021
0.04,1.7600307433162186,1.0,2737.1308331247424,0.3623782852776523,1.3156253992227502,0.965010835769951,0.2869742912192812,0.6823361204256363
0.0405,1.7590584666440394,1.0,2738.5306702527846,0.3659548446222686,1.3151736019146774,0.965625571633077,0.28693345559904965,0.6832449000514301
0.041,1.7580861899718603,1.0,2740.238899984537,0.3695113423922112,1.3147190101004673,0.9662198953935944,0.2868926199788181,0.6841579868666516
0.0415,1.7571139132996811,1.0,2742.232764229148,0.37304788964597,1.3142618327738609,0.9667947246864248,0.2868517843585866,0.6850749376964729
0.042,1.756141636627502,1.0,2744.489518333274,0.3765645974420353,1.3138022789285992,0.9673509266251378,0.2868109487383551,0.6859953116684234
0.0425,1.7551693599553226,1.0,2746.9864195847836,0.38006157683889713,1.313340557558423,0.9678893211065533,0.28677011311812356,0.6869186702454613
0.043000000000000003,1.7541970832831435,1.0,2749.700716684873,0.3835389388950456,1.312876877657073,0.9684106838671296,0.286729277497892,0.6878445772562533
0.043500000000000004,1.7532248066109644,1.0,2752.609640188768,0.38699679466897074,1.3124114482182903,0.9689157493120721,0.2866884418776605,0.688772598922674
0.044,1.7522525299387852,1.0,2755.6903939141416,0.3904352552191627,1.3119444782358156,0.9694052131361616,0.28664760625742897,0.6897023038845178
0.0445,1.751280253266606,1.0,2758.929940199841,0.3938544247756804,1.3114760881657617,0.9698797268613493,0.28660677063719747,0.690633439097432
0.045,1.750307976594427,1.0,2762.3094693550056,0.397254416779218,1.3110064504628198,0.9703399137896082,0.2865659350169659,0.6915656497784363
0.0455,1.7493356999222478,1.0,2765.810024290239,0.40063534386348965,1.31053573859352,0.9707863653585497,0.28652509939673443,0.6924985811740341
0.046,1.7483634232500687,1.0,2769.423219297577,0.40399731008223405,1.3100640302679158,0.9712196348104701,0.2864842637765029,0.6934320699426562
0.0465,1.7473911465778895,1.0,2773.1406531522416,0.4073404194891901,1.3095914031960614,0.9716402478074705,0.28644342815627133,0.6943659536578245
0.047,1.7464188699057104,1.0,2776.9539074628756,0.41066477613809643,1.30911793508801,0.9720487040707426,0.28640259253603984,0.6953000708128981
0.0475,1.7454465932335312,1.0,2780.8545451551386,0.4139704840826918,1.3086437036538152,0.9724454789075498,0.28636175691580834,0.6962342608254333
0.048,1.744474316561352,1.0,2784.834109089654,0.41725764737671506,1.3081687866035312,0.9728310246345749,0.2863209212955768,0.6971683640411583
0.0485,1.743502039889173,1.0,2788.884120814212,0.4205263700739049,1.3076932616472112,0.9732057719055701,0.28628008567534524,0.6981022217375664
0.049,1.7425297632169938,1.0,2792.996079449072,0.42377675622800015,1.3072172064949092,0.97357013095057,0.28623925005511375,0.6990356761271184
0.0495,1.7415574865448145,1.0,2797.1614607064153,0.4270089098927395,1.3067406988566788,0.9739244927333088,0.2861984144348822,0.6999685703600649
0.05,1.7405852098726353,1.0,2801.37171604412,0.43022293512186166,1.3062638164425733,0.9742692300329463,0.28615757881465065,0.7009007485268808
0.0505,1.7396129332004562,1.0,2805.625405695314,0.43341892506343865,1.3057865730053302,0.9746046929865547,0.28611674319441915,0.7018321803879333
0.051000000000000004,1.738640656528277,1.0,2809.911195637853,0.436596994693216,1.3053090709027553,0.974931224029901,0.28607590757418766,0.7027626633434195
0.051500000000000004,1.737668379856098,1.0,2814.225544886073,0.43975724261625443,1.3048313424244171,0.9752491437628724,0.2860350719539561,0.703692132256785
0.052000000000000005,1.7366961031839188,1.0,2818.565491065787,0.44289976632334943,1.3043534145886835,0.9755587580009768,0.28599423633372456,0.7046205326154622
0.0525,1.7357238265117396,1.0,2822.9280627872713,0.4460246633052965,1.3038753144139221,0.975860359022024,0.28595340071349307,0.7055478102354591
0.053,1.7347515498395605,1.0,2827.310279533536,0.4491320310528913,1.3033970689185006,0.9761542262833525,0.2859125650932615,0.7064739112616792
0.0535,1.7337792731673813,1.0,2831.709151565811,0.45222196705692924,1.302918705120787,0.9764406270951125,0.28587172947303,0.7073987821681944
0.054,1.7328069964952022,1.0,2836.121679843923,0.45529456880820596,1.3024402500391488,0.9767198172526492,0.2858308938527985,0.7083223697584732
0.0545,1.731834719823023,1.0,2840.5448559641854,0.4583499337975168,1.3019617306919538,0.9769920416308019,0.285790058232567,0.7092446211655612
0.055,1.730862443150844,1.0,2844.9756621121724,0.4613881595156575,1.3014831740975699,0.9772575347427092,0.28574922261233543,0.7101654838522142
0.0555,1.7298901664786648,1.0,2849.4110710329182,0.46440934345342344,1.3010046072743648,0.9775165212655235,0.28570838699210394,0.7110849056109866
0.056,1.7289178898064856,1.0,2853.8500628600395,0.4674135717760084,1.300526039312197,0.9777692144415139,0.2856675513718724,0.7120028689264155
0.0565,1.7279456131343065,1.0,2858.2910053660466,0.47040093959634105,1.3000474847119474,0.9780158198803014,0.2856267157516409,0.7129193460396482
0.057,1.7269733364621271,1.0,2862.72855068721,0.4733715644322615,1.2995689909079167,0.9782565386797658,0.28558588013140934,0.7138342464490196
0.0575,1.726001059789948,1.0,2867.1619936800794,0.4763255362226751,1.2990905640125225,0.9784915589814279,0.2855450445111778,0.714747559051885
0.058,1.7250287831177689,1.0,2871.590627097065,0.47926294490648724,1.2986122101381825,0.9787210613879125,0.2855042088909463,0.715659272820121
0.0585,1.7240565064455897,1.0,2876.0137415955164,0.48218388042260335,1.2981339353973145,0.9789452193254266,0.28546337327071475,0.7165693768000954
0.059000000000000004,1.7230842297734106,1.0,2880.4306257488734,0.4850884327099288,1.2976557459023357,0.9791641993860396,0.28542253765048325,0.7174778601126408
0.059500000000000004,1.7221119531012314,1.0,2884.8405660568283,0.487976691707369,1.297177647765664,0.9793781616510387,0.2853817020302517,0.7183847119530196
0.06,1.7211396764290523,1.0,2889.2428469581023,0.4908487473538293,1.296699647099717,0.9795872599965466,0.2853408664100202,0.719289921590891
0.0605,1.7201673997568732,1.0,2893.6367508426324,0.4937046895882152,1.2962217500169122,0.9797916423825045,0.28530003078978866,0.7201934783702741
0.061,1.719195123084694,1.0,2898.0215580657014,0.4965446083494319,1.2957439626296676,0.9799914511260498,0.2852591951695571,0.7210953717095081
0.0615,1.7182228464125149,1.0,2902.396546962052,0.4993685935763851,1.2952662910504005,0.9801868231602404,0.2852183595493256,0.7219955911012124
0.062,1.7172505697403357,1.0,2906.7609938612713,0.5021767352079799,1.2947887413915284,0.9803778902790197,0.2851775239290941,0.7228941261122404
0.0625,1.7162782930681566,1.0,2911.1141731037583,0.5049691231831219,1.2943113197654694,0.9805647793692513,0.2851366883088626,0.7237909663836339
0.063,1.7153060163959775,1.0,2915.4553570580724,0.5077458474407164,1.2938340322846407,0.9807476126305991,0.285095852688631,0.7246861016305763
0.0635,1.7143337397237983,1.0,2919.7838161382897,0.5105069979196688,1.29335688506146,0.9809265077839743,0.28505501706839953,0.7255795216423384
0.064,1.7133614630516192,1.0,2924.0990931711804,0.5132526568416187,1.2928798817990288,0.9811015775935568,0.28501418144816804,0.7264712207824838
0.0645,1.7123891863794398,1.0,2928.402094108472,0.5159828823745723,1.2924030142286016,0.9812729284663073,0.2849733458279365,0.7273612157845288
0.065,1.7114169097072607,1.0,2932.6910078876585,0.5186978141444935,1.2919262979325654,0.9814406699116003,0.28493251020770494,0.7282494788755964
0.0655,1.7104446330350815,1.0,2936.965836828556,0.5213975333098646,1.2914497325588665,0.9816049026688252,0.28489167458747344,0.7291360120898125
0.066,1.7094723563629024,1.0,2941.2265835195108,0.5240821210291688,1.2909733177554514,0.9817657239362817,0.2848508389672419,0.7300208174565851
0.0665,1.7085000796907233,1.0,2945.473250816637,0.526751658460889,1.2904970531702662,0.9819232275210942,0.28481000334701034,0.7309038970006108
0.067,1.7075278030185441,1.0,2949.705841842333,0.5294062267635079,1.2900209384512575,0.9820775039817543,0.28476916772677885,0.7317852527418747
0.0675,1.706555526346365,1.0,2953.924359984213,0.5320459070955085,1.2895449732463715,0.9822286407637035,0.28472833210654735,0.7326648866956569
0.068,1.7055832496741858,1.0,2958.1288088938704,0.5346707806153734,1.2890691572035546,0.9823767223283423,0.2846874964863158,0.7335428008725339
0.0685,1.7046109730020067,1.0,2962.319192485952,0.5372809284815857,1.2885934899707534,0.9825218302758278,0.28464666086608426,0.7344189972783822
0.069,1.7036386963298276,1.0,2966.4955149367897,0.5398764318526281,1.2881179711959139,0.9826640434620006,0.28460582524585276,0.7352934779143832
0.0695,1.7026664196576484,1.0,2970.657780683103,0.5424573718869836,1.2876426005269825,0.9828034381097593,0.2845649896256212,0.7361662447770241
0.07,1.7016941429854693,1.0,2974.8059944212164,0.5450238297431349,1.287167377611906,0.9829400879151815,0.2845241540053897,0.7370372998581028
0.07050000000000001,1.7007218663132901,1.0,2978.940161105533,0.547575886579565,1.2866923020986303,0.983074064148676,0.28448331838515817,0.7379066451447313
0.07100000000000001,1.6997495896411108,1.0,2983.060285947721,0.5501136235547567,1.2862173736351017,0.9832054357514272,0.2844424827649267,0.7387742826193386
0.07150000000000001,1.6987773129689316,1.0,2987.166374415221,0.5526371218271927,1.2857425918692669,0.9833342694273828,0.2844016471446951,0.7396402142596734
0.07200000000000001,1.6978050362967525,1.0,2991.258432230379,0.5551464625553562,1.2852679564490723,0.9834606297310201,0.2843608115244636,0.7405044420388079
0.0725,1.6968327596245734,1.0,2995.336465369263,0.5576417268977296,1.2847934670224639,0.9835845791511083,0.2843199759042321,0.7413669679251428
0.073,1.6958604829523942,1.0,2999.400480060319,0.5601229960127962,1.2843191232373883,0.9837061781906774,0.2842791402840006,0.7422277938824069
0.0735,1.694888206280215,1.0,3003.4504827833,0.5625903510590387,1.283844924741792,0.9838254854433873,0.28423830466376904,0.7430869218696634
0.074,1.693915929608036,1.0,3007.486508216264,0.5650438325981991,1.2833708709416107,0.9839425553949513,0.2841974690435375,0.7439443542786767
0.0745,1.6929436529358568,1.0,3011.5087863792123,0.567483530915542,1.2828969595551778,0.984057443533338,0.284156633423306,0.7448000965383804
0.075,1.6919713762636777,1.0,3015.517450219092,0.569909571143842,1.282423189147566,0.9841702055560917,0.28411579780307444,0.7456541525246116
0.0755,1.6909990995914985,1.0,3019.51260229493,0.5723220248995031,1.28194955855143,0.9842808925464657,0.28407496218284295,0.7465065256143295
0.076,1.6900268229193194,1.0,3023.4943456537144,0.5747209637989297,1.2814760665994254,0.9843895540366824,0.2840341265626114,0.7473572191700123
0.0765,1.6890545462471402,1.0,3027.46278382748,0.5771064594585259,1.2810027121242071,0.9844962380649382,0.2839932909423799,0.7482062365396682
0.077,1.688082269574961,1.0,3031.418020829114,0.5794785834946958,1.2805294939584302,0.9846009912299684,0.28395245532214836,0.7490535810568466
0.0775,1.687109992902782,1.0,3035.360161149159,0.5818374075238438,1.2800564109347499,0.984703858743299,0.2839116197019168,0.7498992560406458
0.078,1.6861377162306028,1.0,3039.289309752404,0.584183003162374,1.2795834618858213,0.9848048844792883,0.2838707840816853,0.7507432647957255
0.0785,1.6851654395584235,1.0,3043.2055720739495,0.5865154420266907,1.2791106456442993,0.9849041110230705,0.28382994846145376,0.7515856106123162
0.079,1.6841931628862445,1.0,3047.1090540163136,0.588834795733198,1.2786379610428393,0.9850015797165016,0.28378911284122227,0.7524262967662282
0.0795,1.6832208862140652,1.0,3050.999861945382,0.5911411358983001,1.2781654069140964,0.9850973307021965,0.2837482772209907,0.7532653265188621
0.08,1.682248609541886,1.0,3054.8781026878146,0.5934345341384012,1.2776929820907255,0.9851914029657564,0.2837074416007592,0.7541027031172195
0.0805,1.681276332869707,1.0,3058.743883526784,0.5957150620699055,1.2772206854053816,0.9852838343762629,0.2836666059805277,0.7549384297939109
0.081,1.6803040561975278,1.0,3062.5973121994393,0.5979827913092173,1.2767485156907203,0.9853746617251263,0.2836257703602962,0.7557725097671656
0.0815,1.6793317795253486,1.0,3066.438496893051,0.6002377934727406,1.2762764717793962,0.9854639207633599,0.28358493474006463,0.7566049462408435
0.082,1.6783595028531695,1.0,3070.267546242085,0.6024801401768799,1.2758045525040647,0.9855516462373562,0.28354409911983314,0.7574357424044409
0.0825,1.6773872261809903,1.0,3074.084569324583,0.6047099030380392,1.2753327566973809,0.9856378719232308,0.2835032634996016,0.7582649014331022
0.083,1.6764149495088112,1.0,3077.88967565954,0.6069271536726227,1.2748610831919998,0.9857226306598006,0.28346242787937004,0.7590924264876294
0.0835,1.675442672836632,1.0,3081.682975203203,0.6091319636970347,1.2743895308205766,0.9858059543802609,0.28342159225913854,0.7599183207144893
0.084,1.674470396164453,1.0,3085.4645783460255,0.6113244047276792,1.2739180984157663,0.9858878741426139,0.28338075663890705,0.7607425872458244
0.0845,1.6734981194922738,1.0,3089.234595909685,0.6135045483809607,1.2734467848102242,0.9859684201589105,0.2833399210186755,0.7615652291994609
0.085,1.6725258428200946,1.0,3092.9931391439263,0.6156724662732832,1.272975588836605,0.9860476218233548,0.28329908539844395,0.7623862496789183
0.0855,1.6715535661479155,1.0,3096.740319723535,0.6178282300210509,1.2725045093275644,0.9861255077393238,0.28325824977821246,0.7632056517734163
0.08600000000000001,1.6705812894757361,1.0,3100.4761032480337,0.6199718754140248,1.2720335463651598,0.9862021042253972,0.2832174141579809,0.7640234363902886
0.08650000000000001,1.669609012803557,1.0,3104.200637557333,0.6221034786278004,1.2715626984787145,0.9862774386072183,0.28317657853774936,0.7648396071267819
0.08700000000000001,1.6686367361313779,1.0,3107.914191820602,0.6242231485567288,1.2710919631683193,0.9863515388541451,0.28313574291751786,0.7656541693416665
0.08750000000000001,1.6676644594591987,1.0,3111.616839546032,0.6263309477728244,1.270621339606471,0.9864244302757298,0.28309490729728637,0.766467125477038
0.088,1.6666921827870196,1.0,3115.308654556689,0.6284269388481017,1.2701508269656652,0.9864961375242794,0.2830540716770548,0.767278477964819
0.0885,1.6657199061148404,1.0,3118.989710988676,0.6305111843545753,1.2696804244183986,0.9865666846156778,0.28301323605682327,0.7680882292267616
0.089,1.6647476294426613,1.0,3122.6600832888284,0.6325837468642594,1.269210131137167,0.986636094949438,0.2829724004365918,0.7688963816744557
0.0895,1.6637753527704822,1.0,3126.319846212667,0.6346446889491686,1.268739946294467,0.9867043913280217,0.2829315648163603,0.7697029377093334
0.09,1.662803076098303,1.0,3129.969074822539,0.6366940731813173,1.2682698690627945,0.9867715959754535,0.28289072919612873,0.7705078997226757
0.0905,1.6618307994261239,1.0,3133.607844485637,0.6387319621327199,1.267799898614646,0.9868377305552611,0.2828498935758972,0.7713112700956166
0.091,1.6608585227539447,1.0,3137.2362308720694,0.6407584183753908,1.2673300341225173,0.9869028161877683,0.2828090579556657,0.772113051199151
0.0915,1.6598862460817656,1.0,3140.854309952695,0.6427735044813445,1.2668602747589048,0.9869668734667683,0.28276822233543414,0.7729132453941385
0.092,1.6589139694095865,1.0,3144.4621579974337,0.6447772830225955,1.266390619696305,0.9870299224756013,0.28272738671520264,0.7737118550313092
0.0925,1.6579416927374073,1.0,3148.0598515731344,0.6467698165711582,1.265921068107214,0.9870919828026622,0.2826865510949711,0.7745088824512707
0.093,1.6569694160652282,1.0,3151.6474675419877,0.6487511676990471,1.2654516191641274,0.9871530735563614,0.2826457154747396,0.7753043299845124
0.0935,1.6559971393930488,1.0,3155.225083059032,0.6507213989782764,1.2649822720395423,0.9872132133795589,0.28260487985450805,0.7760981999514095
0.094,1.6550248627208697,1.0,3158.7927755710916,0.6526805729808608,1.2645130259059543,0.9872724204634944,0.2825640442342765,0.776890494662232
0.0945,1.6540525860486905,1.0,3162.3506228143174,0.6546287522788147,1.26404387993586,0.9873307125612343,0.282523208614045,0.7776812164171466
0.095,1.6530803093765114,1.0,3165.898702812374,0.6565659994441524,1.2635748333017551,0.9873881070006525,0.28248237299381346,0.7784703675062244
0.0955,1.6521080327043323,1.0,3169.43709387507,0.6584923770488885,1.2631058851761363,0.9874446206969654,0.28244153737358196,0.7792579502094444
0.096,1.6511357560321531,1.0,3172.965874595873,0.6604079476650374,1.2626370347314997,0.9875002701648374,0.2824007017533504,0.7800439667966997
0.0965,1.650163479359974,1.0,3176.485123850816,0.6623127738646135,1.2621682811403414,0.9875550715300742,0.2823598661331189,0.7808284195278027
0.097,1.6491912026877948,1.0,3179.994920795932,0.6642069182196312,1.2616996235751576,0.9876090405409194,0.28231903051288737,0.7816113106524898
0.0975,1.6482189260156157,1.0,3183.4953448664105,0.6660904433021051,1.2612310612084447,0.9876621925789723,0.2822781948926559,0.7823926424104266
0.098,1.6472466493434366,1.0,3186.98637252971,0.6679633804504518,1.2607625940811846,0.9877145415684618,0.2822373592724243,0.7831724155868984
0.0985,1.6462743726712574,1.0,3190.4680774879794,0.6698257960731816,1.260294221417292,0.9877661023516852,0.28219652365219283,0.7839506323238703
0.099,1.6453020959990783,1.0,3193.9406329012613,0.6716777853993195,1.2598259416071493,0.987816890431357,0.2821556880319613,0.7847272961350709
0.0995,1.6443298193268991,1.0,3197.404083234922,0.6735194030987007,1.2593577541259366,0.9878669195498297,0.28211485241172973,0.7855024087205045
0.1,1.6433575426547198,1.0,3200.8584731465935,0.6753507038411597,1.258889658448834,0.9879162031396901,0.28207401679149824,0.7862759717737438
0.1005,1.6423852659825409,1.0,3204.3038474850664,0.6771717422965317,1.258421654051022,0.9879647543323703,0.28203318117126674,0.787047986981932
0.101,1.6414129893103615,1.0,3207.7402512893286,0.6789825731346512,1.2579537404076806,0.9880125859664799,0.2819923455510352,0.7878184560257875
0.1015,1.6404407126381824,1.0,3211.167729787689,0.6807832510253532,1.2574859169939903,0.9880597105958716,0.28195150993080365,0.7885873805796044
0.10200000000000001,1.6394684359660032,1.0,3214.5863283964713,0.6825738306384728,1.257018183285131,0.9881061404974477,0.28191067431057215,0.7893547623112589
0.10250000000000001,1.638496159293824,1.0,3217.996092718933,0.6843543666438445,1.2565505387562832,0.9881518876787198,0.2818698386903406,0.7901206028822093
0.10300000000000001,1.637523882621645,1.0,3221.3970685444037,0.6861249137113034,1.2560829828826272,0.9881969638851295,0.28182900307010905,0.7908849039475002
0.10350000000000001,1.6365516059494658,1.0,3224.789301847248,0.6878855265106842,1.2556155151393433,0.9882413806071368,0.28178816744987756,0.7916476671557657
0.10400000000000001,1.6355793292772867,1.0,3228.1728387856974,0.6896362597118221,1.2551481350016114,0.9882851490870893,0.28174733182964606,0.7924088941492331
0.1045,1.6346070526051075,1.0,3231.547725700717,0.6913771679845515,1.254680841944612,0.988328280325874,0.2817064962094145,0.793168586563723
0.105,1.6336347759329284,1.0,3234.9140091155296,0.6931083059987075,1.2542136354435256,0.9883707850893657,0.28166566058918296,0.7939267460286552
0.1055,1.6326624992607492,1.0,3238.2717357341007,0.694829728424125,1.2537465149735318,0.9884126739146726,0.28162482496895147,0.7946833741670509
0.106,1.63169022258857,1.0,3241.620952440065,0.6965414899306389,1.2532794800098115,0.9884539571161931,0.2815839893487199,0.7954384725955341
0.1065,1.630717945916391,1.0,3244.9617062963744,0.6982436451880839,1.2528125300275446,0.9884946447914853,0.2815431537284884,0.7961920429243363
0.107,1.6297456692442118,1.0,3248.294044543334,0.699936248866295,1.2523456645019113,0.9885347468269584,0.2815023181082569,0.7969440867572986
0.1075,1.6287733925720325,1.0,3251.618014598696,0.701619355635107,1.251878882908092,0.9885742729033907,0.2814614824880254,0.797694605691874
0.108,1.6278011158998535,1.0,3254.933664055711,0.7032930201643548,1.251412184721267,0.9886132325012813,0.28142064686779383,0.7984436013191313
0.1085,1.6268288392276742,1.0,3258.2410406828694,0.7049572971238731,1.2509455694166163,0.9886516349060415,0.2813798112475623,0.7991910752237571
0.109,1.625856562555495,1.0,3261.540192422579,0.7066122411834971,1.2504790364693203,0.988689489213029,0.2813389756273308,0.7999370289840589
0.1095,1.624884285883316,1.0,3264.8311673902003,0.7082579070130613,1.2500125853545594,0.9887268043324354,0.2812981400070993,0.800681464171968
0.11,1.6239120092111368,1.0,3268.11395303106,0.7098943220531556,1.2495462160529218,0.9887635881606912,0.28125730438686775,0.8014243815486877
0.1105,1.6229397325389576,1.0,3271.3885915831283,0.7115215441972036,1.249079928090478,0.9887998493670385,0.2812164687666362,0.8021657825970736
0.111,1.6219674558667785,1.0,3274.655185636903,0.7131396567237398,1.2486137204937722,0.9888355972142777,0.2811756331464047,0.802905669586239
0.1115,1.6209951791945993,1.0,3277.9137623867537,0.7147487073983808,1.2481475929170176,0.9888708397089635,0.28113479752617315,0.8036440437802619
0.112,1.6200229025224202,1.0,3281.1643491531013,0.716348743986743,1.2476815450144274,0.9889055846993506,0.28109396190594166,0.8043809064389865
0.1125,1.619050625850241,1.0,3284.4069733809442,0.7179398142544429,1.2472155764402153,0.9889398398793124,0.2810531262857101,0.8051162588180232
0.113,1.618078349178062,1.0,3287.6416626400373,0.7195219659670969,1.2467496868485943,0.988973612792147,0.2810122906654786,0.8058501021687521
0.1135,1.6171060725058828,1.0,3290.8684446237107,0.7210952468903217,1.246283875893778,0.9890069108342754,0.28097145504524706,0.8065824377383233
0.114,1.6161337958337036,1.0,3294.087347148519,0.7226597047897336,1.2458181432299795,0.9890397412588369,0.2809306194250155,0.8073132667696596
0.1145,1.6151615191615245,1.0,3297.2983981537095,0.724215387430949,1.2453524885114124,0.9890721111791784,0.280889783804784,0.808042590501458
0.115,1.6141892424893451,1.0,3300.501625700372,0.7257623425795846,1.2448869113922902,0.9891040275722521,0.2808489481845525,0.8087704101681906
0.1155,1.613216965817166,1.0,3303.6970579710596,0.7273006180012568,1.2444214115268257,0.9891354972819117,0.280808112564321,0.8094967270001088
0.116,1.6122446891449869,1.0,3306.88472326905,0.7288302614615819,1.2439559885692328,0.9891665270221237,0.28076727694408943,0.8102215422232408
0.1165,1.6112724124728077,1.0,3310.0646500180424,0.7303513207261766,1.2434906421737246,0.9891971233800823,0.28072644132385793,0.810944857059398
0.117,1.6103001358006286,1.0,3313.236866761066,0.7318638435606573,1.2430253719945143,0.9892272928192446,0.2806856057036264,0.8116666727261732
0.11750000000000001,1.6093278591284494,1.0,3316.401402160434,0.7333678777306405,1.2425601776858157,0.9892570416822801,0.2806447700833949,0.8123869904369436
0.11800000000000001,1.6083555824562703,1.0,3319.558284996692,0.7348634710017425,1.2420950589018416,0.9892863761939381,0.28060393446316334,0.8131058114008733
0.11850000000000001,1.6073833057840912,1.0,3322.7075441683987,0.7363506711395801,1.2416300152968058,0.9893153024638388,0.28056309884293185,0.8138231368229125
0.11900000000000001,1.606411029111912,1.0,3325.849208691296,0.7378295259097696,1.2411650465249215,0.9893438264891883,0.2805222632227003,0.8145389679038024
0.11950000000000001,1.6054387524397329,1.0,3328.983307697949,0.7393000830779275,1.240700152240402,0.98937195415742,0.28048142760246875,0.8152533058400744
0.12,1.6044664757675537,1.0,3332.1098704371025,0.7407623904096701,1.2402353320974608,0.9893996912487637,0.28044059198223725,0.815966151824052
0.1205,1.6034941990953746,1.0,3335.2289262729328,0.7422164956706142,1.239770585750311,0.9894270434387498,0.28039975636200576,0.8166775070438546
0.121,1.6025219224231955,1.0,3338.340504684583,0.743662446626376,1.2393059128531663,0.989454016300641,0.2803589207417742,0.8173873726833953
0.1215,1.6015496457510163,1.0,3341.444635265858,0.7451002910425722,1.2388413130602396,0.9894806153078038,0.28031808512154266,0.8180957499223872
0.122,1.6005773690788372,1.0,3344.5413118694823,0.7465300529466685,1.238376786320165,0.9895068451868635,0.28027724950131117,0.8188026394887451
0.1225,1.5996050924066578,1.0,3347.630561018828,0.7479517828085522,1.2379123323138108,0.9895327113021218,0.2802364138810796,0.819508042515953
0.123,1.5986328157344787,1.0,3350.712444964863,0.7493655534559173,1.2374479504298237,0.9895582195288749,0.2801955782608481,0.8202119605761352
0.1235,1.5976605390622995,1.0,3353.786981181666,0.7507714066220913,1.2369836404254313,0.9895833747997156,0.28015474264061657,0.8209143946770086
0.124,1.5966882623901204,1.0,3356.8541872323053,0.7521693840404017,1.236519402057862,0.9896081819610841,0.2801139070203851,0.8216153458233144
0.1245,1.5957159857179413,1.0,3359.914080768057,0.7535595274441758,1.2360552350843437,0.9896326457751926,0.28007307140015353,0.8223148150168216
0.125,1.5947437090457621,1.0,3362.9666795283065,0.7549418785667409,1.2355911392621044,0.9896567709219003,0.280032235779922,0.8230128032563258
0.1255,1.593771432373583,1.0,3366.012001339878,0.7563164791414245,1.2351271143483724,0.9896805620005411,0.2799914001596905,0.8237093115376511
0.126,1.5927991557014038,1.0,3369.0500641169056,0.7576833709015541,1.2346631601003757,0.9897040235317056,0.279950564539459,0.8244043408536526
0.1265,1.5918268790292247,1.0,3372.080885860196,0.7590425955804571,1.2341992762753422,0.9897271599589763,0.27990972891922744,0.8250978921942154
0.127,1.5908546023570456,1.0,3375.1044846571417,0.7603941949114608,1.2337354626305002,0.9897499756506213,0.2798688932989959,0.8257899665462566
0.1275,1.5898823256848664,1.0,3378.1208786811967,0.7617382106278926,1.2332717189230775,0.9897724749012449,0.2798280576787644,0.8264805648937268
0.128,1.5889100490126873,1.0,3381.130086191352,0.7630746844630799,1.2328080449103025,0.9897946619333965,0.27978722205853285,0.8271696882176103
0.1285,1.5879377723405081,1.0,3384.1321255320545,0.7644036581503502,1.232344440349403,0.9898165408991408,0.27974638643830135,0.8278573374959269
0.129,1.5869654956683288,1.0,3387.127015132611,0.7657251734230308,1.2318809049976072,0.9898381158815875,0.2797055508180698,0.828543513703733
0.1295,1.5859932189961496,1.0,3390.114773506999,0.7670392720144491,1.2314174386121433,0.9898593908963851,0.2796647151978383,0.8292282178131215
0.13,1.5850209423239705,1.0,3393.0954192531285,0.7683459956579327,1.230954040950239,0.9898803698931768,0.27962387957760676,0.8299114507932248
0.1305,1.5840486656517914,1.0,3396.068971052983,0.7696453860868088,1.2304907117691228,0.9899010567570217,0.2795830439573752,0.8305932136102141
0.131,1.5830763889796122,1.0,3399.0354476719976,0.7709374850344048,1.2300274508260225,0.9899214553097804,0.2795422083371437,0.8312735072273016
0.1315,1.582104112307433,1.0,3401.9948679584286,0.7722223342340482,1.2295642578781663,0.9899415693114677,0.27950137271691217,0.8319523326047411
0.132,1.581131835635254,1.0,3404.947250843616,0.7734999754190665,1.229101132682782,0.9899614024615736,0.2794605370966807,0.8326296906998287
0.1325,1.5801595589630748,1.0,3407.8926153408433,0.7747704503227868,1.2286380749970982,0.9899809584003492,0.2794197014764491,0.8333055824669047
0.133,1.5791872822908957,1.0,3410.830980545748,0.7760338006785368,1.2281750845783423,0.9900002407100661,0.27937886585621763,0.8339800088573543
0.1335,1.5782150056187165,1.0,3413.762365635257,0.7772900682196436,1.2277121611837432,0.9900192529162425,0.2793380302359861,0.8346529708196078
0.134,1.5772427289465374,1.0,3416.686767833599,0.7785392739848921,1.2272493047495412,0.9900379979715672,0.2792971946157546,0.8353244690397008
0.1345,1.5762704522743582,1.0,3419.6042049816483,0.7797814619722914,1.2267865150449022,0.9900564793542472,0.27925635899552304,0.8359945044444781
0.135,1.575298175602179,1.0,3422.5147167821656,0.781016695870162,1.2263237916621685,0.9900747009769544,0.27921552337529154,0.8366630782131994
0.1355,1.5743258989299997,1.0,3425.418315097835,0.7822450121413561,1.2258611344205035,0.990092666018924,0.27917468775506,0.8373301911935053
0.136,1.5733536222578208,1.0,3428.3150118586145,0.7834664472487258,1.22539854313907,0.9901103776101187,0.27913385213482844,0.837995844230819
0.1365,1.5723813455856415,1.0,3431.20481906103,0.7846810376551235,1.224936017637031,0.9901278388322353,0.27909301651459695,0.838660038168346
0.137,1.5714090689134623,1.0,3434.0877487678745,0.7858888198234015,1.2244735577335497,0.9901450527196862,0.2790521808943654,0.839322773847075
0.1375,1.5704367922412832,1.0,3436.963813108311,0.787089830216412,1.2240111632477895,0.99016202226056,0.2790113452741339,0.8399840521057788
0.138,1.569464515569104,1.0,3439.8330242772467,0.7882841052970071,1.223548833998913,0.9901787503975589,0.27897050965390235,0.8406438737810156
0.1385,1.568492238896925,1.0,3442.695394535321,0.7894716815280393,1.2230865698060833,0.9901952400289163,0.27892967403367086,0.8413022397071286
0.139,1.5675199622247458,1.0,3445.5509362083576,0.7906525953723607,1.2226243704884636,0.990211494009293,0.2788888384134393,0.8419591507162477
0.1395,1.5665476855525666,1.0,3448.3996616875406,0.7918268832928234,1.2221622358652169,0.9902275151506522,0.27884800279320776,0.84261460763829
0.14,1.5655754088803875,1.0,3451.2415834287517,0.7929945817522799,1.2217001657555064,0.9902433062231173,0.27880716717297627,0.8432686113009598
0.1405,1.5646031322082083,1.0,3454.076713952459,0.7941557272135824,1.221238159978495,0.9902588699558078,0.2787663315527448,0.8439211625297509
0.14100000000000001,1.5636308555360292,1.0,3456.90506584331,0.7953103561395831,1.220776218353346,0.9902742090376582,0.2787254959325132,0.8445722621479456
0.14150000000000001,1.56265857886385,1.0,3459.7266517503526,0.7964585049931342,1.220314340699222,0.9902893261182191,0.2786846603122817,0.845221910976617
0.14200000000000002,1.561686302191671,1.0,3462.541484386339,0.797600210237088,1.2198525268352864,0.9903042238084387,0.2786438246920502,0.8458701098346291
0.14250000000000002,1.5607140255194918,1.0,3465.34957652743,0.7987355083342969,1.2193907765807024,0.9903189046814294,0.2786029890718187,0.8465168595386363
0.14300000000000002,1.5597417488473124,1.0,3468.150941013087,0.7998644357476129,1.2189290897546328,0.9903333712732156,0.27856215345158714,0.8471621609030866
0.14350000000000002,1.5587694721751333,1.0,3470.9455907459296,0.8009870289398884,1.218467466176241,0.9903476260834662,0.2785213178313556,0.8478060147402201
0.14400000000000002,1.5577971955029541,1.0,3473.733538691518,0.8021033243739756,1.2180059056646895,0.9903616715762106,0.2784804822111241,0.8484484218600719
0.1445,1.5568249188307752,1.0,3476.5147978776185,0.8032133585127266,1.2175444080391415,0.9903755101805405,0.27843964659089254,0.8490893830704703
0.145,1.5558526421585959,1.0,3479.289381394434,0.804317167818994,1.2170829731187607,0.9903891442912945,0.278398810970661,0.849728899177039
0.1455,1.5548803654864167,1.0,3482.0573023943857,0.8054147887556298,1.2166216007227093,0.9904025762697289,0.2783579753504295,0.8503669709831987
0.146,1.5539080888142376,1.0,3484.8185494319778,0.8065062247564806,1.216160290868523,0.990415807675123,0.278317139730198,0.851003599016695
0.1465,1.5529358121420584,1.0,3487.573137577703,0.8075915169705339,1.2156990433606951,0.9904288409189328,0.27827630410996645,0.8516387840984725
0.147,1.5519635354698793,1.0,3490.3211069061463,0.8086707401832046,1.215237857803252,0.9904416791586684,0.2782354684897349,0.8522725273222801
0.1475,1.5509912587977002,1.0,3493.0624654184976,0.8097439256708301,1.2147767340587579,0.9904543245062291,0.2781946328695034,0.8529048294230026
0.148,1.550018982125521,1.0,3495.797221168104,0.810811104709748,1.2143156719897765,0.9904667790443803,0.27815379724927186,0.8535356911338345
0.1485,1.5490467054533419,1.0,3498.5253822605755,0.811872308576296,1.2138546714588727,0.9904790448273008,0.27811296162904037,0.8541651131862806
0.149,1.5480744287811627,1.0,3501.246956853267,0.8129275685468114,1.2133937323286104,0.9904911238811198,0.2780721260088088,0.8547930963101575
0.1495,1.5471021521089836,1.0,3503.9619531555354,0.8139769158976317,1.2129328544615536,0.9905030182044428,0.2780312903885773,0.8554196412335932
0.15,1.5461298754368045,1.0,3506.6703794279556,0.8150203819050945,1.2124720377202671,0.9905147297688655,0.2779904547683458,0.8560447486830274
0.1505,1.5451575987646253,1.0,3509.3722439828443,0.8160579978455375,1.2120112819673148,0.9905262605194788,0.2779496191481143,0.8566684193832135
0.151,1.5441853220924462,1.0,3512.0675551833647,0.8170897949952979,1.2115505870652608,0.9905376123753631,0.27790878352788273,0.8572906540572179
0.1515,1.5432130454202668,1.0,3514.7563214439747,0.8181158046307133,1.2110899528766694,0.9905487872300713,0.27786794790765124,0.8579114534264205
0.152,1.542240768748088,1.0,3517.438551229645,0.8191360580281214,1.210629379264105,0.9905597869521042,0.2778271122874197,0.858530818210516
0.1525,1.5412684920759085,1.0,3520.1142530561965,0.8201505864638596,1.2101688660901317,0.9905706133853746,0.27778627666718814,0.8591487491275136
0.153,1.5402962154037294,1.0,3522.783435489856,0.8211594212142654,1.209708413217314,0.9905812683496616,0.27774544104695664,0.8597652468937382
0.1535,1.5393239387315503,1.0,3525.4461071469946,0.8221625935556764,1.2092480205082157,0.990591753641059,0.2777046054267251,0.8603803122238309
0.154,1.5383516620593711,1.0,3528.1022766942083,0.8231601347644301,1.2087876878254011,0.990602071032411,0.2776637698064936,0.8609939458307488
0.1545,1.537379385387192,1.0,3530.7519528478365,0.8241520761168639,1.2083274150314347,0.9906122222737411,0.27762293418626205,0.8616061484257664
0.155,1.5364071087150128,1.0,3533.3951443740743,0.8251384488893155,1.2078672019888805,0.9906222090926726,0.27758209856603056,0.8622169207184756
0.1555,1.5354348320428337,1.0,3536.031860088495,0.8261192843581223,1.2074070485603028,0.9906320331948393,0.277541262945799,0.8628262634167864
0.156,1.5344625553706546,1.0,3538.662108856129,0.8270946137996219,1.2069469546082658,0.9906416962642914,0.27750042732556746,0.8634341772269272
0.1565,1.5334902786984754,1.0,3541.285899591245,0.8280644684901518,1.2064869199953339,0.9906511999638886,0.27745959170533596,0.8640406628534458
0.157,1.5325180020262963,1.0,3543.903241256831,0.8290288797060495,1.2060269445840712,0.9906605459356905,0.27741875608510447,0.8646457209992093
0.1575,1.5315457253541171,1.0,3546.5141428648267,0.8299878787236525,1.2055670282370419,0.9906697358013355,0.2773779204648729,0.8652493523654057
0.158,1.5305734486819378,1.0,3549.1186134757927,0.8309414968192984,1.2051071708168102,0.9906787711624149,0.27733708484464137,0.8658515576515429
0.1585,1.5296011720097589,1.0,3551.716662198882,0.8318897652693246,1.2046473721859403,0.9906876536008377,0.2772962492244099,0.8664523375554504
0.159,1.5286288953375795,1.0,3554.30829819121,0.8328327153500688,1.2041876322069966,0.9906963846791909,0.2772554136041783,0.8670516927732789
0.1595,1.5276566186654004,1.0,3556.8935306582744,0.8337703783378683,1.2037279507425431,0.9907049659410896,0.27721457798394683,0.8676496239995023
0.16,1.5266843419932212,1.0,3559.4723688531026,0.8347027855090607,1.2032683276551444,0.9907133989115245,0.2771737423637153,0.8682461319269161
0.1605,1.525712065321042,1.0,3562.0448220769013,0.8356299681399837,1.2028087628073643,0.9907216850971983,0.2771329067434838,0.8688412172466399
0.161,1.524739788648863,1.0,3564.6108695249186,0.8365519033844154,1.2023492563016025,0.9907298248094979,0.27709207112325224,0.8694348803386109
0.1615,1.5237675119766838,1.0,3567.170549293083,0.8374686789791672,1.2018898077719702,0.9907378207528359,0.2770512355030207,0.8700271221868524
0.162,1.5227952353045047,1.0,3569.7238699727886,0.8383803268806768,1.2014304170877899,0.9907456743956283,0.2770103998827892,0.8706179434688744
0.1625,1.5218229586323255,1.0,3572.2708372397574,0.8392868735764052,1.200971084141914,0.9907533870708922,0.2769695642625577,0.8712073448304329
0.163,1.5208506819601464,1.0,3574.811456811107,0.8401883455538139,1.2005118088271938,0.9907609600957507,0.27692872864232615,0.8717953269159658
0.1635,1.5198784052879672,1.0,3577.3457344454046,0.8410847693003642,1.2000525910364817,0.9907683947717081,0.2768878930220946,0.8723818903685913
0.164,1.518906128615788,1.0,3579.8736759424532,0.8419761713035174,1.1995934306626297,0.9907756923849231,0.2768470574018631,0.8729670358301085
0.1645,1.517933851943609,1.0,3582.395287142779,0.8428625780507348,1.1991343275984898,0.9907828542064728,0.27680622178163156,0.8735507639409992
0.165,1.5169615752714298,1.0,3584.9105739280985,0.8437440160294778,1.1986752817369137,0.990789881492615,0.27676538616140006,0.8741330753404272
0.1655,1.5159892985992505,1.0,3587.4195422206153,0.8446205117272075,1.1982162929707536,0.990796775485045,0.2767245505411685,0.8747139706662385
0.166,1.5150170219270715,1.0,3589.9221979834524,0.8454920916313855,1.1977573611928614,0.9908035374111467,0.276683714920937,0.8752934505549623
0.1665,1.5140447452548922,1.0,3592.418547219836,0.8463587822294729,1.1972984862960891,0.990810168484241,0.27664287930070547,0.875871515641811
0.167,1.513072468582713,1.0,3594.9085959736776,0.847220610008931,1.1968396681732885,0.9908166699038286,0.2766020436804739,0.8764481665606814
0.1675,1.512100191910534,1.0,3597.3923503290234,0.8480776014572213,1.196380906717312,0.9908230428558275,0.2765612080602424,0.8770234039441532
0.168,1.5111279152383548,1.0,3599.8698164099205,0.848929783061805,1.195922201821011,0.9908292885128097,0.27652037244001093,0.8775972284234919
0.1685,1.5101556385661756,1.0,3602.3410003801687,0.8497771813101433,1.195463553377238,0.9908354080342298,0.2764795368197794,0.8781696406286468
0.169,1.5091833618939965,1.0,3604.805908443791,0.8506198226896977,1.1950049612788445,0.9908414025666518,0.27643870119954783,0.8787406411882537
0.1695,1.5082110852218173,1.0,3607.2645468442934,0.8514577336879295,1.1945464254186828,0.9908472732439714,0.27639786557931634,0.8793102307296329
0.17,1.5072388085496382,1.0,3609.716921864571,0.8522909407923,1.194087945689605,0.9908530211876341,0.2763570299590848,0.8798784098787913
0.1705,1.506266531877459,1.0,3612.1630398272273,0.8531194704902704,1.1936295219844626,0.99085864750685,0.2763161943388533,0.8804451792604225
0.171,1.50529425520528,1.0,3614.6029070937984,0.853943349269302,1.1931711541961079,0.9908641532988053,0.27627535871862174,0.8810105394979066
0.1715,1.5043219785331008,1.0,3617.036530065263,0.8547626036168564,1.1927128422173927,0.9908695396488681,0.27623452309839025,0.8815744912133109
0.17200000000000001,1.5033497018609214,1.0,3619.4639151813785,0.8555772600203947,1.192254585941169,0.9908748076307932,0.2761936874781587,0.8821370350273905
0.17250000000000001,1.5023774251887425,1.0,3621.885068920893,0.8563873449673781,1.191796385260289,0.9908799583069213,0.27615285185792715,0.8826981715595879
0.17300000000000001,1.5014051485165631,1.0,3624.299997801408,0.8571928849452681,1.1913382400676045,0.9908849927283763,0.27611201623769566,0.883257901428035
0.17350000000000002,1.5004328718443842,1.0,3626.708708378872,0.857993906441526,1.1908801502559674,0.9908899119352584,0.27607118061746416,0.8838162252495514
0.17400000000000002,1.4994605951722049,1.0,3629.1112072477886,0.858790435943613,1.1904221157182298,0.9908947169568337,0.2760303449972326,0.8843731436396465
0.17450000000000002,1.4984883185000257,1.0,3631.507501041196,0.8595824999389906,1.1899641363472435,0.9908994088117219,0.27598950937700106,0.8849286572125188
0.17500000000000002,1.4975160418278466,1.0,3633.897596430237,0.8603701249151199,1.1895062120358608,0.9909039885080784,0.27594867375676957,0.8854827665810566
0.17550000000000002,1.4965437651556674,1.0,3636.2814920402966,0.8611533179474032,1.1890483427405936,0.9909084566408918,0.275907838136538,0.8860354722800863
0.176,1.4955714884834883,1.0,3638.6591906383346,0.8619320973916575,1.1885905283855671,0.990912814031186,0.2758670025163065,0.8865867748828208
0.1765,1.4945992118113092,1.0,3641.0307114870006,0.862706522045086,1.1881327687653405,0.9909170623280373,0.275826166896075,0.8871366751169865
0.177,1.49362693513913,1.0,3643.3960588264026,0.8634766143395226,1.1876750637930886,0.9909212024154218,0.2757853312758435,0.8876851735658805
0.1775,1.492654658466951,1.0,3645.7552369307505,0.8642423967068011,1.1872174133819857,0.9909252351681825,0.27574449565561193,0.8882322708117305
0.178,1.4916823817947718,1.0,3648.1082501083656,0.8650038915787553,1.1867598174452065,0.9909291614521794,0.2757036600353804,0.8887779674356924
0.1785,1.4907101051225926,1.0,3650.455102701805,0.8657611213872193,1.1863022758959254,0.990932982124438,0.2756628244151489,0.8893222640178523
0.179,1.4897378284504135,1.0,3652.795799087223,0.8665141085640267,1.1858447886473171,0.9909366980332924,0.2756219887949174,0.8898651611372259
0.1795,1.4887655517782343,1.0,3655.1303436745343,0.8672628755410113,1.1853873556125563,0.9909403100185296,0.27558115317468584,0.890406659371759
0.18,1.4877932751060552,1.0,3657.458740907686,0.8680074447500072,1.1849299767048171,0.9909438189115293,0.2755403175544543,0.8909467592983285
0.1805,1.4868209984338758,1.0,3659.780995264065,0.8687478386228482,1.1844726518372743,0.990947225535402,0.2754994819342228,0.8914854614927417
0.181,1.485848721761697,1.0,3662.097111254389,0.8694840795913681,1.1840153809231027,0.990950530705125,0.27545864631399125,0.8920227665297367
0.1815,1.4848764450895175,1.0,3664.407093422983,0.8702161900874006,1.1835581638754764,0.9909537352276767,0.27541781069375976,0.8925586749829839
0.182,1.4839041684173386,1.0,3666.710946347186,0.8709441925427798,1.1831010006075702,0.9909568399021681,0.2753769750735282,0.8930931874250848
0.1825,1.4829318917451593,1.0,3669.0086746378875,0.8716681093893395,1.1826438910325585,0.9909598455199721,0.2753361394532967,0.893626304427573
0.183,1.4819596150729801,1.0,3671.3002829385914,0.8723879630589134,1.182186835063616,0.9909627528648515,0.27529530383306516,0.8941580265609145
0.1835,1.480987338400801,1.0,3673.5857759261107,0.8731037759833356,1.1817298326139172,0.9909655627130844,0.2752544682128336,0.8946883543945078
0.184,1.4800150617286219,1.0,3675.8651583100827,0.8738155705944397,1.1812728835966366,0.9909682758335887,0.2752136325926021,0.8952172884966845
0.1845,1.4790427850564427,1.0,3678.1384348326783,0.8745233693240598,1.180815987924949,0.9909708929880422,0.27517279697237057,0.895744829434709
0.185,1.4780705083842636,1.0,3680.4056102691043,0.8752271946040295,1.1803591455120284,0.9909734149310041,0.2751319613521391,0.8962709777747799
0.1855,1.4770982317120844,1.0,3682.66668942663,0.8759270688661829,1.1799023562710498,0.9909758424100324,0.2750911257319075,0.896795734082029
0.186,1.4761259550399053,1.0,3684.921677145509,0.8766230145423537,1.1794456201151877,0.9909781761658,0.27505029011167603,0.8973190989205221
0.1865,1.4751536783677262,1.0,3687.1705782978884,0.8773150540643758,1.1789889369576165,0.9909804169322093,0.2750094544914445,0.8978410728532602
0.187,1.474181401695547,1.0,3689.4133977884685,0.8780032098640831,1.178532306711511,0.9909825654365045,0.274968618871213,0.8983616564421778
0.1875,1.4732091250233679,1.0,3691.650140553867,0.8786875043733093,1.1780757292900454,0.9909846223993832,0.27492778325098144,0.8988808502481456
0.188,1.4722368483511885,1.0,3693.880811562936,0.8793679600238884,1.1776192046063945,0.9909865885351057,0.2748869476307499,0.8993986548309687
0.1885,1.4712645716790096,1.0,3696.105415816547,0.8800445992476542,1.1771627325737328,0.9909884645516018,0.2748461120105184,0.8999150707493878
0.189,1.4702922950068302,1.0,3698.3239583469954,0.8807174444764406,1.1767063131052349,0.9909902511505778,0.27480527639028685,0.90043009856108
0.1895,1.469320018334651,1.0,3700.536444218848,0.8813865181420815,1.1762499461140752,0.9909919490276199,0.27476444077005535,0.9009437388226582
0.19,1.468347741662472,1.0,3702.742878527777,0.8820518426764106,1.1757936315134283,0.9909935588722981,0.2747236051498238,0.9014559920896715
0.1905,1.4673754649902928,1.0,3704.943254442656,0.8827134052562596,1.1753373693097702,0.9909950806607026,0.2746827695295923,0.9019668588122745
0.191,1.4664031883181137,1.0,3707.1375879709403,0.8833712613198957,1.1748811593315769,0.9909965157345002,0.27464193390936076,0.9024763396391697
0.1915,1.4654309116459345,1.0,3709.325885215129,0.8840254380210817,1.1744250014849047,0.9909978648606391,0.27460109828912926,0.902984435130711
0.192,1.4644586349737554,1.0,3711.5081495322515,0.8846759543570011,1.1739688956974588,0.9909991286368489,0.2745602626688977,0.9034911458220878
0.1925,1.4634863583015763,1.0,3713.684384308673,0.8853228293248379,1.1735128418969443,0.9910003076555775,0.2745194270486662,0.9039964722475957
0.193,1.4625140816293971,1.0,3715.8545929593574,0.8859660819217758,1.1730568400110661,0.9910014025040738,0.27447859142843467,0.9045004149406386
0.1935,1.461541804957218,1.0,3718.018778928283,0.8866057311449985,1.1726008899675295,0.9910024137644705,0.2744377558082032,0.9050029744337269
0.194,1.4605695282850388,1.0,3720.1769456878637,0.88724179599169,1.1721449916940396,0.9910033420138676,0.2743969201879716,0.905504151258479
0.1945,1.4595972516128595,1.0,3722.3290967393573,0.8878742954590337,1.1716891451183018,0.9910041878244106,0.2743560845677401,0.9060039459456208
0.195,1.4586249749406806,1.0,3724.4752356125227,0.8885032485442137,1.1712333501680208,0.9910049517633708,0.2743152489475086,0.9065023590249872
0.1955,1.4576526982685012,1.0,3726.615365865416,0.8891286742444136,1.170777606770902,0.9910056343932231,0.27427441332727703,0.9069993910255204
0.196,1.456680421596322,1.0,3728.749491084771,0.8897505915568171,1.1703219148546502,0.991006236271724,0.27423357770704554,0.9074950424752719
0.1965,1.455708144924143,1.0,3730.8776148851484,0.8903690194786081,1.169866274346971,0.9910067579519868,0.274192742086814,0.9079893139014017
0.197,1.4547358682519638,1.0,3732.999740909735,0.8909839770069703,1.1694106851755692,0.9910071999825567,0.2741519064665825,0.9084822058301791
0.1975,1.4537635915797846,1.0,3735.115872829612,0.8915954831390875,1.16895514726815,0.9910075629074846,0.27411107084635095,0.9089737187869825
0.198,1.4527913149076055,1.0,3737.226014343975,0.8922035568721436,1.1684996605524187,0.991007847266401,0.2740702352261194,0.9094638532963
0.1985,1.4518190382354264,1.0,3739.330169180134,0.892808217203322,1.1680442249560803,0.9910080535945867,0.2740293996058879,0.9099526098817292
0.199,1.4508467615632472,1.0,3741.4283410929274,0.8934094831298068,1.1675888404068397,0.9910081824230441,0.2739885639856564,0.9104399890659783
0.1995,1.449874484891068,1.0,3743.5205338651817,0.8940073736487817,1.1671335068324025,0.991008234278568,0.27394772836542486,0.910925991370865
0.2,1.448902208218889,1.0,3745.606751307436,0.8946019077574303,1.1666782241604736,0.9910082096838135,0.2739068927451933,0.911410617317318
0.2005,1.4479299315467098,1.0,3747.6869972580503,0.8951931044529366,1.166222992318758,0.9910081091573643,0.2738660571249618,0.9118938674253767
0.201,1.4469576548745304,1.0,3749.7612755824757,0.8957809827324842,1.1657678112349608,0.9910079332138008,0.27382522150473027,0.9123757422141914
0.2015,1.4459853782023515,1.0,3751.829590174052,0.896365561593257,1.1653126808367875,0.9910076823637649,0.27378438588449877,0.912856242202023
0.202,1.4450131015301722,1.0,3753.8919449532,0.8969468600324385,1.164857601051943,0.9910073571140269,0.2737435502642672,0.913335367906245
0.2025,1.4440408248579932,1.0,3755.948343867991,0.8975248970472127,1.1644025718081323,0.9910069579675489,0.2737027146440357,0.9138131198433415
0.203,1.4430685481858139,1.0,3757.998790893335,0.8980996916347634,1.1639475930330607,0.9910064854235485,0.2736618790238042,0.9142894985289092
0.20350000000000001,1.4420962715136347,1.0,3760.043290031596,0.8986712627922743,1.1634926646544332,0.9910059399775627,0.27362104340357263,0.9147645044776563
0.20400000000000001,1.4411239948414556,1.0,3762.081845312044,0.899239629516929,1.1630377865999553,0.9910053221215084,0.27358020778334113,0.9152381382034038
0.20450000000000002,1.4401517181692765,1.0,3764.1144607909328,0.8998048108059116,1.1625829587973315,0.9910046323437446,0.2735393721631096,0.9157104002190855
0.20500000000000002,1.4391794414970973,1.0,3766.141137461264,0.9003668150283664,1.162128181198181,0.9910038709201232,0.2734985365428781,0.9161812910120211
0.20550000000000002,1.4382071648249182,1.0,3768.161875821242,0.900925648310377,1.1616734537581286,0.9910030380793872,0.27345770092264654,0.9166508110647904
0.20600000000000002,1.437234888152739,1.0,3770.176687552996,0.9014813568280529,1.1612187763464838,0.9910021348342976,0.27341686530241505,0.9171189609481583
0.20650000000000002,1.43626261148056,1.0,3772.1855754053317,0.9020339566698239,1.1607641489018934,0.9910011616024434,0.2733760296821835,0.9175857411602355
0.20700000000000002,1.4352903348083808,1.0,3774.188542152438,0.9025834639241201,1.1603095713630045,0.9910001187982678,0.273335194061952,0.918051152198373
0.20750000000000002,1.4343180581362016,1.0,3776.185590593201,0.9031298946793718,1.159855043668464,0.9909990068331185,0.27329435844172045,0.9185151945591628
0.20800000000000002,1.4333457814640225,1.0,3778.1767235517514,0.9036732650240089,1.1594005657569189,0.9909978261152975,0.27325352282148896,0.9189778687384381
0.2085,1.4323735047918433,1.0,3780.1619438768194,0.9042135910464616,1.1589461375670165,0.9909965770501085,0.2732126872012574,0.9194391752312725
0.209,1.4314012281196642,1.0,3782.1412544421696,0.9047508888351601,1.1584917590374033,0.990995260039906,0.2731718515810259,0.9198991145319824
0.2095,1.4304289514474848,1.0,3784.114658146029,0.9052851744785342,1.1580374301067269,0.9909938754841423,0.27313101596079437,0.9203576871341245
0.21,1.429456674775306,1.0,3786.08215791164,0.9058164640650143,1.1575831507136338,0.990992423779414,0.27309018034056287,0.920814893530498
0.2105,1.4284843981031266,1.0,3788.0437566865357,0.9063447736830303,1.1571289207967712,0.990990905319509,0.2730493447203313,0.9212707342131441
0.211,1.4275121214309476,1.0,3789.9994574428565,0.9068701194210126,1.1566747402947863,0.9909893204954514,0.27300850910009977,0.9217252096733458
0.2115,1.4265398447587683,1.0,3791.949263177442,0.9073925173673909,1.1562206091463259,0.9909876696955473,0.2729676734798683,0.9221783204016292
0.212,1.4255675680865891,1.0,3793.8931769111396,0.9079119836105956,1.155766527290037,0.9909859533054287,0.27292683785963673,0.922630066887762
0.2125,1.42459529141441,1.0,3795.831201689517,0.9084285342390567,1.1553124946645665,0.9909841717080983,0.27288600223940523,0.9230804496207557
0.213,1.4236230147422309,1.0,3797.7633405820166,0.9089421853412042,1.1548585112085619,0.9909823252839726,0.2728451666191737,0.9235294690888639
0.2135,1.4226507380700517,1.0,3799.689596682664,0.9094529530054684,1.1544045768606694,0.9909804144109248,0.2728043309989422,0.9239771257795842
0.214,1.4216784613978726,1.0,3801.6099731092286,0.9099608533202792,1.1539506915595368,0.9909784394643281,0.27276349537871064,0.9244234201796568
0.2145,1.4207061847256934,1.0,3803.5244730038517,0.9104659023740669,1.1534968552438107,0.9909764008170959,0.2727226597584791,0.9248683527750657
0.215,1.4197339080535143,1.0,3805.433099532593,0.9109681162552615,1.1530430678521384,0.9909742988397258,0.2726818241382476,0.9253119240510388
0.2155,1.4187616313813352,1.0,3807.3358558854434,0.9114675110522932,1.1525893293231664,0.9909721339003381,0.2726409885180161,0.9257541344920481
0.216,1.417789354709156,1.0,3809.232745275983,0.9119641028535919,1.1521356395955422,0.9909699063647185,0.27260015289778455,0.9261949845818089
0.2165,1.4168170780369769,1.0,3811.1237709420548,0.9124579077475878,1.1516819986079125,0.9909676165963561,0.272559317277553,0.926634474803282
0.217,1.4158448013647975,1.0,3813.008936145002,0.9129489418227111,1.1512284062989244,0.9909652649564854,0.2725184816573215,0.9270726056386717
0.2175,1.4148725246926186,1.0,3814.8882441697506,0.9134372211673918,1.150774862607225,0.9909628518041226,0.27247764603708996,0.9275093775694274
0.218,1.4139002480204392,1.0,3816.7616983249427,0.91392276187006,1.1503213674714612,0.9909603774961064,0.27243681041685847,0.9279447910762434
0.2185,1.41292797134826,1.0,3818.6293019425966,0.9144055800191458,1.1498679208302802,0.9909578423871357,0.2723959747966269,0.9283788466390589
0.219,1.411955694676081,1.0,3820.491058378585,0.9148856917030794,1.1494145226223287,0.990955246829807,0.2723551391763954,0.9288115447370587
0.2195,1.4109834180039018,1.0,3822.346971011637,0.9153631130102908,1.148961172786254,0.9909525911746517,0.2723143035561639,0.9292428858486727
0.22,1.4100111413317227,1.0,3824.197030946589,0.9158378188452199,1.148507871355139,0.9909498749693118,0.2722734679359323,0.9296728703621348
0.2205,1.4090388646595435,1.0,3826.041252217851,0.916309859427958,1.1480546181861158,0.9909470992243081,0.27223263231570083,0.930101498832154
0.221,1.4080665879873644,1.0,3827.879641979018,0.9167792643196264,1.1476014131893844,0.990944264546204,0.2721917966954693,0.9305287717617877
0.2215,1.4070943113151853,1.0,3829.7122024568266,0.9172460468426782,1.14714825631316,0.9909413712238679,0.2721509610752378,0.930954689617336
0.222,1.4061220346430061,1.0,3831.538935899422,0.9177102203195658,1.1466951475056588,0.9909384195443326,0.27211012545500624,0.9313792528644548
0.2225,1.405149757970827,1.0,3833.359844577192,0.9181717980727422,1.1462420867150958,0.9909354097928227,0.27206928983477474,0.9318024619681582
0.223,1.4041774812986478,1.0,3835.174930781937,0.9186307934246599,1.145789073889687,0.9909323422527857,0.2720284542145432,0.932224317392817
0.2235,1.4032052046264685,1.0,3836.9841968273963,0.9190872196977719,1.1453361089776475,0.9909292172059208,0.27198761859431164,0.93264481960216
0.224,1.4022329279542896,1.0,3838.7876450489625,0.9195410902145306,1.1448831919271931,0.9909260349322067,0.27194678297408015,0.9330639690592734
0.2245,1.4012606512821102,1.0,3840.5852778034287,0.9199924182973889,1.1444303226865395,0.9909227957099314,0.27190594735384865,0.933481766226601
0.225,1.400288374609931,1.0,3842.3770974692475,0.9204412172687995,1.1439775012039022,0.9909194998157203,0.2718651117336171,0.933898211565945
0.2255,1.399316097937752,1.0,3844.1631064463963,0.9208875004512151,1.1435247274274964,0.9909161475245629,0.27182427611338555,0.9343133055384657
0.226,1.3983438212655728,1.0,3845.9433071562853,0.9213312811670886,1.1430720013055382,0.9909127391098422,0.27178344049315406,0.9347270486046814
0.2265,1.3973715445933936,1.0,3847.717702041546,0.9217725727388726,1.1426193227862427,0.9909092748433609,0.2717426048729225,0.9351394412244691
0.227,1.3963992679212145,1.0,3849.4862935664055,0.9222113884890198,1.1421666918178257,0.9909057549953685,0.271701769252691,0.9355504838570643
0.2275,1.3954269912490354,1.0,3851.2490842160846,0.9226477417399831,1.1417141083485027,0.9909021798345886,0.27166093363245947,0.9359601769610613
0.228,1.3944547145768562,1.0,3853.0060764971754,0.923081645814215,1.1412615723264894,0.9908985496282453,0.271620098012228,0.9363685209944133
0.2285,1.393482437904677,1.0,3854.7572729373496,0.9235131140341684,1.1408090837000011,0.9908948646420892,0.2715792623919964,0.9367755164144327
0.229,1.392510161232498,1.0,3856.502676085501,0.9239421597222959,1.1403566424172535,0.9908911251404234,0.27153842677176493,0.9371811636777909
0.2295,1.3915378845603188,1.0,3858.242288511417,0.9243687962010504,1.139904248426462,0.9908873313861293,0.2714975911515334,0.9375854632405191
0.23,1.3905656078881397,1.0,3859.976112806037,0.9247930367928844,1.1394519016758426,0.9908834836406923,0.2714567555313019,0.9379884155580074
0.2305,1.3895933312159605,1.0,3861.7041515810465,0.9252148948202509,1.1389996021136104,0.9908795821642267,0.27141591991107034,0.9383900210850064
0.231,1.3886210545437812,1.0,3863.426407469214,0.9256343836056025,1.1385473496879812,0.9908756272155006,0.2713750842908388,0.9387902802756258
0.2315,1.3876487778716022,1.0,3865.1428831241406,0.9260515164713918,1.1380951443471703,0.9908716190519611,0.2713342486706073,0.9391891935833361
0.232,1.3866765011994229,1.0,3866.853581219894,0.9264663067400717,1.1376429860393937,0.9908675579297576,0.27129341305037574,0.9395867614609671
0.2325,1.3857042245272437,1.0,3868.558504451775,0.9268787677340949,1.1371908747128665,0.9908634441037678,0.27125257743014425,0.9399829843607097
0.233,1.3847319478550646,1.0,3870.2576555352866,0.9272889127759142,1.1367388103158045,0.9908592778276198,0.2712117418099127,0.9403778627341149
0.2335,1.3837596711828855,1.0,3871.9510372069,0.9276967551879822,1.1362867927964233,0.9908550593537176,0.2711709061896812,0.9407713970320943
0.234,1.3827873945107063,1.0,3873.638652223298,0.9281023082927516,1.1358348221029384,0.9908507889332627,0.27113007056944965,0.9411635877049205
0.23450000000000001,1.3818151178385272,1.0,3875.3205033620648,0.9285055854126754,1.1353828981835652,0.9908464668162793,0.27108923494921816,0.9415544352022271
0.23500000000000001,1.380842841166348,1.0,3876.9965934209263,0.928906599870206,1.1349310209865193,0.9908420932516357,0.2710483993289866,0.9419439399730085
0.23550000000000001,1.379870564494169,1.0,3878.6669252181673,0.9293053649877964,1.1344791904600167,0.9908376684870683,0.2710075637087551,0.9423321024656204
0.23600000000000002,1.3788982878219898,1.0,3880.3315015923436,0.929701894087899,1.1340274065522722,0.9908331927692039,0.27096672808852357,0.9427189231277805
0.23650000000000002,1.3779260111498106,1.0,3881.9903254023825,0.9300962004929669,1.133575669211502,0.9908286663435815,0.270925892468292,0.943104402406567
0.23700000000000002,1.3769537344776315,1.0,3883.643399527415,0.9304882975254527,1.1331239783859215,0.9908240894546753,0.2708850568480605,0.9434885407484206
0.23750000000000002,1.3759814578054521,1.0,3885.2907268667204,0.9308781985078091,1.1326723340237461,0.9908194623459161,0.270844221227829,0.943871338599144
0.23800000000000002,1.3750091811332732,1.0,3886.9323062758244,0.9312658973997263,1.1322207361041468,0.9908147848836154,0.2708033856075975,0.9442527963777985
0.23850000000000002,1.3740369044610938,1.0,3888.56814017576,0.9316514030676946,1.131769184579268,0.9908100572224295,0.27076254998736593,0.9446329145258764
0.23900000000000002,1.3730646277889147,1.0,3890.198237080344,0.9320347566062793,1.1313176793550146,0.9908052801422421,0.27072171436713444,0.9450116935230025
0.23950000000000002,1.3720923511167356,1.0,3891.8225988915697,0.9324159688757757,1.1308662203878088,0.9908004538348095,0.2706808787469029,0.9453891338055148
0.24,1.3711200744445566,1.0,3893.441227530607,0.9327950507364792,1.1304148076340732,0.990795578490934,0.2706400431266714,0.9457652358092081
0.2405,1.3701477977723773,1.0,3895.0541249374073,0.933172013048685,1.1299634410502302,0.9907906543004799,0.27059920750643984,0.9461399999693346
0.241,1.3691755211001981,1.0,3896.6612930710867,0.9335468666726885,1.1295121205927017,0.9907856814523907,0.27055837188620835,0.9465134267206042
0.2415,1.368203244428019,1.0,3898.262733909374,0.9339196224687849,1.1290608462179104,0.9907806601347064,0.2705175362659768,0.946885516497184
0.242,1.3672309677558399,1.0,3899.858449449076,0.9342902912972695,1.1286096178822784,0.9907755905345803,0.27047670064574525,0.9472562697326987
0.2425,1.3662586910836607,1.0,3901.4484417057165,0.9346588840184377,1.1281584355422285,0.9907704728382943,0.27043586502551376,0.9476256868602311
0.243,1.3652864144114816,1.0,3903.0327127135356,0.9350254114925847,1.1277072991541826,0.9907653072312772,0.2703950294052822,0.9479937683123218
0.2435,1.3643141377393024,1.0,3904.6112645255575,0.9353898845800058,1.127256208674563,0.9907600938981197,0.2703541937850507,0.9483605145209696
0.244,1.3633418610671233,1.0,3906.1840992132775,0.9357523141409964,1.1268051640597925,0.9907548330225913,0.27031335816481916,0.9487259259176312
0.2445,1.3623695843949442,1.0,3907.751218867122,0.9361127110358517,1.1263541652662932,0.9907495247876555,0.27027252254458767,0.9490900029332215
0.245,1.361397307722765,1.0,3909.3126255957804,0.9364710861248672,1.1259032122504873,0.9907441693754868,0.2702316869243561,0.9494527459981146
0.2455,1.3604250310505859,1.0,3910.868321526749,0.9368274502683378,1.1254523049687974,0.9907387669674854,0.2701908513041246,0.9498141555421423
0.246,1.3594527543784065,1.0,3912.418308805773,0.9371818143265592,1.1250014433776456,0.9907333177442936,0.2701500156838931,0.9501742319945958
0.2465,1.3584804777062276,1.0,3913.9625895972395,0.9375341891598266,1.1245506274334545,0.9907278218858105,0.2701091800636616,0.9505329757842246
0.247,1.3575082010340482,1.0,3915.5011660837367,0.9378845856284351,1.1240998570926464,0.9907222795712087,0.27006834444343003,0.950890387339237
0.2475,1.356535924361869,1.0,3917.034040466365,0.9382330145926803,1.1236491323116433,0.9907166909789481,0.2700275088231985,0.9512464670873014
0.248,1.35556364768969,1.0,3918.5612149645353,0.9385794869128572,1.1231984530468682,0.9907110562867915,0.269986673202967,0.9516012154555441
0.2485,1.3545913710175108,1.0,3920.082691815808,0.9389240134492612,1.1227478192547427,0.99070537567182,0.26994583758273544,0.9519546328705517
0.249,1.3536190943453317,1.0,3921.598473276122,0.9392666050621878,1.1222972308916896,0.9906996493104478,0.26990500196250394,0.9523067197583698
0.2495,1.3526468176731525,1.0,3923.108561619321,0.9396072726119321,1.1218466879141313,0.9906938773784365,0.2698641663422724,0.9526574765445035
0.25,1.3516745410009734,1.0,3924.612959137777,0.9399460269587895,1.1213961902784901,0.9906880600509098,0.2698233307220409,0.9530069036539178
0.2505,1.3507022643287943,1.0,3926.1116681415983,0.9402828789630552,1.120945737941188,0.9906821975023689,0.26978249510180935,0.9533550015110379
0.251,1.3497299876566151,1.0,3927.604690959098,0.9406178394850245,1.1204953308586478,0.9906762899067052,0.2697416594815778,0.953701770539748
0.2515,1.348757710984436,1.0,3929.0920299367126,0.9409509193849929,1.1200449689872916,0.9906703374372166,0.2697008238613463,0.9540472111633935
0.252,1.3477854343122568,1.0,3930.573687438639,0.9412821295232554,1.1195946522835416,0.99066434026662,0.2696599882411148,0.9543913238047793
0.2525,1.3468131576400775,1.0,3932.0496658469524,0.9416114807601076,1.1191443807038206,0.9906582985670663,0.26961915262088326,0.9547341088861705
0.253,1.3458408809678986,1.0,3933.5199675617578,0.9419389839558445,1.1186941542045505,0.9906522125101543,0.2695783170006517,0.9550755668292933
0.2535,1.3448686042957192,1.0,3934.9845950010686,0.9422646499707616,1.118243972742154,0.9906460822669443,0.2695374813804202,0.955415698055334
0.254,1.3438963276235403,1.0,3936.443550600367,0.9425884896651542,1.1177938362730533,0.9906399080079711,0.26949664576018867,0.9557545029849398
0.2545,1.342924050951361,1.0,3937.896836813235,0.9429105138993176,1.1173437447536707,0.9906336899032595,0.2694558101399572,0.9560919820382187
0.255,1.3419517742791818,1.0,3939.3444561106335,0.9432307335335469,1.1168936981404285,0.9906274281223364,0.2694149745197256,0.9564281356347397
0.2555,1.3409794976070026,1.0,3940.7864109814186,0.9435491594281377,1.116443696389749,0.9906211228342444,0.26937413889949413,0.956762964193533
0.256,1.3400072209348235,1.0,3942.2227033580007,0.943865799192281,1.1159937394623953,0.9906147741438851,0.2693333032792626,0.9570964681298787
0.2565,1.3390349442626444,1.0,3943.6533309114525,0.9441806334999718,1.1155438273514853,0.9906083816278322,0.26929246765903103,0.9574286478347263
0.257,1.3380626675904652,1.0,3945.0783028102373,0.9444937105272464,1.1150939599633152,0.990601946184365,0.26925163203879954,0.9577595037626365
0.2575,1.337090390918286,1.0,3946.4976207354557,0.9448050391272801,1.1146441372609466,0.9905954679415517,0.269210796418568,0.9580890363255524
0.258,1.336118114246107,1.0,3947.9112863854434,0.9451146281532486,1.1141943592074415,0.9905889470269877,0.2691699607983365,0.9584172459349548
0.2585,1.3351458375739278,1.0,3949.319301474951,0.9454224864583276,1.113744625765861,0.9905823835678078,0.26912912517810494,0.958744133001863
0.259,1.3341735609017487,1.0,3950.721667735735,0.9457286228956927,1.113294936899267,0.9905757776906963,0.26908828955787345,0.9590696979368338
0.2595,1.3332012842295695,1.0,3952.1183869160095,0.9460330463185196,1.1128452925707208,0.9905691295218959,0.2690474539376419,0.959393941149963
0.26,1.3322290075573902,1.0,3953.5094607808455,0.9463357655799838,1.112395692743284,0.9905624391872204,0.2690066183174104,0.9597168630508842
0.2605,1.3312567308852112,1.0,3954.894891111737,0.9466367895332611,1.1119461373800186,0.9905557068120631,0.26896578269717886,0.9600384640487691
0.261,1.3302844542130319,1.0,3956.27467970704,0.9469361270315271,1.1114966264439856,0.9905489325214062,0.26892494707694736,0.9603587445523288
0.2615,1.3293121775408527,1.0,3957.6488283813023,0.9472337869279573,1.1110471598982468,0.9905421164398331,0.2688841114567158,0.9606777049698125
0.262,1.3283399008686736,1.0,3959.017338965862,0.9475297780757277,1.1105977377058638,0.9905352586915369,0.26884327583648426,0.9609953457090081
0.2625,1.3273676241964945,1.0,3960.3802133085733,0.9478241093280135,1.110148359829898,0.9905283594003297,0.26880244021625277,0.9613116671772427
0.263,1.3263953475243153,1.0,3961.737453273334,0.9481167895379907,1.1096990262334112,0.9905214186896537,0.2687616045960212,0.9616266697813819
0.2635,1.3254230708521362,1.0,3963.089060740998,0.9484078275588348,1.109249736879465,0.9905144366825904,0.2687207689757897,0.9619403539278306
0.264,1.324450794179957,1.0,3964.4350376082743,0.9486972322437213,1.1088004917311205,0.9905074135018704,0.2686799333555582,0.9622527200225331
0.2645,1.323478517507778,1.0,3965.775385788596,0.9489850124458261,1.10835129075144,0.9905003492698825,0.2686390977353267,0.9625637684709724
0.265,1.3225062408355988,1.0,3967.1101072113756,0.9492711770183246,1.1079021339034842,0.9904932441086838,0.26859826211509513,0.9628734996781714
0.2655,1.3215339641634196,1.0,3968.439203822641,0.9495557348143927,1.1074530211503153,0.9904860981400094,0.26855742649486364,0.9631819140486922
0.266,1.3205616874912405,1.0,3969.7626775841672,0.9498386946872058,1.1070039524549948,0.9904789114852808,0.2685165908746321,0.9634890119866365
0.2665,1.3195894108190611,1.0,3971.0805304743894,0.9501200654899398,1.106554927780584,0.9904716842656168,0.26847575525440054,0.9637947938956458
0.267,1.3186171341468822,1.0,3972.3927644876576,0.95039985607577,1.1061059470901446,0.9904644166018411,0.26843491963416904,0.9640992601789012
0.2675,1.3176448574747028,1.0,3973.6993816343547,0.9506780752978723,1.1056570103467385,0.990457108614493,0.2683940840139375,0.9644024112391237
0.268,1.3166725808025237,1.0,3975.0003839412225,0.9509547320094224,1.1052081175134267,0.9904497604238358,0.268353248393706,0.9647042474785746
0.2685,1.3157003041303446,1.0,3976.295773450723,0.9512298350635956,1.104759268553271,0.9904423721498662,0.26831241277347445,0.965004769299055
0.269,1.3147280274581654,1.0,3977.585552221568,0.9515033933135679,1.1043104634293333,0.9904349439123235,0.26827157715324296,0.9653039771019061
0.2695,1.3137557507859863,1.0,3978.8697223282766,0.9517754156125148,1.1038617021046746,0.9904274758306981,0.2682307415330114,0.9656018712880097
0.27,1.3127834741138071,1.0,3980.1482858615823,0.9520459108136119,1.1034129845423566,0.990419968024241,0.2681899059127799,0.965898452257788
0.2705,1.311811197441628,1.0,3981.4212449275615,0.9523148877700349,1.1029643107054412,0.9904124206119728,0.26814907029254836,0.9661937204112033
0.271,1.3108389207694489,1.0,3982.6886016487874,0.9525823553349595,1.1025156805569898,0.9904048337126918,0.26810823467231687,0.966487676147759
0.2715,1.3098666440972697,1.0,3983.950358163266,0.9528483223615611,1.1020670940600639,0.9903972074449842,0.2680673990520853,0.9667803198664989
0.272,1.3088943674250906,1.0,3985.206516624951,0.9531127977030157,1.101618551177725,0.9903895419272308,0.2680265634318538,0.967071651966008
0.2725,1.3079220907529114,1.0,3986.457079203393,0.9533757902124987,1.1011700518730347,0.990381837277618,0.2679857278116223,0.9673616728444115
0.273,1.306949814080732,1.0,3987.7020480840215,0.9536373087431858,1.1007215961090548,0.9903740936141444,0.2679448921913907,0.9676503828993763
0.2735,1.3059775374085532,1.0,3988.94142546811,0.9538973621482526,1.1002731838488466,0.9903663110546314,0.26790405657115923,0.9679377825281104
0.274,1.3050052607363738,1.0,3990.1752135720235,0.9541559592808748,1.099824815055472,0.9903584897167295,0.2678632209509277,0.9682238721273624
0.2745,1.3040329840641949,1.0,3991.4034105147234,0.9544130857775494,1.099376489722913,0.9903506292557582,0.2678223853306962,0.9685086520738257
0.275,1.3030607073920155,1.0,3992.62602240868,0.9546687693256414,1.0989282077851716,0.990342730163321,0.26778154971046464,0.968792122781932
0.2755,1.3020884307198364,1.0,3993.8430523207167,0.9549230252206322,1.098479969199273,0.9903347926849191,0.26774071409023315,0.9690742846508618
0.276,1.3011161540476572,1.0,3995.0545017911304,0.9551758606795189,1.098031773933829,0.9903268169051417,0.2676998784700016,0.9693551380720238
0.2765,1.300143877375478,1.0,3996.2603723755205,0.9554272829192983,1.0975836219574517,0.9903188029083806,0.26765904284977005,0.9696346834364322
0.277,1.299171600703299,1.0,3997.4606656443966,0.9556772991569676,1.097135513238753,0.9903107507788341,0.26761820722953855,0.9699129211347067
0.2775,1.2981993240311198,1.0,3998.655383183112,0.9559259166095239,1.0966874477463453,0.9903026606005165,0.26757737160930706,0.9701898515570719
0.278,1.2972270473589407,1.0,3999.8445265919545,0.956173142493964,1.0962394254488406,0.9902945324572625,0.2675365359890755,0.970465475093358
0.2785,1.2962547706867613,1.0,4001.028097486229,0.9564189840272851,1.0957914463148506,0.9902863664327347,0.26749570036884396,0.970739792133001
0.279,1.2952824940145824,1.0,4002.206097496195,0.9566634484264842,1.0953435103129878,0.99027816261043,0.26745486474861246,0.971012803065042
0.2795,1.294310217342403,1.0,4003.3785282666745,0.9569065429085584,1.094895617411864,0.9902699210736857,0.2674140291283809,0.9712845082781286
0.28,1.2933379406702241,1.0,4004.5453914575405,0.9571482746905046,1.0944477675800917,0.9902616419056861,0.2673731935081494,0.9715549081605134
0.2805,1.2923656639980448,1.0,4005.7066887432884,0.9573886509893198,1.0939999607862823,0.9902533251894685,0.26733235788791787,0.9718240031000555
0.281,1.2913933873258658,1.0,4006.8624218133627,0.9576276790220012,1.0935521969990483,0.9902449710079304,0.2672915222676864,0.9720917934842196
0.28150000000000003,1.2904211106536865,1.0,4008.012592371656,0.9578653660055457,1.0931044761870017,0.9902365794438353,0.2672506866474548,0.9723582797000766
0.28200000000000003,1.2894488339815073,1.0,4009.1572021369084,0.9581017191569504,1.0926567983187545,0.9902281505798184,0.2672098510272233,0.9726234621343037
0.28250000000000003,1.2884765573093282,1.0,4010.296252842722,0.9583367456932124,1.092209163362919,0.990219684498394,0.2671690154069918,0.9728873411731841
0.28300000000000003,1.287504280637149,1.0,4011.429746236893,0.9585704528313286,1.0917615712881068,0.9902111812819612,0.26712817978676023,0.9731499172026075
0.28350000000000003,1.28653200396497,1.0,4012.5576840822205,0.958802847788296,1.0913140220629305,0.9902026410128094,0.26708734416652874,0.9734111906080697
0.28400000000000003,1.2855597272927908,1.0,4013.6800681557943,0.9590339377811118,1.0908665156560018,0.9901940637731254,0.2670465085462972,0.9736711617746734
0.28450000000000003,1.2845874506206116,1.0,4014.7969002494497,0.9592637300267729,1.090419052035933,0.9901854496449994,0.2670056729260657,0.9739298310871277
0.28500000000000003,1.2836151739484323,1.0,4015.9081821693712,0.9594922317422764,1.0899716311713359,0.9901767987104308,0.26696483730583415,0.9741871989297484
0.28550000000000003,1.2826428972762534,1.0,4017.013915736391,0.9597194501446193,1.0895242530308227,0.9901681110513343,0.26692400168560265,0.974443265686458
0.28600000000000003,1.281670620604074,1.0,4018.114102785552,0.9599453924507987,1.0890769175830057,0.990159386749546,0.2668831660653711,0.9746980317407857
0.28650000000000003,1.280698343931895,1.0,4019.208745166681,0.9601700658778115,1.0886296247964966,0.9901506258868296,0.2668423304451396,0.9749514974758681
0.28700000000000003,1.2797260672597157,1.0,4020.297844743601,0.9603934776426548,1.0881823746399077,0.9901418285448819,0.26680149482490806,0.9752036632744482
0.28750000000000003,1.2787537905875368,1.0,4021.381403394858,0.9606156349623257,1.0877351670818511,0.9901329948053398,0.26676065920467656,0.9754545295188765
0.28800000000000003,1.2777815139153574,1.0,4022.459423013012,0.9608365450538212,1.0872880020909388,0.9901241247497848,0.266719823584445,0.9757040965911106
0.2885,1.2768092372431785,1.0,4023.5319055052087,0.9610562151341382,1.0868408796357827,0.9901152184597501,0.2666789879642135,0.9759523648727153
0.289,1.2758369605709992,1.0,4024.5988527926706,0.9612746524202739,1.086393799684995,0.9901062760167257,0.26663815234398197,0.9761993347448628
0.2895,1.2748646838988202,1.0,4025.660266810946,0.9614918641292253,1.0859467622071879,0.9900972975021649,0.2665973167237504,0.9764450065883326
0.29,1.2738924072266409,1.0,4026.7161495098767,0.9617078574779894,1.0854997671709734,0.9900882829974895,0.2665564811035189,0.976689380783512
0.2905,1.272920130554462,1.0,4027.766502853256,0.9619226396835631,1.0850528145449634,0.9900792325840964,0.2665156454832874,0.9769324577103956
0.291,1.2719478538822826,1.0,4028.81132881939,0.9621362179629437,1.08460590429777,0.9900701463433622,0.2664748098630559,0.977174237748586
0.2915,1.2709755772101037,1.0,4029.8506294002755,0.962348599533128,1.0841590363980056,0.9900610243566501,0.26643397424282433,0.9774147212772932
0.292,1.2700033005379243,1.0,4030.8844066024476,0.9625597916111132,1.0837122108142818,0.9900518667053154,0.26639313862259284,0.9776539086753356
0.2925,1.2690310238657452,1.0,4031.9126569114605,0.9627697817590101,1.0832654275566038,0.9900426730710599,0.2663523030023613,0.977891800299158
0.293,1.268058747193566,1.0,4032.9353823353863,0.9629785751372295,1.0828186865937652,0.9900334434924292,0.26631146738212974,0.9781283965270526
0.2935,1.267086470521387,1.0,4033.9525924388936,0.9631862057005615,1.0823719878381655,0.9900241785942866,0.26627063176189825,0.978363697766547
0.294,1.2661141938492078,1.0,4034.964288575383,0.9633926791757931,1.0819253312637223,0.9900148784279176,0.26622979614166675,0.9785977043919942
0.2945,1.2651419171770286,1.0,4035.9704721118046,0.963598001289712,1.0814787168443534,0.9900055430445447,0.2661889605214352,0.9788304167774161
0.295,1.2641696405048495,1.0,4036.971144428912,0.9638021777691053,1.0810321445539768,0.9899961724953313,0.26614812490120365,0.9790618352965033
0.2955,1.2631973638326701,1.0,4037.966306920839,0.9640052143407604,1.0805856143665105,0.9899867668313865,0.26610728928097216,0.979291960322615
0.296,1.2622250871604912,1.0,4038.9559609952366,0.9642071167314645,1.0801391262558722,0.9899773261037688,0.2660664536607406,0.97952079222878
0.2965,1.2612528104883118,1.0,4039.9401080733273,0.9644078906680054,1.07969268019598,0.9899678503634902,0.2660256180405091,0.9797483313876953
0.297,1.260280533816133,1.0,4040.9187495897195,0.9646075418771699,1.0792462761607517,0.9899583396615214,0.26598478242027757,0.979974578171728
0.2975,1.2593082571439536,1.0,4041.8918869925055,0.9648060760857456,1.0787999141241054,0.9899487940487948,0.26594394680004607,0.9801995329529133
0.298,1.2583359804717744,1.0,4042.859521743117,0.96500349902052,1.0783535940599585,0.9899392135762093,0.2659031111798145,0.9804231961029568
0.2985,1.2573637037995953,1.0,4043.821655316499,0.9651998164082801,1.0779073159422294,0.9899295982946341,0.265862275559583,0.9806455679932323
0.299,1.2563914271274161,1.0,4044.778289201047,0.9653950339758134,1.0774610797448356,0.9899199482549134,0.2658214399393515,0.9808666489947838
0.2995,1.255419150455237,1.0,4045.7294248981434,0.9655891574499074,1.0770148854416954,0.9899102635078696,0.26578060431911993,0.9810864394783244
0.3,1.2544468737830579,1.0,4046.6750639228894,0.9657821925573491,1.0765687330067264,0.9899005441043084,0.26573976869888843,0.9813049398142367
0.3005,1.2534745971108787,1.0,4047.615207803368,0.9659741450249261,1.0761226224138467,0.9898907900950225,0.2656989330786569,0.9815221503725731
0.301,1.2525023204386996,1.0,4048.5498580812523,0.9661650205794257,1.075676553636974,0.989881001530795,0.2656580974584254,0.9817380715230555
0.3015,1.2515300437665204,1.0,4049.479016311146,0.9663548249476352,1.0752305266500262,0.9898711784624052,0.26561726183819384,0.9819527036350756
0.302,1.250557767094341,1.0,4050.402684061116,0.966543563856342,1.0747845414269213,0.9898613209406304,0.2655764262179623,0.9821660470776948
0.3025,1.2495854904221622,1.0,4051.320862912391,0.9667312430323334,1.0743385979415772,0.9898514290162519,0.2655355905977308,0.9823781022196446
0.303,1.2486132137499828,1.0,4052.233554459217,0.9669178682023967,1.0738926961679118,0.989841502740058,0.2654947549774993,0.9825888694293261
0.3035,1.2476409370778039,1.0,4053.140760309032,0.9671034450933192,1.073446836079843,0.9898315421628482,0.26545391935726775,0.9827983490748108
0.304,1.2466686604056245,1.0,4054.042482082641,0.9672879794318885,1.0730010176512885,0.9898215473354368,0.2654130837370362,0.9830065415238401
0.3045,1.2456963837334456,1.0,4054.938721413716,0.9674714769448917,1.0725552408561665,0.9898115183086587,0.2653722481168047,0.9832134471438255
0.305,1.2447241070612662,1.0,4055.8294799490855,0.9676539433591161,1.0721095056683947,0.9898014551333708,0.26533141249657316,0.9834190663018487
0.3055,1.243751830389087,1.0,4056.714759348638,0.9678353844013493,1.071663812061891,0.9897913578604575,0.26529057687634167,0.9836233993646618
0.306,1.242779553716908,1.0,4057.5945612852106,0.9680158057983784,1.0712181600105735,0.9897812265408344,0.2652497412561101,0.9838264466986874
0.3065,1.2418072770447288,1.0,4058.468887444812,0.968195213276991,1.0707725494883598,0.9897710612254528,0.2652089056358786,0.9840282086700181
0.307,1.2408350003725497,1.0,4059.3377395262714,0.9683736125639741,1.070326980469168,0.989760861965302,0.2651680700156471,0.9842286856444173
0.3075,1.2398627237003705,1.0,4060.2011192415002,0.9685510093861153,1.0698814529269158,0.9897506288114151,0.2651272343954156,0.984427877987319
0.308,1.2388904470281914,1.0,4061.0590283151846,0.9687274094702019,1.0694359668355216,0.9897403618148717,0.26508639877518403,0.9846257860638277
0.3085,1.237918170356012,1.0,4061.911468485204,0.9689028185430211,1.0689905221689024,0.9897300610268023,0.2650455631549525,0.9848224102387186
0.309,1.2369458936838331,1.0,4062.7584415020847,0.9690772423313604,1.0685451189009771,0.9897197264983923,0.265004727534721,0.9850177508764378
0.3095,1.2359736170116538,1.0,4063.5999491292177,0.9692506865620071,1.068099757005663,0.9897093582808851,0.26496389191448944,0.9852118083411022
0.31,1.2350013403394748,1.0,4064.435993143034,0.9694231569617485,1.0676544364568779,0.9896989564255871,0.26492305629425794,0.9854045829964996
0.3105,1.2340290636672955,1.0,4065.266575332501,0.969594659257372,1.06720915722854,0.9896885209838708,0.2648822206740264,0.9855960752060886
0.311,1.2330567869951166,1.0,4066.0916974996185,0.969765199175665,1.0667639192945673,0.9896780520071786,0.2648413850537949,0.9857862853329991
0.3115,1.2320845103229372,1.0,4066.9113614590747,0.9699347824434146,1.0663187226288773,0.9896675495470271,0.26480054943356335,0.985975213740032
0.312,1.231112233650758,1.0,4067.7255690382617,0.9701034147874084,1.065873567205388,0.9896570136550106,0.26475971381333185,0.9861628607896595
0.3125,1.230139956978579,1.0,4068.5343220772943,0.9702711019344336,1.0654284529980176,0.9896464443828049,0.2647188781931003,0.9863492268440249
0.313,1.2291676803063998,1.0,4069.337622429061,0.9704378496112775,1.0649833799806838,0.9896358417821718,0.2646780425728688,0.9865343122649428
0.3135,1.2281954036342206,1.0,4070.1354719590468,0.9706036635447277,1.0645383481273045,0.9896252059049615,0.26463720695263726,0.9867181174138994
0.314,1.2272231269620415,1.0,4070.9278725454633,0.9707685494615713,1.0640933574117974,0.9896145368031176,0.26459637133240577,0.9869006426520522
0.3145,1.2262508502898624,1.0,4071.71482607899,0.9709325130885956,1.0636484078080808,0.9896038345286803,0.2645555357121742,0.9870818883402304
0.315,1.225278573617683,1.0,4072.496327972135,0.9710955276703332,1.063203499338374,0.9895930984491282,0.26451470009194267,0.9872618548194647
0.3155,1.224306296945504,1.0,4073.272387277985,0.9712576321032292,1.062758631923477,0.9895823293145772,0.2644738644717112,0.9874405424715993
0.316,1.2233340202733247,1.0,4074.0430058092993,0.9714188334467713,1.0623138055381691,0.9895715272056396,0.2644330288514796,0.9876179516560946
0.3165,1.2223617436011458,1.0,4074.8081848434376,0.9715791361596107,1.0618690201613075,0.9895606921481818,0.26439219323124813,0.9877940827304839
0.317,1.2213894669289664,1.0,4075.5679256698563,0.9717385447003987,1.0614242757717491,0.9895498241680941,0.2643513576110166,0.9879689360520284
0.3175,1.2204171902567875,1.0,4076.322229590491,0.9718970635277867,1.060979572348351,0.9895389232912949,0.2643105219907851,0.9881425119777175
0.318,1.2194449135846082,1.0,4077.071097919175,0.972054697100426,1.0605349098699706,0.9895279895437313,0.26426968637055354,0.9883148108642683
0.3185,1.218472636912429,1.0,4077.814531982139,0.9722114498769681,1.0600902883154644,0.9895170229513832,0.264228850750322,0.9884858330681262
0.319,1.2175003602402499,1.0,4078.5525331179583,0.9723673263160639,1.0596457076636898,0.9895060235402654,0.2641880151300905,0.9886555789454644
0.3195,1.2165280835680707,1.0,4079.285102676884,0.9725223308763651,1.0592011678935036,0.9894949913364306,0.26414717950985894,0.9888240488521849
0.32,1.2155558068958916,1.0,4080.012242021873,0.9726764680165227,1.058756668983763,0.9894839263659718,0.26410634388962745,0.9889912431439174
0.3205,1.2145835302237125,1.0,4080.7339525275243,0.9728297421951884,1.0583122109133252,0.9894728286550256,0.2640655082693959,0.98915716217602
0.321,1.2136112535515333,1.0,4081.4502355809377,0.9729821578710132,1.057867793661047,0.9894616982297743,0.2640246726491644,0.9893218063035794
0.3215,1.2126389768793542,1.0,4082.1610925809,0.9731337195026486,1.0574234172057855,0.9894505351164483,0.26398383702893286,0.9894851758814104
0.322,1.211666700207175,1.0,4082.8665249386618,0.9732844315487458,1.0569790815263977,0.9894393393413295,0.26394300140870136,0.9896472712640565
0.3225,1.2106944235349957,1.0,4083.5665340771616,0.973434298467956,1.0565347866017407,0.9894281109307538,0.2639021657884698,0.9898080928057896
0.323,1.2097221468628168,1.0,4084.261121431682,0.9735833247189309,1.0560905324106715,0.9894168499111136,0.2638613301682383,0.9899676408606104
0.3235,1.2087498701906374,1.0,4084.9502884492777,0.9737315147603215,1.055646318932047,0.9894055563088605,0.26382049454800677,0.9901259157822477
0.324,1.2077775935184585,1.0,4085.6340365891474,0.9738788730507792,1.0552021461447247,0.9893942301505079,0.2637796589277753,0.9902829179241596
0.3245,1.2068053168462791,1.0,4086.3123673222626,0.9740254040489554,1.0547580140275614,0.9893828714626334,0.2637388233075437,0.9904386476395325
0.325,1.2058330401741002,1.0,4086.9852821318655,0.9741711122135014,1.054313922559414,0.9893714802718824,0.26369798768731223,0.9905931052812819
0.3255,1.2048607635019208,1.0,4087.652782512728,0.9743160020030683,1.0538698717191395,0.9893600566049695,0.2636571520670807,0.9907462912020518
0.326,1.2038884868297417,1.0,4088.314869971857,0.9744600778763077,1.0534258614855954,0.9893486004886822,0.26361631644684913,0.9908982057542155
0.3265,1.2029162101575626,1.0,4088.97154602811,0.9746033442918708,1.0529818918376381,0.989337111949883,0.26357548082661764,0.991048849289875
0.327,1.2019439334853834,1.0,4089.622812211982,0.9747458057084089,1.0525379627541251,0.9893255910155118,0.2635346452063861,0.9911982221608615
0.3275,1.2009716568132043,1.0,4090.2686700661816,0.9748874665845733,1.0520940742139135,0.9893140377125891,0.2634938095861546,0.991346324718735
0.328,1.1999993801410251,1.0,4090.909121144893,0.9750283313790153,1.05165022619586,0.9893024520682183,0.26345297396592304,0.9914931573147847
0.3285,1.199027103468846,1.0,4091.5441670144014,0.9751684045503864,1.051206418678822,0.9892908341095885,0.26341213834569155,0.9916387203000293
0.329,1.1980548267966666,1.0,4092.173809252627,0.9753076905573378,1.0507626516416562,0.9892791838639768,0.26337130272546,0.9917830140252164
0.3295,1.1970825501244877,1.0,4092.798049449311,0.9754461938585207,1.0503189250632197,0.9892675013587512,0.26333046710522845,0.991926038840823
0.33,1.1961102734523084,1.0,4093.4168892059934,0.9755839189125866,1.0498752389223698,0.9892557866213734,0.26328963148499696,0.9920677950970552
0.3305,1.1951379967801294,1.0,4094.030330135959,0.9757208701781867,1.0494315931979634,0.9892440396794003,0.26324879586476546,0.992208283143849
0.331,1.19416572010795,1.0,4094.6383738641334,0.9758570521139723,1.0489879878688573,0.9892322605604887,0.2632079602445339,0.9923475033308695
0.3315,1.1931934434357712,1.0,4095.2410220271445,0.9759924691785948,1.048544422913909,0.9892204492923956,0.26316712462430236,0.9924854560075114
0.332,1.1922211667635918,1.0,4095.8382762734673,0.9761271258307056,1.0481008983119753,0.9892086059029824,0.26312628900407087,0.9926221415228986
0.3325,1.1912488900914127,1.0,4096.430138263041,0.9762610265289559,1.0476574140419133,0.9891967304202164,0.2630854533838393,0.9927575602258853
0.333,1.1902766134192335,1.0,4097.016609667692,0.9763941757319969,1.0472139700825798,0.9891848228721745,0.2630446177636078,0.992891712465055
0.3335,1.1893043367470544,1.0,4097.597692170474,0.9765265778984802,1.0467705664128322,0.9891728832870447,0.2630037821433763,0.9930245985887208
0.334,1.1883320600748752,1.0,4098.173387466534,0.9766582374870568,1.0463272030115274,0.9891609116931295,0.2629629465231448,0.9931562189449258
0.3345,1.187359783402696,1.0,4098.743697262243,0.9767891589563783,1.0458838798575223,0.989148908118848,0.26292211090291323,0.9932865738814428
0.335,1.186387506730517,1.0,4099.308623275627,0.9769193467650958,1.0454405969296743,0.9891368725927386,0.2628812752826817,0.9934156637457745
0.3355,1.1854152300583376,1.0,4099.868167236543,0.9770488053718609,1.04499735420684,0.9891248051434619,0.2628404396624502,0.9935434888851536
0.336,1.1844429533861587,1.0,4100.422330885945,0.9771775392353246,1.0445541516678767,0.9891127057998026,0.26279960404221864,0.9936700496465428
0.3365,1.1834706767139793,1.0,4100.971115976617,0.9773055528141383,1.0441109892916416,0.9891005745906725,0.26275876842198714,0.9937953463766348
0.337,1.1824984000418004,1.0,4101.514521587366,0.9774328385331457,1.0436678670769026,0.9890884112811016,0.2627179328017556,0.9939193794163073
0.3375,1.181526123369621,1.0,4102.052549495721,0.977559399009623,1.0432247850025007,0.9890762158589504,0.2626770971815241,0.9940421491118865
0.338,1.1805538466974421,1.0,4102.585204916088,0.9776852546431194,1.0427817430218767,0.9890639887030761,0.26263626156129255,0.9941636558163588
0.3385,1.1795815700252628,1.0,4103.112489064,0.9778104089049653,1.0423387411182123,0.9890517298214189,0.262595425941061,0.994283899874123
0.339,1.1786092933530836,1.0,4103.634403166062,0.9779348652664912,1.04189577927469,0.9890394392219742,0.2625545903208295,0.9944028816293573
0.3395,1.1776370166809045,1.0,4104.15094846005,0.9780586271990276,1.041452857474491,0.9890271169127958,0.262513754700598,0.994520601426019
0.34,1.1766647400087253,1.0,4104.6621261950195,0.9781816981739051,1.0410099757007978,0.9890147629019965,0.26247291908036646,0.9946370596078443
0.3405,1.1756924633365462,1.0,4105.167937631374,0.9783040816624541,1.040567133936792,0.989002377197751,0.2624320834601349,0.9947522565183494
0.341,1.174720186664367,1.0,4105.668384040684,0.9784257811360051,1.0401243321656553,0.9889899598082968,0.2623912478399034,0.9948661925008296
0.3415,1.173747909992188,1.0,4106.163466705555,0.9785468000658887,1.03968157037057,0.9889775107419366,0.26235041221967187,0.9949788678983594
0.342,1.1727756333200088,1.0,4106.653186920053,0.9786671419234352,1.0392388485347177,0.9889650300070404,0.2623095765994404,0.995090283053793
0.3425,1.1718033566478296,1.0,4107.137545989087,0.9787868101799753,1.0387961666412804,0.988952517612046,0.2622687409792088,0.995200438309764
0.343,1.1708310799756503,1.0,4107.61654522904,0.9789058083068395,1.03835352467344,0.9889399735654629,0.26222790535897733,0.9953093340086856
0.3435,1.1698588033034714,1.0,4108.090185967063,0.9790241397753581,1.0379109226143786,0.9889273978758717,0.2621870697387458,0.9954169704927507
0.34400000000000003,1.168886526631292,1.0,4108.558469541797,0.9791418080568618,1.0374683604472776,0.9889147905519284,0.26214623411851423,0.9955233481039314
0.34450000000000003,1.167914249959113,1.0,4109.021397302902,0.979258816622681,1.0370258381553192,0.9889021516023643,0.26210539849828274,0.9956284671839799
0.34500000000000003,1.1669419732869337,1.0,4109.4789706108095,0.9793751689441463,1.0365833557216853,0.9888894810359882,0.2620645628780512,0.995732328074428
0.34550000000000003,1.1659696966147548,1.0,4109.931190837465,0.9794908684925882,1.0361409131295578,0.9888767788616897,0.2620237272578197,0.9958349311165873
0.34600000000000003,1.1649974199425754,1.0,4110.378059365599,0.9796059187393369,1.0356985103621184,0.9888640450884388,0.26198289163758814,0.9959362766515489
0.34650000000000003,1.1640251432703963,1.0,4110.8195775891045,0.9797203231557233,1.0352561474025492,0.9888512797252892,0.26194205601735665,0.9960363650201841
0.34700000000000003,1.1630528665982172,1.0,4111.255746912747,0.9798340852130777,1.0348138242340321,0.98883848278138,0.2619012203971251,0.9961351965631439
0.34750000000000003,1.162080589926038,1.0,4111.686568752669,0.9799472083827306,1.034371540839749,0.9888256542659368,0.2618603847768936,0.9962327716208593
0.34800000000000003,1.1611083132538589,1.0,4112.112044535531,0.9800596961360126,1.0339292972028815,0.9888127941882741,0.26181954915666206,0.9963290905335412
0.34850000000000003,1.1601360365816797,1.0,4112.532175699424,0.9801715519442542,1.0334870933066118,0.9887999025577967,0.26177871353643056,0.9964241536411808
0.34900000000000003,1.1591637599095006,1.0,4112.946963693008,0.9802827792787857,1.0330449291341217,0.9887869793840027,0.261737877916199,0.9965179612835487
0.34950000000000003,1.1581914832373212,1.0,4113.3564099762625,0.9803933816109378,1.032602804668593,0.9887740246764836,0.26169704229596746,0.9966105138001963
0.35000000000000003,1.1572192065651423,1.0,4113.760516019907,0.980503362412041,1.0321607198932081,0.9887610384449267,0.26165620667573597,0.9967018115304548
0.35050000000000003,1.156246929892963,1.0,4114.159283305588,0.9806127251534256,1.0317186747911482,0.9887480206991183,0.2616153710555044,0.9967918548134356
0.35100000000000003,1.155274653220784,1.0,4114.552713326028,0.9807214733064223,1.0312766693455955,0.9887349714489434,0.2615745354352729,0.9968806439880302
0.35150000000000003,1.1543023765486047,1.0,4114.940807584603,0.9808296103423616,1.0308347035397316,0.9887218907043883,0.2615336998150414,0.9969681793929109
0.352,1.1533300998764258,1.0,4115.323567595774,0.9809371397325739,1.030392777356739,0.9887087784755438,0.2614928641948099,0.9970544613665296
0.3525,1.1523578232042464,1.0,4115.700994884629,0.9810440649483897,1.0299508907797992,0.9886956347726046,0.26145202857457833,0.9971394902471191
0.353,1.1513855465320675,1.0,4116.073090987512,0.9811503894611396,1.0295090437920942,0.9886824596058729,0.26141119295434684,0.9972232663726922
0.3535,1.1504132698598881,1.0,4116.439857451202,0.9812561167421541,1.0290672363768056,0.9886692529857598,0.2613703573341153,0.9973057900810425
0.354,1.1494409931877092,1.0,4116.801295833627,0.9813612502627636,1.0286254685171157,0.9886560149227862,0.2613295217138838,0.9973870617097437
0.3545,1.1484687165155298,1.0,4117.157407703116,0.9814657934942985,1.0281837401962062,0.9886427454275863,0.26128868609365224,0.9974670815961504
0.355,1.147496439843351,1.0,4117.508194639284,0.9815697499080895,1.027742051397259,0.9886294445109083,0.26124785047342075,0.9975458500773975
0.3555,1.1465241631711716,1.0,4117.853658232112,0.9816731229754672,1.027300402103456,0.9886161121836158,0.2612070148531892,0.9976233674904006
0.356,1.1455518864989924,1.0,4118.1938000826785,0.9817759161677618,1.026858792297979,0.9886027484566906,0.2611661792329577,0.9976996341718559
0.3565,1.1445796098268133,1.0,4118.528621802402,0.9818781329563041,1.0264172219640102,0.9885893533412347,0.26112534361272616,0.9977746504582405
0.357,1.1436073331546341,1.0,4118.858125013883,0.9819797768124243,1.0259756910847313,0.9885759268484702,0.2610845079924946,0.9978484166858119
0.3575,1.142635056482455,1.0,4119.182311350282,0.9820808512074531,1.025534199643324,0.9885624689897439,0.2610436723722631,0.9979209331906086
0.358,1.1416627798102759,1.0,4119.501182455223,0.982181359612721,1.0250927476229705,0.9885489797765271,0.26100283675203156,0.9979922003084499
0.3585,1.1406905031380967,1.0,4119.814739983463,0.9822813054995584,1.0246513350068525,0.9885354592204174,0.26096200113180007,0.998062218374936
0.359,1.1397182264659176,1.0,4120.1229855999545,0.9823806923392958,1.024209961778152,0.9885219073331423,0.2609211655115685,0.9981309877254477
0.3595,1.1387459497937384,1.0,4120.425907662685,0.982479490249635,1.0237686280185785,0.9885083233619073,0.260880329891337,0.9981985086802119
0.36,1.137773673121559,1.0,4120.723522160961,0.9825777372850724,1.0233273336054929,0.9884947081098048,0.2608394942711055,0.9982647815907463
0.3605,1.1368013964493802,1.0,4121.015831281828,0.9826754386864635,1.0228860785184557,0.9884810616297538,0.260798658650874,0.9983298067922419
0.361,1.1358291197772008,1.0,4121.302836154134,0.9827725970770149,1.0224448627449307,0.9884673839147868,0.26075782303064243,0.9983935846184988
0.3615,1.1348568431050219,1.0,4121.584537917691,0.9828692150799336,1.022003686272382,0.9884536749579922,0.26071698741041094,0.998456115403146
0.362,1.1338845664328425,1.0,4121.860937722254,0.9829652953184264,1.0215625490882738,0.9884399347525141,0.2606761517901794,0.9985173994796421
0.3625,1.1329122897606636,1.0,4122.132036728677,0.9830608404157,1.0211214511800697,0.9884261632915559,0.26063531616994784,0.9985774371812753
0.363,1.1319400130884842,1.0,4122.397836107899,0.9831558529949611,1.0206803925352343,0.988412360568379,0.26059448054971635,0.9986362288411627
0.3635,1.130967736416305,1.0,4122.658337041452,0.9832503356794166,1.0202393731412314,0.9883985265763059,0.2605536449294848,0.9986937747922513
0.364,1.129995459744126,1.0,4122.913540721417,0.9833442910922734,1.0197983929855248,0.9883846613087207,0.2605128093092533,0.9987500753673174
0.3645,1.1290231830719468,1.0,4123.16344835008,0.9834377218567381,1.0193574520555788,0.9883707647590707,0.26047197368902175,0.9988051308989667
0.365,1.1280509063997677,1.0,4123.408061140497,0.9835306305960175,1.0189165503388573,0.9883568369208663,0.26043113806879026,0.9988589417196349
0.3655,1.1270786297275885,1.0,4123.647380315869,0.9836230199333186,1.0184756878228247,0.9883428777876845,0.2603903024485587,0.9989115081615865
0.366,1.1261063530554094,1.0,4123.88140711006,0.983714892491848,1.0180348644949444,0.9883288873531682,0.2603494668283272,0.9989628305569165
0.3665,1.12513407638323,1.0,4124.110142767064,0.9838062508948124,1.017594080342681,0.9883148656110281,0.26030863120809566,0.9990129092375487
0.367,1.1241617997110511,1.0,4124.333588541591,0.9838970977654189,1.0171533353534983,0.9883008125550445,0.26026779558786417,0.9990617445352373
0.3675,1.1231895230388718,1.0,4124.55174569842,0.9839874357268741,1.0167126295148605,0.9882867281790679,0.2602269599676326,0.9991093367815658
0.368,1.1222172463666928,1.0,4124.764615512946,0.9840772674023848,1.0162719628142314,0.98827261247702,0.26018612434740107,0.9991556863079473
0.3685,1.1212449696945135,1.0,4124.972199270973,0.9841665954151578,1.015831335239075,0.9882584654428955,0.2601452887271696,0.9992007934456251
0.369,1.1202726930223346,1.0,4125.174498268333,0.9842554223883999,1.0153907467768557,0.9882442870707634,0.260104453106938,0.9992446585256719
0.3695,1.1193004163501552,1.0,4125.3715138115285,0.9843437509453179,1.0149501974150372,0.9882300773547674,0.26006361748670653,0.9992872818789905
0.37,1.118328139677976,1.0,4125.563247217153,0.9844315837091185,1.014509687141084,0.9882158362891286,0.260022781866475,0.9993286638363134
0.3705,1.117355863005797,1.0,4125.749699812441,0.9845189233030087,1.0140692159424594,0.9882015638681454,0.2599819462462435,0.999368804728203
0.371,1.1163835863336178,1.0,4125.930872934498,0.9846057723501951,1.013628783806628,0.9881872600861948,0.25994111062601194,0.9994077048850516
0.3715,1.1154113096614386,1.0,4126.1067679311345,0.9846921334738846,1.0131883907210535,0.9881729249377355,0.2599002750057804,0.9994453646370818
0.372,1.1144390329892595,1.0,4126.277386160287,0.9847780092972839,1.0127480366732002,0.9881585584173059,0.2598594393855489,0.9994817843143454
0.3725,1.1134667563170804,1.0,4126.442728990049,0.9848634024435998,1.0123077216505323,0.9881441605195285,0.25981860376531735,0.9995169642467252
0.373,1.1124944796449012,1.0,4126.602797799067,0.9849483155360392,1.0118674456405135,0.9881297312391095,0.25977776814508585,0.9995509047639333
0.3735,1.111522202972722,1.0,4126.757593975921,0.9850327511978089,1.0114272086306078,0.98811527057084,0.2597369325248543,0.999583606195512
0.374,1.1105499263005427,1.0,4126.907118919758,0.9851167120521155,1.0109870106082792,0.9881007785095985,0.2596960969046228,0.9996150688708341
0.3745,1.1095776496283638,1.0,4127.051374039562,0.9852002007221659,1.0105468515609923,0.9880862550503504,0.25965526128439126,0.999645293119102
0.375,1.1086053729561844,1.0,4127.190360755101,0.985283219831167,1.0101067314762104,0.9880717001881504,0.25961442566415976,0.9996742792693488
0.3755,1.1076330962840055,1.0,4127.324080495714,0.9853657720023253,1.0096666503413982,0.9880571139181443,0.2595735900439282,0.9997020276504374
0.376,1.1066608196118262,1.0,4127.452534701507,0.9854478598588479,1.0092266081440193,0.988042496235568,0.2595327544236967,0.9997285385910609
0.3765,1.105688542939647,1.0,4127.575724822377,0.9855294860239414,1.008786604871538,0.9880278471357514,0.25949191880346517,0.9997538124197431
0.377,1.1047162662674679,1.0,4127.69365231864,0.9856106531208128,1.0083466405114179,0.988013166614118,0.2594510831832336,0.9997778494648378
0.3775,1.1037439895952887,1.0,4127.806318660787,0.9856913637726686,1.0079067150511234,0.987998454666187,0.2594102475630021,0.9998006500545291
0.378,1.1027717129231096,1.0,4127.913725329141,0.9857716206027158,1.0074668284781187,0.9879837112875738,0.2593694119427706,0.9998222145168315
0.3785,1.1017994362509305,1.0,4128.015873814666,0.9858514262341612,1.0070269807798675,0.987968936473992,0.2593285763225391,0.9998425431795899
0.379,1.1008271595787513,1.0,4128.112765618051,0.9859307832902114,1.006587171943834,0.9879541302212539,0.25928774070230753,0.9998616363704795
0.3795,1.0998548829065722,1.0,4128.204402250441,0.9860096943940734,1.006147401957482,0.9879392925252726,0.25924690508207604,0.9998794944170062
0.38,1.098882606234393,1.0,4128.290785232693,0.9860881621689539,1.005707670808276,0.9879244233820627,0.2592060694618445,0.9998961176465062
0.3805,1.0979103295622137,1.0,4128.371916096174,0.9861661892380598,1.0052679784836795,0.9879095227877419,0.25916523384161294,0.9999115063861463
0.381,1.0969380528900348,1.0,4128.447796382262,0.9862437782245976,1.004828324971157,0.9878945907385318,0.25912439822138145,0.9999256609629238
0.3815,1.0959657762178554,1.0,4128.5184276421805,0.9863209317517744,1.0043887102581723,0.9878796272307598,0.25908356260114995,0.9999385817036665
0.382,1.0949934995456765,1.0,4128.5838114374665,0.9863976524427969,1.0039491343321894,0.98786463226086,0.2590427269809184,0.9999502689350329
0.3825,1.0940212228734971,1.0,4128.643949339518,0.9864739429208718,1.0035095971806725,0.9878496058253741,0.25900189136068685,0.9999607229835121
0.383,1.0930489462013182,1.0,4128.698842930068,0.9865498058092059,1.0030700987910857,0.9878345479209533,0.25896105574045536,0.9999699441754241
0.3835,1.0920766695291388,1.0,4128.748493800647,0.9866252437310061,1.0026306391508926,0.9878194585443596,0.2589202201202238,0.9999779328369189
0.384,1.0911043928569597,1.0,4128.792903552898,0.9867002593094791,1.0021912182475579,0.9878043376924668,0.2588793844999923,0.9999846892939782
0.3845,1.0901321161847806,1.0,4128.832073798522,0.9867748551678318,1.001751836068545,0.9877891853622617,0.25883854887976077,0.9999902138724137
0.385,1.0891598395126014,1.0,4128.866006159151,0.9868490339292709,1.0013124926013182,0.9877740015508452,0.25879771325952927,0.9999945068978683
0.3855,1.0881875628404223,1.0,4128.8947022664115,0.9869227982170032,1.0008731878333417,0.987758786255434,0.2587568776392977,0.9999975686958154
0.386,1.0872152861682431,1.0,4128.918417066323,0.9869961413484861,1.000433919880054,0.9877435391733292,0.25871604201906623,0.9999993995967401
0.3865,1.086243009496064,1.0,4128.937291142287,0.987069058583096,0.9999946877021685,0.9877282600808295,0.2586752063988347,0.9999999999100111
0.387,1.0852707328238846,1.0,4128.950773740225,0.9871415710414315,0.9995554953697299,0.9877129495855221,0.25863437077860313,0.9999993699478115
0.3875,1.0842984561517057,1.0,4128.958861426156,0.9872136806639713,0.9991163429079216,0.9876976076701831,0.25859353515837163,0.9999975100451008
0.388,1.0833261794795264,1.0,4128.961550776496,0.987285389391194,0.9986772303419271,0.9876822343176432,0.2585526995381401,0.9999944205370909
0.3885,1.0823539028073474,1.0,4128.958838378522,0.9873566991635785,0.9982381576969295,0.9876668295107885,0.2585118639179086,0.9999901017592446
0.389,1.081381626135168,1.0,4128.95072082987,0.9874276119216032,0.9977991249981122,0.9876513932325615,0.25847102829767704,0.999984554047277
0.3895,1.0804093494629892,1.0,4128.937194739076,0.9874981296057469,0.9973601322706585,0.9876359254659615,0.25843019267744555,0.9999777777371542
0.39,1.0794370727908098,1.0,4128.9182567249245,0.9875682541564883,0.9969211795397516,0.9876204261940466,0.258389357057214,0.9999697731650943
0.3905,1.0784647961186307,1.0,4128.893903417387,0.9876379875143061,0.996482266830575,0.9876048953999332,0.2583485214369825,0.9999605406675661
0.391,1.0774925194464515,1.0,4128.864131456561,0.9877073316196788,0.9960433941683119,0.987589333066798,0.25830768581675095,0.9999500805812903
0.3915,1.0765202427742724,1.0,4128.8289374937,0.9877762884130853,0.9956045615781457,0.9875737391778779,0.25826685019651946,0.9999383932432387
0.392,1.0755479661020932,1.0,4128.78831819055,0.9878448598350043,0.9951657690852596,0.9875581137164721,0.2582260145762879,0.9999254789906344
0.3925,1.074575689429914,1.0,4128.742270219735,0.9879130478259142,0.994727016714837,0.9875424566659419,0.2581851789560564,0.9999113381609515
0.393,1.073603412757735,1.0,4128.690790264574,0.9879808543262938,0.9942883044920611,0.9875267680097117,0.25814434333582487,0.9998959710919152
0.3935,1.0726311360855558,1.0,4128.6338750191535,0.9880482812766219,0.9938496324421153,0.9875110477312705,0.2581035077155933,0.9998793781215016
0.394,1.0716588594133767,1.0,4128.571521188702,0.9881153306173771,0.993411000590183,0.9874952958141728,0.2580626720953618,0.9998615595879382
0.3945,1.0706865827411973,1.0,4128.503725488771,0.988182004289038,0.9929724089614473,0.9874795122420386,0.2580218364751303,0.999842515829703
0.395,1.0697143060690184,1.0,4128.430484646185,0.9882483042320834,0.9925338575810917,0.9874636969985546,0.2579810008548988,0.9998222471855248
0.3955,1.068742029396839,1.0,4128.3517953984965,0.9883142323869919,0.9920953464742994,0.9874478500674764,0.25794016523466723,0.9998007539943834
0.396,1.0677697527246601,1.0,4128.267654494336,0.9883797906942422,0.9916568756662537,0.9874319714326274,0.25789932961443574,0.9997780365955091
0.3965,1.0667974760524808,1.0,4128.178058692864,0.988444981094313,0.9912184451821381,0.987416061077901,0.2578584939942042,0.9997540953283829
0.397,1.0658251993803018,1.0,4128.083004764809,0.988509805527683,0.9907800550471356,0.987400118987261,0.2578176583739727,0.9997289305327365
0.3975,1.0648529227081225,1.0,4127.98248949123,0.9885742659348308,0.9903417052864298,0.9873841451447426,0.25777682275374114,0.9997025425485517
0.398,1.0638806460359433,1.0,4127.876509664677,0.9886383642562351,0.9899033959252039,0.9873681395344537,0.2577359871335096,0.9996749317160613
0.3985,1.0629083693637642,1.0,4127.765062088645,0.9887021024323746,0.9894651269886412,0.9873521021405752,0.2576951515132781,0.9996460983757479
0.399,1.061936092691585,1.0,4127.648143577398,0.9887654824037279,0.9890268985019249,0.9873360329473618,0.25765431589304655,0.9996160428683448
0.3995,1.060963816019406,1.0,4127.525750956631,0.9888285061107738,0.9885887104902386,0.9873199319391439,0.25761348027281505,0.9995847655348354
0.4,1.0599915393472268,1.0,4127.397881062811,0.9888911754939909,0.9881505629787654,0.9873037991003277,0.2575726446525835,0.9995522667164535
0.4005,1.0590192626750476,1.0,4127.264530743808,0.9889534924938578,0.9877124559926885,0.9872876344153957,0.257531809032352,0.9995185467546823
0.401,1.0580469860028683,1.0,4127.125696858382,0.9890154590508533,0.9872743895571916,0.987271437868909,0.25749097341212046,0.999483605991256
0.4015,1.0570747093306894,1.0,4126.981376276705,0.9890770771054561,0.9868363636974576,0.987255209445507,0.25745013779188897,0.9994474447681582
0.402,1.05610243265851,1.0,4126.831565879887,0.9891383485981449,0.9863983784386701,0.9872389491299086,0.2574093021716574,0.9994100634276223
0.4025,1.055130155986331,1.0,4126.676262560447,0.9891992754693982,0.9859604338060123,0.9872226569069135,0.2573684665514259,0.9993714623121321
0.403,1.0541578793141517,1.0,4126.515463221934,0.9892598596596948,0.9855225298246675,0.9872063327614029,0.2573276309311944,0.9993316417644208
0.4035,1.0531856026419728,1.0,4126.349164779431,0.9893201031095133,0.985084666519819,0.9871899766783397,0.2572867953109629,0.9992906021274712
0.404,1.0522133259697934,1.0,4126.177364158934,0.9893800077593325,0.9846468439166501,0.9871735886427713,0.25724595969073133,0.9992483437445162
0.4045,1.0512410492976143,1.0,4126.000058298058,0.989439575549631,0.9842090620403442,0.9871571686398283,0.2572051240704998,0.999204866959038
0.405,1.0502687726254352,1.0,4125.817244145622,0.9894988084208876,0.9837713209160847,0.9871407166547267,0.2571642884502683,0.9991601721147682
0.4055,1.049296495953256,1.0,4125.628918661702,0.9895577083135807,0.9833336205690546,0.9871242326727687,0.25712345283003674,0.999114259555688
0.406,1.0483242192810769,1.0,4125.435078817949,0.9896162771681891,0.9828959610244374,0.9871077166793435,0.25708261720980524,0.9990671296260282
0.40650000000000003,1.0473519426088977,1.0,4125.2357215970715,0.9896745169251916,0.9824583423074165,0.9870911686599282,0.2570417815895737,0.9990187826702686
0.40700000000000003,1.0463796659367186,1.0,4125.030843993562,0.9897324295250668,0.982020764443175,0.9870745886000888,0.2570009459693422,0.9989692190331384
0.40750000000000003,1.0454073892645392,1.0,4124.82044301306,0.9897900169082934,0.9815832274568963,0.9870579764854804,0.25696011034911065,0.998918439059616
0.40800000000000003,1.0444351125923603,1.0,4124.604515672824,0.98984728101535,0.9811457313737638,0.9870413323018502,0.2569192747288791,0.998866443094929
0.40850000000000003,1.043462835920181,1.0,4124.383059001596,0.9899042237867154,0.9807082762189608,0.9870246560350361,0.2568784391086476,0.9988132314845538
0.40900000000000003,1.042490559248002,1.0,4124.1560700395785,0.989960847162868,0.9802708620176706,0.9870079476709686,0.2568376034884161,0.9987588045742162
0.40950000000000003,1.0415182825758227,1.0,4123.923545838297,0.990017153084287,0.9798334887950764,0.9869912071956717,0.25679676786818456,0.9987031627098906
0.41000000000000003,1.0405460059036438,1.0,4123.685483461233,0.9900731434914505,0.9793961565763615,0.9869744345952647,0.256755932247953,0.9986463062378004
0.41050000000000003,1.0395737292314644,1.0,4123.4418799832365,0.9901288203248375,0.9789588653867094,0.986957629855961,0.2567150966277215,0.9985882355044177
0.41100000000000003,1.0386014525592853,1.0,4123.192732490589,0.9901841855249266,0.9785216152513032,0.9869407929640717,0.25667426100748997,0.9985289508564635
0.41150000000000003,1.0376291758871061,1.0,4122.938038081514,0.9902392410321965,0.9780844061953264,0.986923923906004,0.2566334253872585,0.9984684526409073
0.41200000000000003,1.036656899214927,1.0,4122.677793865472,0.9902939887871258,0.9776472382439623,0.9869070226682642,0.2565925897670269,0.9984067412049675
0.41250000000000003,1.0356846225427478,1.0,4122.411996964113,0.9903484307301934,0.977210111422394,0.9868900892374574,0.25655175414679543,0.9983438168961106
0.41300000000000003,1.0347123458705687,1.0,4122.140663532229,0.9904025533237518,0.9767730256151095,0.9868731231910833,0.2565109185265639,0.9982796800412106
0.41350000000000003,1.0337400691983896,1.0,4121.863816090905,0.9904563701512931,0.9763359806595753,0.9868561248102646,0.25647008290633233,0.9982143309587245
0.41400000000000003,1.0327677925262104,1.0,4121.581454498473,0.9905098882222525,0.9758989765609564,0.9868390942130277,0.25642924728610084,0.9981477699910417
0.41450000000000004,1.0317955158540313,1.0,4121.293579951594,0.9905631089685827,0.9754620133145981,0.9868220313718724,0.2563884116658693,0.9980799974790403
0.41500000000000004,1.030823239181852,1.0,4121.000193658306,0.9906160338222358,0.975025090915846,0.9868049362593291,0.2563475760456378,0.9980110137635148
0.41550000000000004,1.029850962509673,1.0,4120.701296837212,0.9906686642151646,0.9745882093600454,0.9867878088479608,0.25630674042540624,0.9979408191851757
0.41600000000000004,1.0288786858374936,1.0,4120.396890718322,0.9907210015793214,0.974151368642542,0.9867706491103626,0.25626590480517475,0.99786941408465
0.4165,1.0279064091653147,1.0,4120.086976542327,0.9907730473466586,0.9737145687586811,0.9867534570191628,0.2562250691849432,0.9977967988024805
0.417,1.0269341324931356,1.0,4119.771555561276,0.9908248029491287,0.9732778097038081,0.9867362325470235,0.2561842335647117,0.9977229736791267
0.4175,1.0259618558209564,1.0,4119.450629037849,0.990876269818684,0.9728410914732685,0.9867189756666406,0.25614339794448016,0.9976479390549637
0.418,1.024989579148777,1.0,4119.124198245953,0.9909274493872773,0.9724044140624077,0.986701686350745,0.25610256232424866,0.9975716952702837
0.4185,1.0240173024765982,1.0,4118.792264470241,0.9909783430868606,0.9719677774665714,0.9866843645721031,0.2560617267040171,0.9974942426652944
0.419,1.0230450258044188,1.0,4118.454829006668,0.9910289523493867,0.9715311816811047,0.9866670103035177,0.25602089108378556,0.9974155815801203
0.4195,1.0220727491322399,1.0,4118.11189316204,0.991079278606808,0.9710946267013534,0.986649623517827,0.25598005546355407,0.9973357123548019
0.42,1.0211004724600605,1.0,4117.7634582538985,0.9911293232910767,0.9706581125226627,0.9866322041879079,0.2559392198433225,0.9972546353292961
0.4205,1.0201281957878816,1.0,4117.409525611149,0.9911790878341455,0.9702216391403781,0.986614752286674,0.255898384223091,0.9971723508434762
0.421,1.0191559191157022,1.0,4117.050096573262,0.9912285736679668,0.969785206549845,0.9865972677870773,0.2558575486028595,0.9970888592371316
0.4215,1.018183642443523,1.0,4116.685172491026,0.9912777822244929,0.9693488147464091,0.9865797506621097,0.255816712982628,0.9970041608499682
0.422,1.017211365771344,1.0,4116.314754725865,0.9913267149356764,0.9689124637254156,0.9865622008848016,0.25577587736239643,0.9969182560216084
0.4225,1.0162390890991648,1.0,4115.938844650473,0.9913753732334697,0.9684761534822102,0.9865446184282243,0.25573504174216494,0.9968311450915907
0.423,1.0152668124269857,1.0,4115.557443648209,0.9914237585498252,0.968039884012138,0.9865270032654895,0.2556942061219334,0.9967428283993699
0.4235,1.0142945357548065,1.0,4115.170553113577,0.9914718723166954,0.9676036553105448,0.9865093553697504,0.2556533705017019,0.9966533062843176
0.424,1.0133222590826274,1.0,4114.778174451774,0.9915197159660328,0.9671674673727759,0.9864916747142025,0.25561253488147034,0.9965625790857215
0.4245,1.012349982410448,1.0,4114.380309079256,0.9915672909297898,0.9667313201941767,0.9864739612720832,0.2555716992612388,0.9964706471427858
0.425,1.0113777057382691,1.0,4113.976958423206,0.9916145986399187,0.9662952137700929,0.9864562150166737,0.2555308636410073,0.996377510794631
0.4255,1.0104054290660898,1.0,4113.56812392169,0.9916616405283722,0.9658591480958696,0.986438435921299,0.25549002802077575,0.9962831703802941
0.426,1.0094331523939108,1.0,4113.153807023939,0.9917084180271026,0.9654231231668525,0.9864206239593283,0.25544919240054426,0.9961876262387288
0.4265,1.0084608757217315,1.0,4112.734009189698,0.9917549325680625,0.964987138978387,0.9864027791041755,0.2554083567803127,0.9960908787088049
0.427,1.0074885990495526,1.0,4112.308731890065,0.9918011855832041,0.9645511955258185,0.9863849013293013,0.2553675211600812,0.9959929281293088
0.4275,1.0065163223773732,1.0,4111.877976606726,0.9918471785044799,0.9641152928044925,0.9863669906082113,0.25532668553984966,0.9958937748389435
0.428,1.005544045705194,1.0,4111.441744832434,0.9918929127638424,0.9636794308097544,0.9863490469144589,0.25528584991961817,0.9957934191763284
0.4285,1.004571769033015,1.0,4111.000038070757,0.9919383897932441,0.9632436095369498,0.9863310702216448,0.2552450142993866,0.9956918614799993
0.429,1.0035994923608358,1.0,4110.552857836284,0.9919836110246375,0.9628078289814239,0.9863130605034179,0.2552041786791551,0.9955891020884088
0.4295,1.0026272156886566,1.0,4110.100205654251,0.9920285778899749,0.9623720891385225,0.9862950177334752,0.2551633430589236,0.9954851413399257
0.43,1.0016549390164775,1.0,4109.642083061065,0.9920732918212087,0.9619363900035908,0.9862769418855637,0.255122507438692,0.9953799795728356
0.4305,1.0006826623442984,1.0,4109.178491603934,0.9921177542502916,0.9615007315719742,0.9862588329334807,0.25508167181846053,0.9952736171253406
0.431,0.9997103856721192,1.0,4108.709432840785,0.9921619666091758,0.9610651138390184,0.9862406908510734,0.255040836198229,0.9951660543355593
0.4315,0.99873810899994,1.0,4108.234908340579,0.9922059303298139,0.9606295368000687,0.9862225156122406,0.2550000005779975,0.995057291541527
0.432,0.9977658323277608,1.0,4107.754919683071,0.9922496468441582,0.9601940004504705,0.9862043071909329,0.25495916495776594,0.9949473290811953
0.4325,0.9967935556555817,1.0,4107.269468459041,0.9922931175841613,0.9597585047855695,0.9861860655611532,0.25491832933753444,0.994836167292433
0.433,0.9958212789834026,1.0,4106.778556269805,0.9923363439817755,0.9593230498007108,0.9861677906969583,0.2548774937173029,0.9947238065130247
0.4335,0.9948490023112234,1.0,4106.282184727948,0.9923793274689534,0.9588876354912401,0.9861494825724578,0.2548366580970714,0.9946102470806724
0.434,0.9938767256390443,1.0,4105.78035545646,0.9924220694776473,0.9584522618525029,0.9861311411618163,0.25479582247683985,0.9944954893329943
0.4345,0.9929044489668651,1.0,4105.273070089664,0.9924645714398098,0.9580169288798445,0.9861127664392532,0.25475498685660836,0.9943795336075254
0.435,0.9919321722946859,1.0,4104.7603302723255,0.9925068347873932,0.9575816365686103,0.9860943583790437,0.2547141512363768,0.9942623802417173
0.4355,0.9909598956225067,1.0,4104.242137660217,0.9925488609523501,0.9571463849141459,0.9860759169555194,0.25467331561614526,0.9941440295729383
0.436,0.9899876189503276,1.0,4103.718493920102,0.9925906513666327,0.9567111739117968,0.9860574421430686,0.25463247999591376,0.9940244819384735
0.4365,0.9890153422781485,1.0,4103.189400729181,0.9926322074621937,0.9562760035569083,0.9860389339161373,0.2545916443756822,0.9939037376755245
0.437,0.9880430656059693,1.0,4102.654859775879,0.9926735306709855,0.955840873844826,0.9860203922492298,0.2545508087554507,0.99378179712121
0.4375,0.9870707889337902,1.0,4102.11487275921,0.9927146224249604,0.9554057847708952,0.9860018171169092,0.25450997313521917,0.9936586606125647
0.438,0.986098512261611,1.0,4101.569441389163,0.9927554841560711,0.9549707363304614,0.9859832084937983,0.2544691375149877,0.9935343284865407
0.4385,0.9851262355894318,1.0,4101.018567386308,0.9927961172962697,0.9545357285188701,0.9859645663545799,0.2544283018947561,0.9934088010800067
0.439,0.9841539589172527,1.0,4100.4622524822635,0.9928365232775089,0.9541007613314668,0.9859458906739977,0.2543874662745246,0.9932820787297482
0.4395,0.9831816822450735,1.0,4099.900498419496,0.9928767035317412,0.9536658347635968,0.985927181426857,0.2543466306542931,0.9931541617724671
0.44,0.9822094055728944,1.0,4099.333294354085,0.9929166480489406,0.9532309489040378,0.9859084382733855,0.2543057950340616,0.9930250505726508
0.4405,0.9812371289007152,1.0,4098.760639380962,0.992956354838198,0.9527961037679515,0.9858896610926996,0.25426495941383004,0.9928947454735778
0.441,0.9802648522285361,1.0,4098.182554539732,0.9929958424225146,0.9523612992078004,0.9858708503292516,0.2542241237935985,0.9927632467692324
0.4415,0.979292575556357,1.0,4097.599041134875,0.9930351118137444,0.9519265352224924,0.9858520059467359,0.254183288173367,0.9926305547968295
0.442,0.9783202988841777,1.0,4097.010100481899,0.9930741640237416,0.9514918118109348,0.9858331279088528,0.25414245255313545,0.9924966698935402
0.4425,0.9773480222119986,1.0,4096.415733907178,0.9931130000643601,0.9510571289720354,0.9858142161793096,0.25410161693290395,0.9923615923964925
0.443,0.9763757455398194,1.0,4095.8159427479945,0.9931516209474541,0.9506224867047018,0.9857952707218215,0.2540607813126724,0.99222532264277
0.4435,0.9754034688676403,1.0,4095.2107283526166,0.9931900276848776,0.9501878850078416,0.9857762915001109,0.2540199456924409,0.9920878609694133
0.444,0.9744311921954611,1.0,4094.6000920799356,0.9932282212884846,0.9497533238803625,0.9857572784779092,0.25397911007220936,0.9919492077134192
0.4445,0.973458915523282,1.0,4093.9840353002287,0.9932662027701293,0.949318803321172,0.9857382316189552,0.25393827445197786,0.991809363211741
0.445,0.9724866388511028,1.0,4093.3625593941138,0.9933039731416656,0.9488843233291779,0.9857191508869978,0.2538974388317463,0.9916683278012882
0.4455,0.9715143621789236,1.0,4092.735665753672,0.9933415334149476,0.9484498839032877,0.9857000362457947,0.25385660321151476,0.9915261018189269
0.446,0.9705420855067445,1.0,4092.103355781446,0.9933788846018292,0.9480154850424091,0.9856808876591135,0.25381576759128327,0.9913826856014796
0.4465,0.9695698088345653,1.0,4091.4656308911162,0.9934160277141647,0.9475811267454497,0.9856617050907319,0.2537749319710517,0.9912380794857251
0.447,0.9685975321623862,1.0,4090.8224925071827,0.9934529637638081,0.9471468090113171,0.9856424885044378,0.2537340963508202,0.9910922838083986
0.4475,0.9676252554902071,1.0,4090.173942064963,0.9934896937626133,0.946712531838919,0.9856232378640306,0.2536932607305887,0.9909452989061919
0.448,0.9666529788180279,1.0,4089.519981010912,0.9935262187224344,0.946278295227163,0.9856039531333203,0.2536524251103572,0.990797125115753
0.4485,0.9656807021458487,1.0,4088.860610802062,0.9935625396551255,0.9458440991749567,0.9855846342761294,0.25361158949012563,0.9906477627736865
0.449,0.9647084254736695,1.0,4088.1958329066174,0.9935986575725407,0.9454099436812079,0.9855652812562921,0.25357075386989414,0.9904972122165533
0.4495,0.9637361488014904,1.0,4087.525648803519,0.9936345734865341,0.9449758287448239,0.9855458940376546,0.2535299182496626,0.9903454737808707
0.45,0.9627638721293112,1.0,4086.850059982637,0.9936702884089594,0.9445417543647127,0.9855264725840771,0.25348908262943104,0.9901925478031127
0.4505,0.9617915954571321,1.0,4086.1690679448593,0.993705803351671,0.9441077205397815,0.9855070168594319,0.25344824700919955,0.9900384346197093
0.451,0.960819318784953,1.0,4085.482674201679,0.9937411193265229,0.9436737272689384,0.9854875268276058,0.253407411388968,0.9898831345670474
0.4515,0.9598470421127738,1.0,4084.7908802758025,0.993776237345369,0.9432397745510906,0.9854680024524994,0.2533665757687365,0.9897266479814699
0.452,0.9588747654405946,1.0,4084.0936877005042,0.9938111584200635,0.9428058623851462,0.985448443698028,0.25332574014850495,0.9895689751992767
0.4525,0.9579024887684154,1.0,4083.3910980203063,0.9938458835624604,0.9423719907700124,0.985428850528121,0.25328490452827346,0.9894101165567234
0.453,0.9569302120962363,1.0,4082.683112790219,0.9938804137844137,0.941938159704597,0.9854092229067246,0.2532440689080419,0.9892500723900227
0.4535,0.9559579354240572,1.0,4081.969733576578,0.9939147500977775,0.9415043691878077,0.9853895607977994,0.2532032332878104,0.9890888430353434
0.454,0.954985658751878,1.0,4081.2509619561242,0.993948893514406,0.9410706192185521,0.9853698641653225,0.25316239766757886,0.988926428828811
0.4545,0.9540133820796989,1.0,4080.526799516962,0.9939828450461529,0.9406369097957377,0.9853501329732877,0.25312156204734737,0.988762830106507
0.455,0.9530411054075197,1.0,4079.79724785764,0.9940166057048725,0.9402032409182722,0.9853303671857055,0.2530807264271158,0.9885980472044701
0.4555,0.9520688287353405,1.0,4079.062308587867,0.9940501765024188,0.9397696125850633,0.9853105667666043,0.25303989080688427,0.9884320804586947
0.456,0.9510965520631613,1.0,4078.3219833283165,0.9940835584506458,0.9393360247950185,0.9852907316800292,0.2529990551866528,0.988264930205132
0.4565,0.9501242753909822,1.0,4077.576273710138,0.9941167525614076,0.9389024775470456,0.9852708618900444,0.2529582195664212,0.9880965967796899
0.457,0.9491519987188031,1.0,4076.8251813758047,0.9941497598465583,0.9384689708400521,0.9852509573607326,0.25291738394618973,0.9879270805182323
0.4575,0.9481797220466239,1.0,4076.068707978343,0.9941825813179518,0.9380355046729457,0.9852310180561951,0.2528765483259582,0.98775638175658
0.458,0.9472074453744448,1.0,4075.30685518194,0.9942152179874423,0.937602079044634,0.9852110439405529,0.2528357127057267,0.9875845008305099
0.4585,0.9462351687022656,1.0,4074.5396246612577,0.9942476708668838,0.9371686939540247,0.9851910349779467,0.25279487708549514,0.9874114380757557
0.459,0.9452628920300864,1.0,4073.767018102315,0.9942799409681303,0.9367353494000252,0.9851709911325374,0.25275404146526365,0.9872371938280073
0.4595,0.9442906153579073,1.0,4072.989037201643,0.994312029303036,0.9363020453815435,0.985150912368507,0.2527132058450321,0.9870617684229115
0.46,0.9433183386857281,1.0,4072.2056836668867,0.9943439368834548,0.9358687818974869,0.9851307986500581,0.2526723702248006,0.9868851621960711
0.4605,0.942346062013549,1.0,4071.4169592162843,0.9943756647212407,0.9354355589467631,0.9851106499414156,0.25263153460456905,0.9867073754830455
0.461,0.9413737853413698,1.0,4070.6228655791847,0.9944072138282479,0.9350023765282799,0.9850904662068248,0.2525906989843375,0.9865284086193511
0.4615,0.9404015086691907,1.0,4069.8234044958867,0.9944385852163304,0.9345692346409448,0.9850702474105555,0.252549863364106,0.98634826194046
0.462,0.9394292319970116,1.0,4069.0185777171587,0.9944697798973423,0.9341361332836654,0.9850499935168985,0.25250902774387446,0.9861669357818014
0.4625,0.9384569553248323,1.0,4068.2083870050797,0.9945007988831376,0.9337030724553493,0.9850297044901687,0.25246819212364296,0.9859844304787606
0.463,0.9374846786526532,1.0,4067.392834132272,0.9945316431855702,0.9332700521549043,0.9850093802947043,0.2524273565034114,0.9858007463666799
0.4635,0.936512401980474,1.0,4066.571920882509,0.9945623138164944,0.9328370723812379,0.9849890208948684,0.2523865208831799,0.9856158837808575
0.464,0.9355401253082949,1.0,4065.745649050024,0.9945928117877642,0.9324041331332579,0.9849686262550474,0.25234568526294837,0.9854298430565487
0.4645,0.9345678486361157,1.0,4064.9140204404,0.9946231381112335,0.9319712344098716,0.9849481963396539,0.2523048496427169,0.9852426245289648
0.465,0.9335955719639366,1.0,4064.0770368697204,0.9946532937987564,0.9315383762099869,0.9849277311131247,0.25226401402248533,0.985054228533274
0.4655,0.9326232952917575,1.0,4063.2347001651724,0.9946832798621872,0.9311055585325114,0.9849072305399237,0.25222317840225383,0.9848646554046008
0.466,0.9316510186195782,1.0,4062.3870121644845,0.9947130973133795,0.9306727813763527,0.9848866945845396,0.2521823427820223,0.9846739054780261
0.4665,0.9306787419473991,1.0,4061.533974716645,0.9947427471641878,0.9302400447404183,0.9848661232114893,0.25214150716179073,0.9844819790885879
0.467,0.9297064652752199,1.0,4060.675589681304,0.9947722304264659,0.929807348623616,0.9848455163853159,0.25210067154155924,0.9842888765712801
0.4675,0.9287341886030408,1.0,4059.811858928887,0.9948015481120678,0.9293746930248534,0.9848248740705902,0.2520598359213277,0.9840945982610533
0.468,0.9277619119308617,1.0,4058.9427843408394,0.9948307012328478,0.9289420779430382,0.9848041962319115,0.2520190003010962,0.9838991444928149
0.4685,0.9267896352586825,1.0,4058.068367809262,0.9948596908006596,0.9285095033770778,0.984783482833907,0.25197816468086465,0.9837025156014284
0.46900000000000003,0.9258173585865033,1.0,4057.188611237432,0.9948885178273575,0.92807696932588,0.9847627338412335,0.25193732906063315,0.9835047119217143
0.46950000000000003,0.9248450819143241,1.0,4056.30351653908,0.9949171833247956,0.9276444757883524,0.9847419492185763,0.2518964934404016,0.9833057337884492
0.47000000000000003,0.923872805242145,1.0,4055.4130856391143,0.9949456883048279,0.9272120227634026,0.9847211289306514,0.25185565782017005,0.9831055815363666
0.47050000000000003,0.9229005285699659,1.0,4054.5173204732496,0.9949740337793083,0.9267796102499384,0.9847002729422042,0.25181482219993856,0.9829042555001565
0.47100000000000003,0.9219282518977867,1.0,4053.616222987897,0.9950022207600909,0.9263472382468672,0.9846793812180114,0.25177398657970707,0.9827017560144651
0.47150000000000003,0.9209559752256076,1.0,4052.709795140317,0.9950302502590298,0.9259149067530967,0.984658453722881,0.2517331509594755,0.9824980834138956
0.47200000000000003,0.9199836985534284,1.0,4051.798038898859,0.9950581232879792,0.9254826157675345,0.9846374904216517,0.25169231533924397,0.9822932380330074
0.47250000000000003,0.9190114218812492,1.0,4050.8809562425627,0.9950858408587928,0.9250503652890883,0.9846164912791957,0.25165147971901247,0.9820872202063167
0.47300000000000003,0.91803914520907,1.0,4049.9585491611547,0.9951134039833249,0.9246181553166658,0.9845954562604162,0.2516106440987809,0.9818800302682962
0.47350000000000003,0.9170668685368909,1.0,4049.0308098702844,0.99514080790354,0.9241859859222019,0.9845743851585456,0.25156980847854943,0.9816716685886844
0.47400000000000003,0.9160945918647118,1.0,4048.097727929907,0.9951680465672595,0.9237538571975651,0.9845532777275638,0.2515289728583179,0.9814621355476745
0.47450000000000003,0.9151223151925326,1.0,4047.159328543023,0.9951951348726877,0.9233217689686867,0.9845321343454366,0.2514881372380864,0.981251431396392
0.47500000000000003,0.9141500385203535,1.0,4046.215613054084,0.9952220735135279,0.9228897212396124,0.9845109549678761,0.25144730161785483,0.981039556471605
0.47550000000000003,0.9131777618481743,1.0,4045.2665828193,0.9952488631834837,0.9224577140143881,0.9844897395505792,0.25140646599762334,0.9808265111100943
0.47600000000000003,0.9122054851759951,1.0,4044.3122392055698,0.9952755045762585,0.9220257472970593,0.9844684880492289,0.2513656303773918,0.9806122956486542
0.47650000000000003,0.911233208503816,1.0,4043.35258359128,0.9953019983855556,0.9215938210916719,0.9844472004194943,0.25132479475716024,0.9803969104240919
0.47700000000000004,0.9102609318316368,1.0,4042.3876173659514,0.9953283453050786,0.9211619354022715,0.9844258766170311,0.25128395913692875,0.9801803557732283
0.47750000000000004,0.9092886551594577,1.0,4041.41734193,0.995354546028531,0.920730090232904,0.9844045165974812,0.2512431235166972,0.9799626320328969
0.47800000000000004,0.9083163784872785,1.0,4040.4417586954214,0.9953806012496161,0.9202982855876148,0.9843831203164736,0.2512022878964657,0.9797437395399445
0.47850000000000004,0.9073441018150994,1.0,4039.4608690850373,0.9954065116620375,0.91986652147045,0.984361687729624,0.25116145227623415,0.9795236786312314
0.47900000000000004,0.9063718251429203,1.0,4038.4746745331336,0.9954322779594986,0.919434797885455,0.9843402187925359,0.25112061665600266,0.9793024496436304
0.47950000000000004,0.905399548470741,1.0,4037.483176484992,0.995457900835703,0.9190031148366757,0.9843187134608001,0.2510797810357711,0.9790800529140282
0.48,0.904427271798562,1.0,4036.4863763972826,0.9954833809843537,0.9185714723281578,0.9842971716899953,0.2510389454155396,0.9788564887793241
0.4805,0.9034549951263828,1.0,4035.4842757376005,0.9955087190991547,0.9181398703639471,0.9842755934356879,0.25099810979530807,0.9786317575764305
0.481,0.9024827184542037,1.0,4034.476875985058,0.9955339158738091,0.9177083089480891,0.9842539786534339,0.2509572741750766,0.9784058596422731
0.4815,0.9015104417820246,1.0,4033.464178629694,0.9955589720020206,0.9172767880846296,0.9842323272987762,0.250916438554845,0.9781787953137906
0.482,0.9005381651098454,1.0,4032.446185172997,0.9955838881774923,0.9168453077776144,0.9842106393272476,0.25087560293461353,0.9779505649279348
0.4825,0.8995658884376663,1.0,4031.4228971274306,0.9956086650939281,0.9164138680310892,0.9841889146943702,0.250834767314382,0.9777211688216704
0.483,0.898593611765487,1.0,4030.3943160168315,0.9956333034450311,0.9159824688490997,0.9841671533556544,0.25079393169415043,0.9774906073319755
0.4835,0.8976213350933079,1.0,4029.3604433763376,0.995657803924505,0.9155511102356917,0.9841453552666014,0.25075309607391894,0.9772588807958409
0.484,0.8966490584211287,1.0,4028.3212807520313,0.9956821672260531,0.9151197921949107,0.9841235203827019,0.2507122604536874,0.9770259895502705
0.4845,0.8956767817489496,1.0,4027.276829701542,0.9957063940433788,0.9146885147308027,0.9841016486594361,0.2506714248334559,0.9767919339322817
0.485,0.8947045050767705,1.0,4026.2270917934106,0.9957304850701857,0.9142572778474132,0.9840797400522755,0.25063058921322434,0.976556714278904
0.4855,0.8937322284045913,1.0,4025.1720686077315,0.9957544410001772,0.9138260815487881,0.9840577945166821,0.25058975359299285,0.9763203309271807
0.486,0.8927599517324122,1.0,4024.1117617355194,0.9957782625270568,0.913394925838973,0.9840358120081086,0.2505489179727613,0.9760827842141677
0.4865,0.8917876750602329,1.0,4023.046172779269,0.9958019503445279,0.9129638107220136,0.9840137924819987,0.25050808235252975,0.9758440744769341
0.487,0.8908153983880538,1.0,4021.975303352762,0.9958255051462939,0.9125327362019556,0.9839917358937882,0.25046724673229825,0.9756042020525616
0.4875,0.8898431217158747,1.0,4020.899155080789,0.9958489276260584,0.912101702282845,0.9839696421989045,0.25042641111206676,0.9753631672781454
0.488,0.8888708450436955,1.0,4019.817729599473,0.9958722184775247,0.9116707089687273,0.9839475113527664,0.2503855754918352,0.9751209704907932
0.4885,0.8878985683715164,1.0,4018.731028556275,0.9958953783943963,0.9112397562636481,0.9839253433107857,0.25034473987160366,0.9748776120276257
0.489,0.8869262916993372,1.0,4017.6390536100334,0.9959184080703768,0.9108088441716533,0.9839031380283666,0.25030390425137217,0.9746330922257768
0.4895,0.885954015027158,1.0,4016.5418064304536,0.9959413081991695,0.9103779726967886,0.9838808954609057,0.2502630686311406,0.9743874114223929
0.49,0.8849817383549788,1.0,4015.439288698907,0.995964079474478,0.9099471418430998,0.9838586155637933,0.2502222330109091,0.9741405699546339
0.4905,0.8840094616827997,1.0,4014.331502107796,0.9959867225900054,0.9095163516146324,0.9838362982924125,0.2501813973906776,0.9738925681596721
0.491,0.8830371850106206,1.0,4013.2184483610386,0.9960092382394555,0.9090856020154322,0.9838139436021405,0.2501405617704461,0.9736434063746926
0.4915,0.8820649083384414,1.0,4012.1001291734297,0.9960316271165317,0.908654893049545,0.9837915514483484,0.25009972615021453,0.9733930849368939
0.492,0.8810926316662623,1.0,4010.976546271448,0.9960538899149375,0.9082242247210166,0.9837691217864011,0.250058890529983,0.973141604183487
0.4925,0.8801203549940831,1.0,4009.8477013926968,0.9960760273283761,0.9077935970338925,0.9837466545716583,0.2500180549097515,0.9728889644516958
0.493,0.8791480783219039,1.0,4008.7135962860684,0.9960980400505511,0.9073630099922186,0.9837241497594744,0.24997721928951996,0.9726351660787571
0.4935,0.8781758016497248,1.0,4007.5742327116704,0.9961199287751661,0.9069324636000405,0.9837016073051988,0.24993638366928844,0.9723802094019204
0.494,0.8772035249775456,1.0,4006.4296124411444,0.9961416941959244,0.906501957861404,0.9836790271641762,0.24989554804905692,0.9721240947584481
0.4945,0.8762312483053665,1.0,4005.2797372571144,0.9961633370065294,0.9060714927803548,0.9836564092917469,0.2498547124288254,0.9718668224856156
0.495,0.8752589716331873,1.0,4004.1246089536658,0.9961848579006847,0.9056410683609386,0.9836337536432471,0.24981387680859385,0.9716083929207109
0.4955,0.8742866949610082,1.0,4002.964229336433,0.9962062575720937,0.9052106846072011,0.983611060174009,0.24977304118836235,0.9713488064010347
0.496,0.873314418288829,1.0,4001.7986002218436,0.9962275367144597,0.9047803415231881,0.9835883288393616,0.2497322055681308,0.9710880632639008
0.4965,0.8723421416166498,1.0,4000.6277234380773,0.9962486960214865,0.9043500391129453,0.9835655595946303,0.24969136994789928,0.9708261638466356
0.497,0.8713698649444707,1.0,3999.4516008244327,0.9962697361868772,0.9039197773805184,0.9835427523951377,0.24965053432766776,0.970563108486578
0.4975,0.8703975882722915,1.0,3998.2702342316106,0.9962906579043355,0.9034895563299531,0.9835199071962035,0.24960969870743624,0.97029889752108
0.498,0.8694253116001124,1.0,3997.0836255215595,0.9963114618675647,0.9030593759652951,0.9834970239531451,0.24956886308720472,0.9700335312875064
0.4985,0.8684530349279332,1.0,3995.8917765675956,0.9963321487702683,0.9026292362905902,0.983474102621278,0.2495280274669732,0.9697670101232343
0.499,0.8674807582557541,1.0,3994.694689254409,0.9963527193061499,0.9021991373098841,0.9834511431559154,0.24948719184674167,0.969499334365654
0.4995,0.866508481583575,1.0,3993.492365477946,0.9963731741689127,0.9017690790272225,0.9834281455123692,0.24944635622651015,0.9692305043521682
0.5,0.8655362049113957,1.0,3992.284807145612,0.9963935140522603,0.9013390614466511,0.9834051096459504,0.24940552060627863,0.9689605204201923
0.5005000000000001,0.8645639282392165,1.0,3991.07201617596,0.9964137396498961,0.9009090845722156,0.9833820355119683,0.24936468498604708,0.9686893829071546
0.501,0.8635916515670374,1.0,3989.8539944991285,0.9964338516555236,0.9004791484079618,0.9833589230657322,0.24932384936581556,0.9684170921504959
0.5015000000000001,0.8626193748948582,1.0,3988.6307440564474,0.9964538507628462,0.9000492529579355,0.9833357722625508,0.24928301374558404,0.9681436484876698
0.502,0.8616470982226792,1.0,3987.402266800642,0.9964737376655675,0.8996193982261822,0.9833125830577323,0.24924217812535251,0.9678690522561423
0.5025000000000001,0.8606748215504999,1.0,3986.168564695835,0.9964935130573908,0.8991895842167478,0.9832893554065858,0.249201342505121,0.9675933037933923
0.503,0.8597025448783209,1.0,3984.929639717394,0.9965131776320195,0.898759810933678,0.9832660892644208,0.24916050688488947,0.9673164034369113
0.5035000000000001,0.8587302682061415,1.0,3983.6854938522106,0.9965327320831573,0.8983300783810183,0.9832427845865473,0.24911967126465795,0.9670383515242031
0.504,0.8577579915339625,1.0,3982.4361290984275,0.9965521771045075,0.8979003865628147,0.9832194413282765,0.24907883564442643,0.9667591483927849
0.5045000000000001,0.8567857148617832,1.0,3981.1815474656382,0.9965715133897735,0.8974707354831127,0.9831960594449214,0.2490380000241949,0.9664787943801855
0.505,0.8558134381896042,1.0,3979.9217509746973,0.9965907416326588,0.8970411251459584,0.9831726388917962,0.24899716440396336,0.966197289823947
0.5055000000000001,0.854841161517425,1.0,3978.6567416580756,0.9966098625268669,0.8966115555553971,0.9831491796242173,0.24895632878373183,0.9659146350616239
0.506,0.8538688848452459,1.0,3977.3865215593496,0.9966288767661012,0.8961820267154746,0.9831256815975038,0.2489154931635003,0.9656308304307831
0.5065000000000001,0.8528966081730667,1.0,3976.111092733646,0.9966477850440653,0.8957525386302368,0.983102144766977,0.2488746575432688,0.9653458762690043
0.507,0.8519243315008875,1.0,3974.830447015428,0.9966665838886566,0.8953230913808001,0.9830785689538077,0.24883382192303727,0.9650597729653306
0.5075000000000001,0.8509520548287083,1.0,3973.5445543144724,0.9966852609577447,0.8948936852135865,0.9830549536924866,0.24879298630280575,0.9647725210204698
0.508,0.8499797781565293,1.0,3972.2534623436104,0.9967038356180267,0.8944643197890358,0.983031299539165,0.24875215068257422,0.9644841205433964
0.5085000000000001,0.84900750148435,1.0,3970.9571724276548,0.9967223083245029,0.8940349951170298,0.9830076064417285,0.2487113150623427,0.964194571875485
0.509,0.848035224812171,1.0,3969.6556859032444,0.9967406795321738,0.8936057112074501,0.9829838743480258,0.24867047944211118,0.9639038753581872
0.5095000000000001,0.8470629481399917,1.0,3968.349004119003,0.9967589496960397,0.8931764680701783,0.9829601032058704,0.24862964382187963,0.9636120313330305
0.51,0.8460906714678127,1.0,3967.0371284355547,0.996777119271101,0.8927472657150961,0.9829362929630391,0.24858880820164814,0.9633190401416193
0.5105000000000001,0.8451183947956333,1.0,3965.720060225252,0.9967951887123581,0.8923181041520851,0.9829124435672738,0.2485479725814166,0.963024902125634
0.511,0.8441461181234543,1.0,3964.3978008725835,0.9968131584748111,0.8918889833910271,0.9828885549662796,0.24850713696118507,0.9627296176268316
0.5115000000000001,0.843173841451275,1.0,3963.0703517738616,0.9968310290134607,0.8914599034418035,0.9828646271077269,0.24846630134095354,0.9624331869870452
0.512,0.842201564779096,1.0,3961.7377143373956,0.9968488007833071,0.8910308643142961,0.9828406599392505,0.24842546572072202,0.9621356105481845
0.5125,0.841229288106917,1.0,3960.399889983418,0.9968664742393507,0.8906018660183865,0.9828166534084497,0.2483846301004905,0.9618368886522352
0.513,0.8402570114347377,1.0,3959.05688014417,0.9968840498365918,0.8901729085639564,0.9827926074628897,0.24834379448025898,0.9615370216412593
0.5135,0.8392847347625586,1.0,3957.708686263878,0.996901528030031,0.8897439919608874,0.9827685220500991,0.24830295886002746,0.9612360098573952
0.514,0.8383124580903794,1.0,3956.3553097988365,0.9969189092746683,0.889315116219061,0.9827443971175733,0.24826212323979593,0.9609338536428572
0.5145,0.8373401814182003,1.0,3954.996752217102,0.9969361940255044,0.8888862813483591,0.9827202326127724,0.2482212876195644,0.9606305533399362
0.515,0.8363679047460211,1.0,3953.633014998895,0.9969533827375395,0.8884574873586631,0.9826960284831221,0.24818045199933286,0.9603261092909987
0.5155,0.835395628073842,1.0,3952.2640996366144,0.996970475865774,0.888028734259855,0.9826717846760137,0.24813961637910137,0.960020521838488
0.516,0.8344233514016628,1.0,3950.8900076343266,0.9969874738652083,0.887600022061816,0.9826475011388046,0.24809878075886982,0.9597137913249226
0.5165,0.8334510747294838,1.0,3949.5107405084523,0.9970043771908427,0.8871713507744281,0.9826231778188177,0.24805794513863832,0.9594059180928981
0.517,0.8324787980573044,1.0,3948.126299787255,0.9970211862976776,0.8867427204075727,0.9825988146633425,0.24801710951840678,0.9590969024850853
0.5175,0.8315065213851254,1.0,3946.7366870111323,0.9970379016407133,0.8863141309711318,0.9825744116196347,0.24797627389817525,0.9587867448442315
0.518,0.8305342447129461,1.0,3945.341903732583,0.9970545236749503,0.8858855824749865,0.9825499686349162,0.24793543827794373,0.9584754455131598
0.5185,0.8295619680407671,1.0,3943.941951516096,0.9970710528553888,0.8854570749290189,0.9825254856563757,0.2478946026577122,0.9581630048347692
0.519,0.8285896913685878,1.0,3942.5368319382833,0.9970874896370293,0.8850286083431104,0.9825009626311686,0.2478537670374807,0.9578494231520347
0.5195,0.8276174146964088,1.0,3941.1265465878396,0.9971038344748722,0.8846001827271428,0.9824763995064173,0.24781293141724917,0.9575347008080075
0.52,0.8266451380242296,1.0,3939.711097065485,0.9971200878239178,0.8841717980909977,0.9824517962292111,0.24777209579701764,0.9572188381458144
0.5205,0.8256728613520504,1.0,3938.2904849842,0.9971362501391664,0.8837434544445567,0.9824271527466069,0.24773126017678612,0.9569018355086579
0.521,0.8247005846798712,1.0,3936.864711968924,0.9971523218756184,0.8833151517977014,0.9824024690056283,0.2476904245565546,0.9565836932398167
0.5215,0.8237283080076921,1.0,3935.4337796568,0.9971683034882742,0.8828868901603136,0.9823777449532671,0.24764958893632305,0.9562644116826453
0.522,0.8227560313355129,1.0,3933.9976896971834,0.9971841954321342,0.8824586695422748,0.9823529805364826,0.24760875331609153,0.9559439911805735
0.5225,0.8217837546633339,1.0,3932.5564437514145,0.9971999981621987,0.8820304899534668,0.982328175702202,0.24756791769586,0.9556224320771074
0.523,0.8208114779911546,1.0,3931.110043493105,0.9972157121334682,0.881602351403771,0.9823033303973201,0.24752708207562849,0.9552997347158286
0.5235,0.8198392013189756,1.0,3929.658490607867,0.9972313378009429,0.8811742539030694,0.9822784445687007,0.24748624645539696,0.9549758994403947
0.524,0.8188669246467962,1.0,3928.2017867937197,0.9972468756196231,0.8807461974612432,0.9822535181631754,0.24744541083516544,0.9546509265945382
0.5245,0.8178946479746172,1.0,3926.7399337607044,0.9972623260445095,0.8803181820881744,0.9822285511275445,0.24740457521493392,0.9543248165220682
0.525,0.8169223713024379,1.0,3925.272933231009,0.9972776895306021,0.8798902077937445,0.9822035434085769,0.2473637395947024,0.953997569566869
0.5255,0.8159500946302589,1.0,3923.800786939177,0.9972929665329014,0.8794622745878352,0.9821784949530101,0.24732290397447088,0.9536691860729004
0.526,0.8149778179580797,1.0,3922.3234966317586,0.9973081575064079,0.8790343824803281,0.9821534057075513,0.24728206835423933,0.9533396663841979
0.5265,0.8140055412859006,1.0,3920.8410640677976,0.9973232629061218,0.8786065314811048,0.9821282756188766,0.24724123273400783,0.9530090108448724
0.527,0.8130332646137214,1.0,3919.3534910182025,0.9973382831870435,0.8781787216000471,0.982103104633631,0.24720039711377628,0.9526772197991108
0.5275,0.8120609879415422,1.0,3917.8607792664334,0.9973532188041735,0.8777509528470365,0.9820778926984295,0.24715956149354476,0.9523442935911751
0.528,0.811088711269363,1.0,3916.362930608071,0.997368070212512,0.8773232252319546,0.9820526397598568,0.24711872587331324,0.9520102325654026
0.5285,0.810116434597184,1.0,3914.8599468508705,0.9973828378670594,0.8768955387646834,0.9820273457644674,0.24707789025308172,0.9516750370662067
0.529,0.8091441579250047,1.0,3913.351829814963,0.9973975222228161,0.876467893455104,0.9820020106587853,0.2470370546328502,0.9513387074380755
0.5295,0.8081718812528257,1.0,3911.8385813326704,0.9974121237347825,0.8760402893130985,0.9819766343893058,0.24699621901261867,0.951001244025573
0.53,0.8071996045806464,1.0,3910.320203248671,0.9974266428579588,0.8756127263485484,0.9819512169024938,0.24695538339238715,0.9506626471733383
0.5305,0.8062273279084674,1.0,3908.7966974198107,0.9974410800473456,0.8751852045713352,0.9819257581447848,0.24691454777215563,0.950322917226086
0.531,0.805255051236288,1.0,3907.2680657153114,0.997455435757943,0.8747577239913407,0.9819002580625851,0.2468737121519241,0.9499820545286058
0.5315,0.804282774564109,1.0,3905.7343100166986,0.9974697104447517,0.8743302846184465,0.9818747166022721,0.24683287653169256,0.9496400594257632
0.532,0.8033104978919298,1.0,3904.19543221789,0.9974839045627718,0.8739028864625342,0.9818491337101942,0.24679204091146104,0.9492969322624983
0.5325,0.8023382212197507,1.0,3902.6514342249707,0.9974980185670038,0.8734755295334857,0.9818235093326707,0.24675120529122951,0.948952673383827
0.533,0.8013659445475715,1.0,3901.102317956434,0.997512052912448,0.8730482138411823,0.981797843415993,0.246710369670998,0.94860728313484
0.5335,0.8003936678753925,1.0,3899.5480853430763,0.9975260080541047,0.8726209393955058,0.9817721359064232,0.24666953405076647,0.9482607618607034
0.534,0.7994213912032133,1.0,3897.988738328122,0.9975398844469745,0.8721937062063377,0.9817463867501963,0.24662869843053495,0.9479131099066584
0.5345,0.7984491145310342,1.0,3896.4242788670754,0.9975536825460576,0.87176651428356,0.9817205958935186,0.24658786281030343,0.9475643276180217
0.535,0.7974768378588548,1.0,3894.8547089278095,0.9975674028063543,0.871339363637054,0.9816947632825683,0.2465470271900719,0.9472144153401842
0.5355,0.7965045611866759,1.0,3893.2800304906923,0.9975810456828651,0.8709122542767016,0.9816688888634963,0.24650619156984038,0.946863373418613
0.536,0.7955322845144965,1.0,3891.70024554832,0.9975946116305903,0.8704851862123841,0.9816429725824264,0.24646535594960883,0.9465112021988494
0.5365,0.7945600078423176,1.0,3890.115356105762,0.9976081011045302,0.8700581594539836,0.9816170143854542,0.24642452032937734,0.9461579020265103
0.537,0.7935877311701383,1.0,3888.5253641805343,0.9976215145596854,0.8696311740113812,0.981591014218649,0.2463836847091458,0.9458034732472871
0.5375,0.7926154544979591,1.0,3886.9302718024833,0.997634852451056,0.8692042298944591,0.9815649720280529,0.24634284908891427,0.9454479162069467
0.538,0.79164317782578,1.0,3885.3300810138803,0.9976481152336425,0.8687773271130985,0.9815388877596806,0.24630201346868275,0.9450912312513305
0.5385,0.7906709011536008,1.0,3883.724793869506,0.9976613033624453,0.8683504656771814,0.9815127613595213,0.24626117784845122,0.9447334187263553
0.539,0.7896986244814215,1.0,3882.114412436541,0.9976744172924646,0.8679236455965892,0.9814865927735371,0.2462203422282197,0.9443744789780122
0.5395,0.7887263478092426,1.0,3880.4989387945398,0.997687457478701,0.8674968668812036,0.9814603819476642,0.24617950660798818,0.9440144123523677
0.54,0.7877540711370634,1.0,3878.878375035669,0.9977004243761548,0.8670701295409063,0.9814341288278127,0.24613867098775666,0.9436532191955631
0.5405,0.7867817944648845,1.0,3877.252723264408,0.9977133184398262,0.8666434335855789,0.9814078333598666,0.24609783536752514,0.9432908998538141
0.541,0.7858095177927049,1.0,3875.621985597829,0.9977261401247157,0.8662167790251031,0.9813814954896852,0.24605699974729361,0.9429274546734117
0.5415,0.7848372411205258,1.0,3873.9861641653742,0.9977388898858237,0.8657901658693605,0.9813551151631013,0.24601616412706206,0.9425628840007214
0.542,0.7838649644483469,1.0,3872.3452611091748,0.9977515681781505,0.8653635941282327,0.9813286923259229,0.24597532850683057,0.9421971881821836
0.5425,0.7828926877761677,1.0,3870.6992785836314,0.9977641754566964,0.8649370638116015,0.9813022269239331,0.24593449288659905,0.9418303675643132
0.543,0.7819204111039884,1.0,3869.0482187557363,0.9977767121764619,0.8645105749293484,0.9812757189028899,0.2458936572663675,0.9414624224936998
0.5435,0.7809481344318092,1.0,3867.39208380516,0.9977891787924473,0.864084127491355,0.9812491682085267,0.24585282164613598,0.9410933533170082
0.544,0.7799758577596303,1.0,3865.730875923986,0.997801575759653,0.863657721507503,0.9812225747865525,0.24581198602590448,0.940723160380977
0.5445,0.7790035810874512,1.0,3864.0645973166042,0.9978139035330793,0.8632313569876742,0.9811959385826517,0.24577115040567293,0.9403518440324202
0.545,0.7780313044152716,1.0,3862.3932502003845,0.9978261625677267,0.86280503394175,0.9811692595424854,0.24573031478544138,0.9399794046182259
0.5455,0.7770590277430927,1.0,3860.716836805097,0.9978383533185954,0.8623787523796123,0.9811425376116898,0.2456894791652099,0.939605842485357
0.546,0.7760867510709135,1.0,3859.035359372884,0.9978504762406858,0.8619525123111424,0.9811157727358779,0.24564864354497837,0.9392311579808506
0.5465,0.7751144743987346,1.0,3857.348820158662,0.9978625317889984,0.8615263137462225,0.9810889648606398,0.24560780792474685,0.9388553514518189
0.547,0.774142197726555,1.0,3855.657221429852,0.9978745204185334,0.8611001566947335,0.981062113931541,0.2455669723045153,0.9384784232454477
0.5475,0.7731699210543761,1.0,3853.960541622856,0.9978864371894323,0.860674041348951,0.9810352197054796,0.2455261366842838,0.9381003738710656
0.548,0.772197644382197,1.0,3852.2587696097326,0.9978982797265229,0.8602479678215592,0.9810082820285605,0.24548530106405225,0.93772120376912
0.5485,0.7712253677100178,1.0,3850.5519461897643,0.9979100573161045,0.8598219358280409,0.9809813011550244,0.24544446544382076,0.9373409130261547
0.549,0.7702530910378385,1.0,3848.8400727828353,0.997921770246988,0.8593959453851444,0.9809542770246793,0.2454036298235892,0.9369595019957356
0.5495,0.7692808143656593,1.0,3847.123150822646,0.9979334188079849,0.8589699965096186,0.9809272095772805,0.2453627942033577,0.9365769710315784
0.55,0.7683085376934804,1.0,3845.401181756184,0.9979450032879064,0.8585440892182116,0.9809000987525287,0.24532195858312617,0.9361933204875469
0.5505,0.7673362610213013,1.0,3843.674167043893,0.9979565239755636,0.8581182235276721,0.9808729444900727,0.24528112296289464,0.9358085507176542
0.551,0.7663639843491219,1.0,3841.942108159573,0.9979679811597677,0.8576923994547487,0.9808457467295072,0.24524028734266312,0.9354226620760625
0.5515,0.7653917076769428,1.0,3840.2050065908243,0.99797937512933,0.85726661701619,0.9808185054103745,0.2451994517224316,0.9350356549170823
0.552,0.7644194310047636,1.0,3838.462863838361,0.9979907061730617,0.8568408762287444,0.9807912204721633,0.24515861610220008,0.9346475295951732
0.5525,0.7634471543325847,1.0,3836.715681416767,0.9980019745797741,0.8564151771091605,0.9807638918543097,0.24511778048196856,0.9342582864649434
0.553,0.7624748776604051,1.0,3834.9634608539277,0.9980131806382785,0.8559895196741867,0.9807365194961969,0.245076944861737,0.9338679258811496
0.5535,0.7615026009882262,1.0,3833.2062036913553,0.9980243246373858,0.8555639039405718,0.9807091033371557,0.24503610924150548,0.9334764481986978
0.554,0.7605303243160471,1.0,3831.443911484169,0.9980354068659074,0.8551383299250642,0.9806816433164637,0.24499527362127396,0.9330838537726418
0.5545,0.7595580476438681,1.0,3829.6765858010262,0.9980464276126546,0.8547127976444124,0.9806541393733466,0.24495443800104244,0.9326901429581842
0.555,0.7585857709716886,1.0,3827.9042282241453,0.9980573871664387,0.854287307115365,0.9806265914469768,0.24491360238081092,0.9322953161106762
0.5555,0.7576134942995096,1.0,3826.1268403494346,0.9980682858160705,0.8538618583546707,0.980598999476475,0.2448727667605794,0.9318993735856176
0.556,0.7566412176273305,1.0,3824.3444237863496,0.9980791238503617,0.8534364513790776,0.9805713634009094,0.24483193114034787,0.931502315738656
0.5565,0.7556689409551514,1.0,3822.5569801580696,0.9980899015581233,0.8530110862053347,0.9805436831592959,0.24479109552011635,0.9311041429255882
0.557,0.754696664282972,1.0,3820.7645111013526,0.9981006192281665,0.8525857628501903,0.9805159586905982,0.2447502598998848,0.9307048555023586
0.5575,0.7537243876107929,1.0,3818.9670182667487,0.9981112771493026,0.852160481330393,0.9804881899337285,0.2447094242796533,0.9303044538250603
0.558,0.7527521109386139,1.0,3817.164503318381,0.9981218756103428,0.8517352416626913,0.9804603768275464,0.2446685886594218,0.9299029382499345
0.5585,0.7517798342664348,1.0,3815.3569679340767,0.9981324149000984,0.8513100438638338,0.9804325193108597,0.24462775303919027,0.9295003091333705
0.559,0.7508075575942554,1.0,3813.5444138054245,0.9981428953073804,0.8508848879505689,0.9804046173224249,0.24458691741895872,0.9290965668319057
0.5595,0.7498352809220763,1.0,3811.7268426377864,0.9981533171210003,0.8504597739396454,0.9803766708009468,0.2445460817987272,0.928691711702226
0.56,0.7488630042498972,1.0,3809.9042561502774,0.9981636806297691,0.8500347018478117,0.980348679685078,0.24450524617849567,0.9282857441011648
0.5605,0.7478907275777182,1.0,3808.076656075702,0.9981739861224982,0.8496096716918162,0.9803206439134204,0.24446441055826415,0.9278786643857038
0.561,0.7469184509055387,1.0,3806.2440441606477,0.9981842338879986,0.8491846834884077,0.980292563424524,0.24442357493803263,0.9274704729129727
0.5615,0.7459461742333597,1.0,3804.4064221656176,0.9981944242150818,0.8487597372543346,0.9802644381568878,0.2443827393178011,0.927061170040249
0.562,0.7449738975611806,1.0,3802.5637918648113,0.9982045573925588,0.8483348330063454,0.980236268048959,0.24434190369756958,0.9266507561249581
0.5625,0.7440016208890017,1.0,3800.716155046298,0.9982146337092409,0.8479099707611887,0.9802080530391346,0.24430106807733806,0.9262392315246732
0.5630000000000001,0.7430293442168221,1.0,3798.863513511953,0.9982246534539394,0.8474851505356129,0.9801797930657601,0.2442602324571065,0.9258265965971153
0.5635,0.742057067544643,1.0,3797.00586907763,0.9982346169154654,0.8470603723463669,0.9801514880671299,0.244219396836875,0.9254128517001533
0.5640000000000001,0.741084790872464,1.0,3795.14322357298,0.9982445243826302,0.8466356362101989,0.9801231379814885,0.2441785612166435,0.9249979971918034
0.5645,0.7401125142002849,1.0,3793.27557884143,0.9982543761442451,0.8462109421438576,0.9800947427470282,0.24413772559641195,0.9245820334302299
0.5650000000000001,0.7391402375281055,1.0,3791.4029367405883,0.998264172489121,0.8457862901640913,0.980066302301892,0.24409688997618043,0.9241649607737442
0.5655,0.7381679608559264,1.0,3789.525299141752,0.9982739137060695,0.845361680287649,0.9800378165841718,0.2440560543559489,0.9237467795808059
0.5660000000000001,0.7371956841837475,1.0,3787.6426679302735,0.9982836000839017,0.8449371125312788,0.9800092855319091,0.24401521873571738,0.9233274902100214
0.5665,0.7362234075115683,1.0,3785.7550450053845,0.9982932319114287,0.8445125869117295,0.9799807090830951,0.24397438311548586,0.9229070930201452
0.5670000000000001,0.7352511308393888,1.0,3783.862432280284,0.9983028094774619,0.8440881034457495,0.9799520871756712,0.2439335474952543,0.9224855883700787
0.5675,0.7342788541672098,1.0,3781.9648316823145,0.9983123330708124,0.8436636621500875,0.9799234197475281,0.24389271187502282,0.9220629766188713
0.5680000000000001,0.7333065774950307,1.0,3780.062245152586,0.9983218029802914,0.8432392630414918,0.9798947067365066,0.2438518762547913,0.9216392581257187
0.5685,0.7323343008228518,1.0,3778.15467464646,0.9983312194947103,0.8428149061367111,0.979865948080398,0.24381104063455977,0.9212144332499651
0.5690000000000001,0.7313620241506722,1.0,3776.2421221330965,0.9983405829028801,0.8423905914524938,0.9798371437169431,0.24377020501432822,0.9207885023511011
0.5695,0.7303897474784933,1.0,3774.3245895958994,0.9983498934936121,0.8419663190055888,0.9798082935838338,0.2437293693940967,0.920361465788765
0.5700000000000001,0.7294174708063141,1.0,3772.402079032259,0.9983591515557177,0.8415420888127442,0.9797793976187118,0.24368853377386518,0.9199333239227415
0.5705,0.728445194134135,1.0,3770.474592453645,0.998368357378008,0.8411179008907088,0.9797504557591696,0.24364769815363366,0.9195040771129636
0.5710000000000001,0.7274729174619556,1.0,3768.5421318855856,0.9983775112492941,0.8406937552562311,0.9797214679427504,0.24360686253340214,0.9190737257195103
0.5715,0.7265006407897765,1.0,3766.604699367796,0.9983866134583873,0.8402696519260596,0.9796924341069477,0.2435660269131706,0.918642270102608
0.5720000000000001,0.7255283641175976,1.0,3764.662296954042,0.998395664294099,0.8398455909169428,0.9796633541892059,0.2435251912929391,0.91820971062263
0.5725,0.7245560874454184,1.0,3762.71492671231,0.9984046640452401,0.8394215722456294,0.9796342281269212,0.24348435567270757,0.9177760476400969
0.5730000000000001,0.7235838107732391,1.0,3760.7625907247448,0.9984136130006221,0.8389975959288677,0.9796050558574395,0.24344352005247605,0.9173412815156755
0.5735,0.7226115341010599,1.0,3758.8052910875103,0.9984225114490561,0.8385736619834064,0.979575837318059,0.2434026844322445,0.9169054126101801
0.5740000000000001,0.7216392574288808,1.0,3756.843029911192,0.9984313596793534,0.838149770425994,0.9795465724460282,0.24336184881201298,0.9164684412845713
0.5745,0.7206669807567019,1.0,3754.875809320428,0.998440157980325,0.8377259212733792,0.9795172611785476,0.24332101319178148,0.9160303678999568
0.5750000000000001,0.7196947040845223,1.0,3752.903631454116,0.9984489066407825,0.8373021145423102,0.9794879034527693,0.24328017757154993,0.9155911928175907
0.5755,0.7187224274123434,1.0,3750.926498465351,0.9984576059495367,0.8368783502495358,0.9794584992057964,0.2432393419513184,0.915150916398874
0.5760000000000001,0.7177501507401642,1.0,3748.9444125215596,0.9984662561953992,0.8364546284118045,0.9794290483746844,0.2431985063310869,0.9147095390053541
0.5765,0.7167778740679853,1.0,3746.957375804437,0.9984748576671809,0.8360309490458648,0.9793995508964397,0.24315767071085537,0.9142670609987252
0.577,0.7158055973958062,1.0,3744.965390509847,0.9984834106536934,0.8356073121684654,0.9793700067080218,0.24311683509062385,0.9138234827408278
0.5775,0.7148333207236266,1.0,3742.968458848108,0.9984919154437475,0.8351837177963545,0.979340415746341,0.24307599947039232,0.9133788045936488
0.578,0.7138610440514477,1.0,3740.9665830436998,0.9985003723261547,0.8347601659462809,0.9793107779482606,0.2430351638501608,0.912933026919322
0.5785,0.7128887673792685,1.0,3738.959765335589,0.9985087815897262,0.834336656634993,0.9792810932505963,0.24299432822992928,0.9124861500801269
0.579,0.7119164907070896,1.0,3736.948007976974,0.9985171435232731,0.8339131898792395,0.9792513615901155,0.24295349260969776,0.9120381744384899
0.5795,0.71094421403491,1.0,3734.931313235417,0.9985254584156068,0.8334897656957688,0.9792215829035384,0.2429126569894662,0.9115891003569836
0.58,0.7099719373627311,1.0,3732.909683393012,0.9985337265555384,0.8330663841013295,0.9791917571275384,0.24287182136923469,0.9111389281983263
0.5805,0.708999660690552,1.0,3730.8831207460958,0.998541948231879,0.8326430451126701,0.9791618841987403,0.2428309857490032,0.9106876583253833
0.581,0.7080273840183728,1.0,3728.8516276053383,0.9985501237334401,0.8322197487465393,0.979131964053723,0.24279015012877164,0.9102352911011657
0.5815,0.7070551073461935,1.0,3726.8152062961058,0.9985582533490328,0.8317964950196853,0.9791019966290182,0.24274931450854012,0.9097818268888306
0.582,0.7060828306740143,1.0,3724.773859157976,0.9985663373674682,0.831373283948857,0.9790719818611101,0.2427084788883086,0.9093272660516811
0.5825,0.7051105540018354,1.0,3722.7275885450626,0.9985743760775578,0.8309501155508028,0.9790419196864367,0.24266764326807708,0.9088716089531667
0.583,0.7041382773296563,1.0,3720.6763968259525,0.9985823697681127,0.8305269898422712,0.9790118100413888,0.24262680764784555,0.9084148559568825
0.5835,0.7031660006574769,1.0,3718.620286383762,0.9985903187279439,0.8301039068400108,0.9789816528623114,0.24258597202761403,0.9079570074265697
0.584,0.7021937239852978,1.0,3716.559259616074,0.9985982232458629,0.8296808665607701,0.9789514480855023,0.2425451364073825,0.9074980637261154
0.5845,0.7012214473131186,1.0,3714.4933189349176,0.9986060836106807,0.8292578690212976,0.9789211956472135,0.24250430078715096,0.9070380252195525
0.585,0.7002491706409397,1.0,3712.422466767089,0.9986139001112088,0.828834914238342,0.9788908954836508,0.24246346516691947,0.9065768922710595
0.5855,0.6992768939687601,1.0,3710.3467055536316,0.9986216730362583,0.8284120022286516,0.9788605475309736,0.24242262954668792,0.906114665244961
0.586,0.6983046172965812,1.0,3708.2660377503867,0.9986294026746403,0.8279891330089751,0.9788301517252956,0.2423817939264564,0.9056513445057269
0.5865,0.6973323406244021,1.0,3706.1804658277074,0.9986370893151661,0.8275663065960611,0.9787997080026851,0.24234095830622487,0.9051869304179733
0.587,0.6963600639522229,1.0,3704.089992270506,0.998644733246647,0.827143523006658,0.9787692162991642,0.24230012268599335,0.9047214233464612
0.5875,0.6953877872800436,1.0,3701.994619578392,0.9986523347578943,0.8267207822575143,0.9787386765507093,0.24225928706576183,0.9042548236560977
0.588,0.6944155106078644,1.0,3699.8942756597053,0.9986598847088192,0.8262980849478383,0.9787080883439668,0.2422184514455303,0.9037871323571799
0.5885,0.6934432339356855,1.0,3697.788988834793,0.998667386666565,0.8258754308934597,0.9786774517351098,0.2421776158252988,0.9033183495964977
0.589,0.6924709572635064,1.0,3695.6788168676785,0.9986748479301344,0.8254528196800951,0.9786467669195863,0.24213678020506726,0.9028484752626613
0.5895,0.691498680591327,1.0,3693.563761150162,0.9986822686713462,0.8250302513335662,0.978616033829105,0.24209594458483574,0.9023775097308833
0.59,0.6905264039191479,1.0,3691.443823089968,0.9986896490620194,0.8246077258796954,0.9785852523953077,0.2420551089646042,0.9019054533766198
0.5905,0.6895541272469687,1.0,3689.319004111155,0.9986969892739725,0.8241852433443044,0.9785544225497682,0.24201427334437267,0.9014323065755694
0.591,0.6885818505747898,1.0,3687.1893056534873,0.9987042894790246,0.8237628037532155,0.9785235442239932,0.24197343772414118,0.9009580697036746
0.5915,0.6876095739026102,1.0,3685.0547291729176,0.998711549848994,0.8233404071322508,0.9784926173494222,0.24193260210390963,0.9004827431371208
0.592,0.6866372972304313,1.0,3682.915276141655,0.9987187705556999,0.8229180535072321,0.9784616418574266,0.2418917664836781,0.9000063272523358
0.5925,0.6856650205582522,1.0,3680.770948047801,0.9987259517709609,0.8224957429039815,0.978430617679311,0.24185093086344658,0.8995288224259903
0.593,0.6846927438860733,1.0,3678.6217463956846,0.9987330936665959,0.8220734753483214,0.978399544746313,0.24181009524321506,0.8990502290349988
0.5935,0.6837204672138937,1.0,3676.467672705884,0.9987401964144236,0.8216512508660734,0.9783684229896022,0.24176925962298354,0.898570547456517
0.594,0.6827481905417145,1.0,3674.3087285151387,0.9987472601862626,0.8212290694830598,0.9783372523402818,0.24172842400275202,0.8980897780679444
0.5945,0.6817759138695356,1.0,3672.144915376334,0.998754285153932,0.8208069312251027,0.9783060327293874,0.2416875883825205,0.8976079212469227
0.595,0.6808036371973565,1.0,3669.9762348587565,0.9987612714892504,0.820384836118024,0.9782747640878877,0.24164675276228897,0.8971249773713359
0.5955,0.6798313605251771,1.0,3667.8026885477357,0.9987682193640367,0.8199627841876459,0.9782434463466846,0.24160591714205742,0.8966409468193107
0.596,0.678859083852998,1.0,3665.6242780451666,0.9987751289501096,0.8195407754597903,0.9782120794366126,0.2415650815218259,0.8961558299692162
0.5965,0.6778868071808191,1.0,3663.441004969075,0.9987820004192878,0.8191188099602793,0.97818066328844,0.24152424590159438,0.8956696271996634
0.597,0.6769145305086399,1.0,3661.252870953909,0.9987888339433901,0.8186968877149352,0.978149197832867,0.24148341028136286,0.8951823388895064
0.5975,0.6759422538364603,1.0,3659.05987765049,0.9987956296942355,0.8182750087495796,0.978117683000528,0.24144257466113134,0.89469396541784
0.598,0.6749699771642814,1.0,3656.8620267259953,0.9988023878436425,0.8178531730900349,0.9780861187219906,0.24140173904089982,0.8942045071640026
0.5985,0.6739977004921023,1.0,3654.659319864063,0.9988091085634301,0.8174313807621231,0.9780545049277553,0.2413609034206683,0.8937139645075737
0.599,0.6730254238199234,1.0,3652.4517587647388,0.9988157920254169,0.8170096317916662,0.978022841548256,0.24132006780043677,0.893222337828375
0.5995,0.6720531471477438,1.0,3650.239345144538,0.9988224384014218,0.8165879262044862,0.9779911285138604,0.24127923218020522,0.89272962750647
0.6,0.6710808704755649,1.0,3648.022080736588,0.9988290478632637,0.8161662640264054,0.9779593657548689,0.24123839655997373,0.8922358339221642
0.6005,0.6701085938033857,1.0,3645.799967290382,0.9988356205827611,0.8157446452832454,0.9779275532015163,0.2411975609397422,0.8917409574560042
0.601,0.6691363171312066,1.0,3643.5730065719968,0.9988421567317328,0.8153230700008288,0.9778956907839701,0.24115672531951066,0.8912449984887795
0.6015,0.6681640404590272,1.0,3641.341200364157,0.9988486564819978,0.8149015382049772,0.9778637784323322,0.24111588969927913,0.8907479574015195
0.602,0.6671917637868481,1.0,3639.1045504661042,0.9988551200053748,0.814480049921513,0.9778318160766378,0.2410750540790476,0.8902498345754964
0.6025,0.6662194871146692,1.0,3636.8630586937015,0.9988615474736826,0.8140586051762579,0.9777998036468554,0.2410342184588161,0.8897506303922235
0.603,0.66524721044249,1.0,3634.616726879532,0.9988679390587398,0.8136372039950345,0.977767741072888,0.24099338283858457,0.8892503452334554
0.6035,0.6642749337703107,1.0,3632.365556872772,0.9988742949323653,0.8132158464036642,0.9777356282845723,0.24095254721835305,0.8887489794811876
0.604,0.6633026570981315,1.0,3630.1095505392937,0.9988806152663781,0.8127945324279695,0.9777034652116785,0.24091171159812153,0.8882465335176577
0.6045,0.6623303804259524,1.0,3627.848709761689,0.9988869002325966,0.8123732620937723,0.9776712517839116,0.24087087597789,0.8877430077253435
0.605,0.6613581037537735,1.0,3625.583036439407,0.9988931500028398,0.8119520354268946,0.9776389879309091,0.24083004035765848,0.8872384024869646
0.6055,0.6603858270815939,1.0,3623.3125324884777,0.9988993647489265,0.8115308524531586,0.9776066735822443,0.24078920473742693,0.8867327181854813
0.606,0.659413550409415,1.0,3621.0371998419155,0.9989055446426753,0.8111097131983863,0.9775743086674238,0.24074836911719544,0.8862259552040948
0.6065,0.6584412737372358,1.0,3618.757040449402,0.9989116898559052,0.8106886176883997,0.9775418931158879,0.2407075334969639,0.8857181139262472
0.607,0.6574689970650569,1.0,3616.4720562775406,0.9989178005604348,0.810267565949021,0.9775094268570125,0.2406666978767324,0.8852091947356215
0.6075,0.6564967203928773,1.0,3614.182249309765,0.9989238769280829,0.8098465580060721,0.9774769098201065,0.24062586225650084,0.8846991980161413
0.608,0.6555244437206982,1.0,3611.887621546481,0.9989299191306685,0.809425593885375,0.9774443419344139,0.24058502663626932,0.8841881241519707
0.6085,0.6545521670485193,1.0,3609.5881750049375,0.9989359273400101,0.809004673612752,0.9774117231291131,0.2405441910160378,0.8836759735275147
0.609,0.6535798903763401,1.0,3607.2839117192907,0.9989419017279267,0.8085837972140251,0.977379053333317,0.24050335539580628,0.8831627465274188
0.6095,0.6526076137041608,1.0,3604.9748337408573,0.998947842466237,0.808162964715016,0.9773463324760725,0.24046251977557476,0.8826484435365682
0.61,0.6516353370319816,1.0,3602.660943137682,0.9989537497267597,0.8077421761415473,0.9773135604863622,0.2404216841553432,0.8821330649400898
0.6105,0.6506630603598027,1.0,3600.3422419950975,0.9989596236813136,0.8073214315194406,0.9772807372931024,0.2403808485351117,0.8816166111233494
0.611,0.6496907836876236,1.0,3598.018732415253,0.9989654645017176,0.8069007308745183,0.977247862825145,0.2403400129148802,0.881099082471954
0.6115,0.648718507015444,1.0,3595.690416517483,0.9989712723597904,0.8064800742326022,0.977214937011276,0.24029917729464864,0.8805804793717501
0.612,0.6477462303432651,1.0,3593.3572964382165,0.9989770474273507,0.8060594616195145,0.9771819597802169,0.24025834167441712,0.8800608022088247
0.6125,0.6467739536710859,1.0,3591.0193743310056,0.9989827898762175,0.8056388930610772,0.9771489310606237,0.2402175060541856,0.8795400513695044
0.613,0.645801676998907,1.0,3588.6766523665096,0.9989884998782094,0.8052183685831124,0.9771158507810876,0.24017667043395408,0.8790182272403563
0.6135,0.6448294003267274,1.0,3586.3291327326356,0.9989941776051452,0.8047978882114419,0.9770827188701352,0.24013583481372255,0.8784953302081865
0.614,0.6438571236545485,1.0,3583.9768176343355,0.9989998232288437,0.8043774519718883,0.977049535256228,0.24009499919349103,0.8779713606600419
0.6145,0.6428848469823694,1.0,3581.619709293972,0.9990054369211238,0.803957059890273,0.9770162998677628,0.2400541635732595,0.8774463189832079
0.615,0.6419125703101902,1.0,3579.2578099510433,0.9990110188538041,0.8035367119924186,0.9769830126330715,0.240013327953028,0.8769202055652109
0.6155,0.6409402936380109,1.0,3576.891121862282,0.9990165691987034,0.8031164083041469,0.9769496734804218,0.23997249233279644,0.8763930207938156
0.616,0.6399680169658317,1.0,3574.5196473018677,0.9990220881276406,0.80269614885128,0.9769162823380166,0.23993165671256492,0.8758647650570273
0.6165,0.6389957402936528,1.0,3572.143388561192,0.9990275758124343,0.8022759336596399,0.9768828391339943,0.23989082109233342,0.8753354387430895
0.617,0.6380234636214737,1.0,3569.762347948957,0.9990330324249035,0.8018557627550489,0.9768493437964291,0.2398499854721019,0.8748050422404864
0.6175,0.6370511869492943,1.0,3567.3765277913517,0.9990384581368669,0.8014356361633286,0.9768157962533304,0.23980914985187035,0.87427357593794
0.618,0.6360789102771152,1.0,3564.985930431888,0.9990438531201432,0.8010155539103014,0.9767821964326441,0.23976831423163883,0.8737410402244128
0.6185,0.635106633604936,1.0,3562.590558231542,0.9990492175465512,0.8005955160217894,0.9767485442622513,0.2397274786114073,0.8732074354891057
0.619,0.6341343569327571,1.0,3560.190413568701,0.9990545515879098,0.8001755225236145,0.9767148396699694,0.23968664299117579,0.8726727621214588
0.6195,0.6331620802605775,1.0,3557.78549883934,0.9990598554160377,0.7997555734415985,0.9766810825835512,0.23964580737094426,0.872137020511151
0.62,0.6321898035883986,1.0,3555.3758164567116,0.9990651292027536,0.799335668801564,0.9766472729306861,0.23960497175071274,0.8716002110481007
0.6205,0.6312175269162195,1.0,3552.961368851817,0.9990703731198765,0.7989158086293328,0.9766134106389995,0.23956413613048122,0.8710623341224646
0.621,0.6302452502440405,1.0,3550.542158473136,0.9990755873392249,0.7984959929507269,0.9765794956360531,0.2395233005102497,0.8705233901246381
0.6215,0.629272973571861,1.0,3548.118187786576,0.9990807720326177,0.7980762217915683,0.9765455278493445,0.23948246489001815,0.8699833794452554
0.622,0.6283006968996818,1.0,3545.6894592759454,0.9990859273718737,0.7976564951776793,0.9765115072063075,0.23944162926978663,0.8694423024751897
0.6225,0.6273284202275029,1.0,3543.2559754424205,0.9990910535288119,0.7972368131348818,0.9764774336343132,0.2394007936495551,0.8689001596055522
0.623,0.6263561435553238,1.0,3540.8177388049785,0.9990961506752507,0.7968171756889979,0.9764433070606685,0.23935995802932358,0.8683569512276927
0.6235,0.6253838668831444,1.0,3538.3747519002027,0.999101218983009,0.7963975828658495,0.9764091274126171,0.23931912240909206,0.8678126777331996
0.624,0.6244115902109653,1.0,3535.9270172823813,0.9991062586239057,0.7959780346912589,0.9763748946173394,0.23927828678886054,0.8672673395138994
0.6245,0.6234393135387863,1.0,3533.4745375235702,0.9991112697697595,0.7955585311910479,0.9763406086019525,0.23923745116862902,0.8667209369618567
0.625,0.6224670368666072,1.0,3531.01731521358,0.9991162525923891,0.7951390723910389,0.9763062692935099,0.2391966155483975,0.866173470469375
0.6255000000000001,0.6214947601944276,1.0,3528.5553529599665,0.9991212072636135,0.7947196583170536,0.9762718766190032,0.23915577992816595,0.8656249404289948
0.626,0.6205224835222487,1.0,3526.088653388204,0.9991261339552513,0.7943002889949142,0.9762374305053596,0.23911494430793445,0.8650753472334956
0.6265000000000001,0.6195502068500696,1.0,3523.6172191413757,0.9991310328391213,0.7938809644504428,0.9762029308794444,0.2390741086877029,0.864524691275894
0.627,0.6185779301778906,1.0,3521.141052880648,0.9991359040870423,0.7934616847094614,0.9761683776680591,0.2390332730674714,0.8639729729494454
0.6275000000000001,0.6176056535057111,1.0,3518.660157284883,0.9991407478708332,0.793042449797792,0.9761337707979434,0.23899243744723986,0.8634201926476421
0.628,0.6166333768335321,1.0,3516.17453505104,0.9991455643623126,0.7926232597412569,0.9760991101957742,0.23895160182700834,0.8628663507642149
0.6285000000000001,0.615661100161353,1.0,3513.684188893939,0.9991503537332993,0.7922041145656779,0.976064395788165,0.23891076620677681,0.8623114476931316
0.629,0.6146888234891739,1.0,3511.189121546286,0.9991551161556123,0.7917850142968771,0.9760296275016677,0.2388699305865453,0.861755483828598
0.6295000000000001,0.6137165468169945,1.0,3508.6893357588483,0.99915985180107,0.7913659589606766,0.975994805262771,0.23882909496631377,0.8611984595650573
0.63,0.6127442701448154,1.0,3506.184834300406,0.9991645608414915,0.7909469485828985,0.9759599289979022,0.23878825934608225,0.8606403752971898
0.6305000000000001,0.6117719934726364,1.0,3503.6756199577767,0.9991692434486954,0.7905279831893647,0.9759249986334255,0.23874742372585073,0.8600812314199137
0.631,0.6107997168004573,1.0,3501.161695535767,0.9991738997945007,0.7901090628058974,0.9758900140956436,0.2387065881056192,0.8595210283283843
0.6315000000000001,0.6098274401282779,1.0,3498.643063857388,0.9991785300507259,0.7896901874583186,0.9758549753107967,0.23866575248538766,0.8589597664179938
0.632,0.6088551634560988,1.0,3496.1197277636866,0.99918313438919,0.7892713571724504,0.9758198822050629,0.23862491686515613,0.858397446084372
0.6325000000000001,0.6078828867839197,1.0,3493.5916901139294,0.9991877129817116,0.7888525719741148,0.9757847347045588,0.2385840812449246,0.8578340677233853
0.633,0.6069106101117407,1.0,3491.0589537854,0.9991922660001097,0.788433831889134,0.9757495327353393,0.2385432456246931,0.8572696317311377
0.6335000000000001,0.6059383334395612,1.0,3488.521521673797,0.999196793616203,0.7880151369433297,0.9757142762233972,0.23850241000446157,0.8567041385039692
0.634,0.6049660567673822,1.0,3485.9793966927414,0.9992012960018101,0.7875964871625244,0.975678965094664,0.23846157438423005,0.8561375884384577
0.6345000000000001,0.6039937800952031,1.0,3483.4325817744702,0.9992057733287499,0.7871778825725397,0.9756435992750093,0.23842073876399852,0.8555699819314169
0.635,0.603021503423024,1.0,3480.8810798691193,0.9992102257688413,0.7867593231991982,0.9756081786902415,0.238379903143767,0.8550013193798979
0.6355000000000001,0.6020492267508446,1.0,3478.3248939453433,0.9992146534939029,0.7863408090683215,0.975572703266108,0.23833906752353545,0.854431601181188
0.636,0.6010769500786655,1.0,3475.764026990119,0.9992190566757537,0.7859223402057318,0.9755371729282946,0.23829823190330396,0.8538608277328111
0.6365000000000001,0.6001046734064865,1.0,3473.1984820086973,0.9992234354862123,0.7855039166372512,0.9755015876024254,0.23825739628307244,0.8532889994325278
0.637,0.5991323967343074,1.0,3470.6282620247025,0.9992277900970974,0.7850855383887017,0.9754659472140647,0.23821656066284091,0.8527161166783348
0.6375000000000001,0.598160120062128,1.0,3468.05337008016,0.999232120680228,0.7846672054859053,0.9754302516887148,0.23817572504260937,0.8521421798684652
0.638,0.5971878433899489,1.0,3465.473809235594,0.9992364274074228,0.7842489179546843,0.9753945009518181,0.23813488942237784,0.8515671894013885
0.6385000000000001,0.5962155667177698,1.0,3462.889495021082,0.999240705698458,0.7838306765273709,0.9753586947619707,0.23809405380214632,0.8509911466498273
0.639,0.5952432900455908,1.0,3460.3004359598317,0.9992449560950223,0.7834124811867775,0.9753228330578567,0.2380532181819148,0.8504140519589669
0.6395000000000001,0.5942710133734113,1.0,3457.7067206110487,0.9992491834417306,0.7829943312694392,0.9752869159290344,0.23801238256168328,0.8498359047793435
0.64,0.5932987367012323,1.0,3455.108350509661,0.9992533878357968,0.7825762268140747,0.975250943298277,0.23797154694145176,0.8492567055280462
0.6405,0.5923264600290532,1.0,3452.505327211539,0.9992575693744344,0.7821581678594025,0.9752149150882847,0.23793071132122023,0.8486764546225375
0.641,0.5913541833568743,1.0,3449.897652293617,0.9992617281548574,0.7817401544441411,0.975178831221684,0.2378898757009887,0.8480951524806526
0.6415,0.5903819066846951,1.0,3447.285327353739,0.9992658642742792,0.7813221866070095,0.9751426916210287,0.2378490400807572,0.8475127995206009
0.642,0.5894096300125156,1.0,3444.668354010852,0.9992699778299137,0.7809042643867259,0.9751064962087989,0.23780820446052564,0.846929396160964
0.6425,0.5884373533403366,1.0,3442.0467339051143,0.9992740689189744,0.7804863878220092,0.975070244907402,0.23776736884029415,0.8463449428206973
0.643,0.5874650766681575,1.0,3439.42046869757,0.9992781376386752,0.7800685569515778,0.9750339376391728,0.2377265332200626,0.8457594399191284
0.6435,0.5864927999959786,1.0,3436.7895600708116,0.9992821840862297,0.7796507718141507,0.9749975743263722,0.2376856975998311,0.8451728878759582
0.644,0.585520523323799,1.0,3434.1540097282464,0.9992862083588516,0.779233032448446,0.9749611548911891,0.23764486197959955,0.8445852871112599
0.6445,0.5845482466516201,1.0,3431.5138193948005,0.9992902105537546,0.7788153388931828,0.9749246792557389,0.23760402635936803,0.8439966380454796
0.645,0.583575969979441,1.0,3428.8689908166975,0.9992941907681524,0.7783976911870794,0.9748881473420647,0.2375631907391365,0.8434069410994355
0.6455,0.5826036933072618,1.0,3426.2195257614258,0.9992981490992587,0.7779800893688544,0.9748515590721365,0.237522355118905,0.8428161966943181
0.646,0.5816314166350824,1.0,3423.565426017815,0.9993020856442872,0.7775625334772267,0.9748149143678523,0.23748151949867347,0.8422244052516904
0.6465,0.5806591399629033,1.0,3420.906693396186,0.9993060005004516,0.7771450235509147,0.9747782131510365,0.23744068387844194,0.8416315671934874
0.647,0.5796868632907244,1.0,3418.243329728314,0.9993098937649656,0.776727559628637,0.9747414553434418,0.23739984825821042,0.8410376829420159
0.6475,0.5787145866185452,1.0,3415.5753368674355,0.9993137655350429,0.7763101417491124,0.9747046408667482,0.2373590126379789,0.8404427529199547
0.648,0.5777423099463659,1.0,3412.902716688285,0.9993176159078972,0.7758927699510594,0.9746677696425633,0.23731817701774735,0.8398467775503546
0.6485,0.5767700332741867,1.0,3410.225471087282,0.9993214449807422,0.7754754442731966,0.9746308415924221,0.23727734139751583,0.8392497572566376
0.649,0.5757977566020076,1.0,3407.543601982424,0.9993252528507915,0.7750581647542425,0.9745938566377877,0.2372365057772843,0.8386516924625973
0.6495,0.5748254799298287,1.0,3404.8571113132525,0.999329039615259,0.774640931432916,0.9745568147000507,0.23719567015705278,0.8380525835923991
0.65,0.5738532032576491,1.0,3402.166001041186,0.9993328053713582,0.7742237443479355,0.9745197157005296,0.23715483453682126,0.8374524310705791
0.6505,0.5728809265854702,1.0,3399.470273149194,0.9993365502163029,0.7738066035380198,0.974482559560471,0.23711399891658974,0.8368512353220454
0.651,0.571908649913291,1.0,3396.769929642201,0.9993402742473066,0.7733895090418873,0.9744453462010494,0.23707316329635822,0.8362489967720763
0.6515,0.5709363732411121,1.0,3394.064972546763,0.9993439775615834,0.7729724608982568,0.9744080755433671,0.2370323276761267,0.8356457158463216
0.652,0.5699640965689325,1.0,3391.35540391136,0.9993476602563467,0.7725554591458468,0.9743707475084548,0.23699149205589515,0.8350413929708018
0.6525,0.5689918198967534,1.0,3388.6412258064765,0.9993513224288103,0.772138503823376,0.9743333620172716,0.23695065643566363,0.8344360285719081
0.653,0.5680195432245745,1.0,3385.922440324418,0.9993549641761879,0.7717215949695628,0.9742959189907038,0.23690982081543213,0.8338296230764021
0.6535,0.5670472665523953,1.0,3383.1990495793893,0.999358585595693,0.7713047326231263,0.9742584183495674,0.2368689851952006,0.8332221769114165
0.654,0.566074989880216,1.0,3380.4710557077183,0.9993621867845396,0.7708879168227846,0.9742208600146058,0.23682814957496906,0.8326136905044539
0.6545,0.5651027132080368,1.0,3377.738460867819,0.9993657678399411,0.7704711476072565,0.9741832439064914,0.23678731395473754,0.8320041642833871
0.655,0.5641304365358579,1.0,3375.001267240127,0.9993693288591116,0.7700544250152608,0.9741455699458248,0.23674647833450602,0.8313935986764595
0.6555,0.5631581598636788,1.0,3372.259477027172,0.9993728699392643,0.769637749085516,0.9741078380531354,0.2367056427142745,0.8307819941122842
0.656,0.5621858831914992,1.0,3369.513092453766,0.9993763911776132,0.7692211198567405,0.9740700481488812,0.23666480709404297,0.8301693510198439
0.6565,0.5612136065193203,1.0,3366.762115766823,0.9993798926713721,0.7688045373676532,0.9740322001534485,0.23662397147381145,0.8295556698284922
0.657,0.5602413298471411,1.0,3364.0065492356193,0.9993833745177544,0.7683880016569725,0.9739942939871534,0.23658313585357993,0.8289409509679511
0.6575,0.5592690531749622,1.0,3361.2463951515774,0.999386836813974,0.7679715127634174,0.97395632957024,0.2365423002333484,0.8283251948683131
0.658,0.5582967765027826,1.0,3358.481655828599,0.9993902796572446,0.767555070725706,0.9739183068228817,0.23650146461311686,0.8277084019600397
0.6585,0.5573244998306037,1.0,3355.7123336028844,0.9993937031447797,0.7671386755825573,0.9738802256651808,0.23646062899288534,0.8270905726739621
0.659,0.5563522231584246,1.0,3352.9384308331205,0.9993971073737932,0.7667223273726897,0.9738420860171693,0.23641979337265384,0.8264717074412802
0.6595,0.5553799464862454,1.0,3350.159949900266,0.9994004924414988,0.766306026134822,0.9738038877988073,0.2363789577524223,0.8258518066935635
0.66,0.5544076698140661,1.0,3347.376893208027,0.9994038584451099,0.7658897719076726,0.9737656309299849,0.23633812213219077,0.8252308708627502
0.6605,0.5534353931418869,1.0,3344.5892631823895,0.9994072054818407,0.7654735647299604,0.9737273153305218,0.23629728651195925,0.8246089003811478
0.661,0.552463116469708,1.0,3341.7970622721323,0.9994105336489044,0.7650574046404037,0.973688940920166,0.23625645089172773,0.8239858956814318
0.6615,0.5514908397975289,1.0,3339.0002929484667,0.9994138430435151,0.7646412916777214,0.9736505076185965,0.2362156152714962,0.8233618571966473
0.662,0.5505185631253495,1.0,3336.198957705477,0.9994171337628862,0.7642252258806319,0.9736120153454205,0.23617477965126468,0.8227367853602071
0.6625,0.5495462864531704,1.0,3333.3930590596524,0.9994204059042315,0.7638092072878541,0.9735734640201755,0.23613394403103316,0.8221106806058932
0.663,0.5485740097809912,1.0,3330.582599550438,0.9994236595647649,0.7633932359381063,0.9735348535623286,0.2360931084108016,0.8214835433678551
0.6635,0.5476017331088123,1.0,3327.7675817401255,0.9994268948416998,0.7629773118701072,0.9734961838912772,0.23605227279057012,0.8208553740806109
0.664,0.5466294564366327,1.0,3324.9480082134633,0.99943011183225,0.7625614351225755,0.9734574549263476,0.23601143717033857,0.8202261731790468
0.6645,0.5456571797644538,1.0,3322.123881578491,0.9994333106336292,0.7621456057342298,0.9734186665867969,0.23597060155010705,0.819595941098417
0.665,0.5446849030922747,1.0,3319.295204465822,0.999436491343051,0.7617298237437886,0.9733798187918119,0.23592976592987552,0.8189646782743429
0.6655,0.5437126264200958,1.0,3316.4619795292256,0.9994396540577293,0.7613140891899708,0.9733409114605095,0.23588893030964403,0.818332385142815
0.666,0.5427403497479162,1.0,3313.6242094451977,0.9994427988748777,0.7608984021114946,0.9733019445119371,0.23584809468941248,0.8176990621401897
0.6665,0.541768073075737,1.0,3310.7818969135437,0.9994459258917099,0.7604827625470791,0.9732629178650721,0.23580725906918096,0.8170647097031924
0.667,0.5407957964035581,1.0,3307.9350446570234,0.9994490352054396,0.7600671705354425,0.9732238314388225,0.23576642344894944,0.8164293282689145
0.6675,0.539823519731379,1.0,3305.0836554213524,0.9994521269132804,0.7596516261153037,0.9731846851520264,0.23572558782871791,0.8157929182748158
0.668,0.5388512430591996,1.0,3302.2277319756076,0.9994552011124462,0.7592361293253811,0.9731454789234532,0.2356847522084864,0.8151554801587225
0.6685,0.5378789663870205,1.0,3299.367277111904,0.9994582579001506,0.7588206802043935,0.9731062126718021,0.23564391658825484,0.8145170143588284
0.669,0.5369066897148416,1.0,3296.5022936457276,0.9994612973736072,0.7584052787910593,0.9730668863157035,0.23560308096802335,0.8138775213136934
0.6695,0.5359344130426624,1.0,3293.632784415576,0.9994643196300299,0.7579899251240975,0.9730274997737187,0.23556224534779183,0.8132370014622451
0.67,0.5349621363704828,1.0,3290.758752283507,0.9994673247666321,0.7575746192422262,0.9729880529643398,0.23552140972756028,0.8125954552437769
0.6705,0.5339898596983039,1.0,3287.880200134853,0.9994703128806278,0.7571593611841646,0.9729485458059894,0.23548057410732876,0.8119528830979496
0.671,0.5330175830261248,1.0,3284.9971308782647,0.9994732840692305,0.7567441509886308,0.9729089782170222,0.23543973848709723,0.8113092854647894
0.6715,0.5320453063539459,1.0,3282.1095474458925,0.999476238429654,0.7563289886943437,0.9728693501157231,0.2353989028668657,0.8106646627846898
0.672,0.5310730296817663,1.0,3279.2174527933603,0.9994791760591121,0.7559138743400218,0.9728296614203085,0.2353580672466342,0.8100190154984098
0.6725,0.5301007530095874,1.0,3276.3208498997296,0.9994820970548182,0.7554988079643837,0.9727899120489267,0.23531723162640267,0.8093723440470749
0.673,0.5291284763374082,1.0,3273.419741767689,0.9994850015139862,0.7550837896061482,0.9727501019196573,0.23527639600617115,0.8087246488721764
0.6735,0.5281561996652291,1.0,3270.5141314235207,0.9994878895338298,0.7546688193040337,0.9727102309505105,0.23523556038593962,0.8080759304155712
0.674,0.5271839229930497,1.0,3267.604021917035,0.9994907612115627,0.754253897096759,0.9726702990594291,0.23519472476570807,0.8074261891194825
0.6745,0.5262116463208706,1.0,3264.689416321934,0.9994936166443984,0.7538390230230426,0.9726303061642879,0.23515388914547655,0.8067754254264983
0.675,0.5252393696486917,1.0,3261.7703177354247,0.9994964559295508,0.7534241971216031,0.9725902521828924,0.23511305352524503,0.8061236397795726
0.6755,0.5242670929765125,1.0,3258.8467292785426,0.9994992791642336,0.7530094194311593,0.9725501370329809,0.2350722179050135,0.8054708326220249
0.676,0.5232948163043332,1.0,3255.918654096199,0.9995020864456605,0.7525946899904296,0.9725099606322234,0.235031382284782,0.8048170043975393
0.6765,0.522322539632154,1.0,3252.986095357073,0.999504877871045,0.7521800088381327,0.9724697228982216,0.23499054666455046,0.8041621555501659
0.677,0.5213502629599749,1.0,3250.0490562537293,0.9995076535376011,0.7517653760129872,0.9724294237485107,0.23494971104431894,0.8035062865243188
0.6775,0.520377986287796,1.0,3247.107540002621,0.9995104135425422,0.7513507915537119,0.972389063100557,0.23490887542408742,0.8028493977647779
0.678,0.5194057096156164,1.0,3244.1615498442775,0.9995131579830823,0.750936255499025,0.9723486408717591,0.23486803980385587,0.802191489716687
0.6785,0.5184334329434375,1.0,3241.2110890432336,0.9995158869564348,0.7505217678876456,0.9723081569794492,0.23482720418362438,0.8015325628255555
0.679,0.5174611562712583,1.0,3238.2561608878977,0.9995186005598136,0.7501073287582919,0.9722676113408909,0.23478636856339286,0.8008726175372564
0.6795,0.5164888795990792,1.0,3235.2967686909105,0.9995212988904323,0.7496929381496827,0.9722270038732816,0.2347455329431613,0.8002116542980275
0.68,0.5155166029268998,1.0,3232.3329157891194,0.9995239820455046,0.7492785961005368,0.972186334493751,0.23470469732292978,0.7995496735544715
0.6805,0.5145443262547207,1.0,3229.364605543366,0.9995266501222443,0.7488643026495726,0.9721456031193612,0.23466386170269826,0.798886675753554
0.681,0.5135720495825418,1.0,3226.391841338818,0.9995293032178649,0.7484500578355087,0.972104809667108,0.23462302608246674,0.7982226613426054
0.6815,0.5125997729103626,1.0,3223.414626584899,0.9995319414295804,0.7480358616970638,0.9720639540539201,0.23458219046223522,0.7975576307693203
0.682,0.5116274962381833,1.0,3220.4329647152617,0.9995345648546042,0.7476217142729564,0.9720230361966595,0.2345413548420037,0.7968915844817562
0.6825,0.5106552195660041,1.0,3217.446859188009,0.9995371735901502,0.7472076156019054,0.9719820560121212,0.23450051922177217,0.7962245229283355
0.683,0.509682942893825,1.0,3214.4563134854834,0.9995397677334319,0.746793565722629,0.9719410134170344,0.23445968360154065,0.7955564465578425
0.6835,0.5087106662216461,1.0,3211.461331114668,0.9995423473816631,0.7463795646738463,0.9718999083280608,0.23441884798130913,0.7948873558194269
0.684,0.5077383895494665,1.0,3208.461915606727,0.9995449126320576,0.7459656124942755,0.9718587406617962,0.23437801236107758,0.7942172511626002
0.6845,0.5067661128772876,1.0,3205.4580705176195,0.999547463581829,0.7455517092226355,0.9718175103347702,0.2343371767408461,0.7935461330372378
0.685,0.5057938362051084,1.0,3202.4497994276426,0.999550000328191,0.7451378548976446,0.9717762172634464,0.23429634112061454,0.7928740018935776
0.6855,0.5048215595329295,1.0,3199.4371059418286,0.9995525229683573,0.7447240495580219,0.9717348613642223,0.23425550550038304,0.7922008581822216
0.686,0.5038492828607499,1.0,3196.4199936897744,0.9995550315995415,0.7443102932424854,0.9716934425534288,0.2342146698801515,0.7915267023541334
0.6865,0.5028770061885708,1.0,3193.3984663257543,0.9995575263189574,0.7438965859897544,0.9716519607473317,0.23417383425991997,0.7908515348606401
0.687,0.5019047295163919,1.0,3190.372527528761,0.9995600072238189,0.743482927838547,0.9716104158621314,0.23413299863968845,0.7901753561534308
0.6875,0.5009324528442127,1.0,3187.342181002587,0.9995624744113393,0.743069318827582,0.9715688078139615,0.23409216301945693,0.7894981666845577
0.6880000000000001,0.49996017617203337,1.0,3184.307430475826,0.9995649279787325,0.7426557589955779,0.9715271365188913,0.2340513273992254,0.7888199669064346
0.6885,0.4989878994998542,1.0,3181.2682797018124,0.9995673680232123,0.7422422483812536,0.9714854018929239,0.23401049177899386,0.7881407572718389
0.6890000000000001,0.4980156228276753,1.0,3178.224730705334,0.9995697946256181,0.7418287870380995,0.9714436038525919,0.23396965615876236,0.7874605382582303
0.6895,0.49704334615549617,1.0,3175.1767649782414,0.9995722076373051,0.7414153751928856,0.9714017423192796,0.23392882053853084,0.7867793106293491
0.6900000000000001,0.4960710694833166,1.0,3172.124390116849,0.9995746071492072,0.7410020128528526,0.9713598172052799,0.2338879849182993,0.7860970747886673
0.6905,0.49509879281113767,1.0,3169.067608861609,0.9995769932313845,0.7405887000663542,0.9713178284258327,0.23384714929806777,0.7854138312077044
0.6910000000000001,0.4941265161389585,1.0,3166.0064239804256,0.9995793659538971,0.7401754368817443,0.9712757758961108,0.23380631367783625,0.7847295803584424
0.6915,0.4931542394667796,1.0,3162.9408382685933,0.999581725386805,0.7397622233473766,0.9712336595312206,0.23376547805760473,0.7840443227133269
0.6920000000000001,0.4921819627946,1.0,3159.870854548894,0.9995840716001686,0.7393490595116048,0.9711914792462013,0.2337246424373732,0.7833580587452649
0.6925,0.4912096861224211,1.0,3156.7964756716106,0.9995864046640479,0.7389359454227828,0.9711492349560259,0.23368380681714168,0.7826707889276269
0.6930000000000001,0.49023740945024197,1.0,3153.717704514687,0.999588724648503,0.7385228811292643,0.9711069265756006,0.23364297119691016,0.7819825137342449
0.6935,0.48926513277806283,1.0,3150.634543983675,0.9995910316235942,0.7381098666794034,0.9710645540197658,0.23360213557667864,0.7812932336394136
0.6940000000000001,0.48829285610588347,1.0,3147.546997011755,0.9995933256593814,0.7376969021215533,0.9710221172032949,0.2335612999564471,0.780602949117889
0.6945,0.4873205794337043,1.0,3144.455066560068,0.999595606825925,0.7372839875040682,0.9709796160408957,0.23352046433621557,0.7799116606448897
0.6950000000000001,0.4863483027615254,1.0,3141.3587556173834,0.9995978751932849,0.7368711228753017,0.9709370504472101,0.23347962871598407,0.7792193686960951
0.6955,0.48537602608934627,1.0,3138.258067200294,0.9996001308315213,0.7364583082836076,0.9708944203368136,0.23343879309575255,0.7785260737476466
0.6960000000000001,0.4844037494171669,1.0,3135.1530043533726,0.9996023738106944,0.7360455437773397,0.9708517256242166,0.233397957475521,0.777831776276147
0.6965,0.48343147274498777,1.0,3132.0435701492293,0.9996046042008644,0.7356328294048519,0.9708089662238631,0.23335712185528948,0.7771364767586603
0.6970000000000001,0.4824591960728086,1.0,3128.929767688422,0.9996068220720912,0.7352201652144976,0.9707661420501325,0.23331628623505796,0.7764401756727106
0.6975,0.4814869194006297,1.0,3125.8116000995465,0.9996090274944351,0.7348075512546312,0.9707232530173373,0.23327545061482644,0.7757428734962848
0.6980000000000001,0.4805146427284501,1.0,3122.689070539394,0.9996112205379563,0.7343949875736058,0.9706802990397266,0.2332346149945949,0.7750445707078284
0.6985,0.4795423660562712,1.0,3119.5621821928316,0.9996134012727148,0.7339824742197756,0.9706372800314826,0.2331937793743634,0.7743452677862489
0.6990000000000001,0.47857008938409207,1.0,3116.430938273101,0.9996155697687708,0.7335700112414942,0.9705941959067241,0.23315294375413187,0.7736449652109136
0.6995,0.47759781271191315,1.0,3113.2953420216627,0.9996177260961844,0.7331575986871156,0.9705510465795031,0.23311210813390035,0.7729436634616504
0.7000000000000001,0.47662553603973357,1.0,3110.1553967082473,0.9996198703250158,0.7327452366049932,0.9705078319638084,0.2330712725136688,0.7722413630187467
0.7005,0.4756532593675544,1.0,3107.0111056311584,0.999622002525325,0.7323329250434811,0.9704645519735634,0.23303043689343728,0.7715380643629506
0.7010000000000001,0.4746809826953755,1.0,3103.8624721170445,0.9996241227671723,0.731920664050933,0.9704212065226271,0.23298960127320575,0.7708337679754697
0.7015,0.47370870602319637,1.0,3100.7094995209195,0.9996262311206177,0.7315084536757027,0.9703777955247939,0.23294876565297423,0.770128474337971
0.7020000000000001,0.472736429351017,1.0,3097.552191226705,0.9996283276557214,0.7310962939661437,0.9703343188937942,0.2329079300327427,0.769422183932581
0.7025,0.47176415267883787,1.0,3094.3905505282128,0.9996304124413521,0.7306841849716206,0.9702907765433324,0.2328670944125112,0.7687148972436215
0.7030000000000001,0.47079187600665895,0.0,3091.193204966352,0.9942792547276855,0.7302723947309858,0.9699368961862296,0.23282625879227967,0.76800707575205
0.7035,0.4698195993344798,0.0,3087.9255065500693,0.9887021901476941,0.7298612198337415,0.9695638641604494,0.23278542317204814,0.7672992329409627
0.704,0.46884732266230067,0.0,3084.5911037237306,0.9831564086025351,0.7294506300610868,0.9691864067488735,0.23274458755181662,0.7665913215103861
0.7045,0.4678750459901213,0.0,3081.193556603401,0.9776417347482196,0.7290405959047026,0.9688044725746727,0.2327037519315851,0.7658832950648002
0.705,0.46690276931794217,0.0,3077.730708641238,0.972158037898652,0.7286311367438205,0.9684180179205628,0.23266291631135355,0.7651751915020694
0.7055,0.46593049264576325,0.0,3074.2144442618073,0.9667050778954075,0.7282221517606042,0.9680269781992333,0.23262208069112206,0.7644668405815178
0.706,0.4649582159735841,0.0,3070.647130418037,0.9612826843178413,0.7278136214844358,0.9676313013899779,0.23258124507089054,0.7637582122148663
0.7065,0.46398593930140475,0.0,3067.0303942130718,0.9558906923693468,0.7274055327557097,0.9672309359775434,0.23254040945065899,0.7630492870784489
0.707,0.4630136626292256,0.0,3063.365860454335,0.9505289372533221,0.7269978724148211,0.9668258298965271,0.23249957383042746,0.7623400457077987
0.7075,0.46204138595704647,0.0,3059.655151527138,0.9451972541731609,0.7265906273021643,0.9664159305240089,0.23245873821019594,0.7616304684980101
0.708,0.46106910928486755,0.0,3055.8998872711586,0.9398954783322613,0.7261837842581343,0.9660011846720089,0.23241790258996442,0.7609205357040947
0.7085,0.46009683261268797,0.0,3052.1016848614886,0.9346234449340167,0.725777330123126,0.9655815385797611,0.2323770669697329,0.7602102274413233
0.709,0.45912455594050905,0.0,3048.2621586932432,0.9293809891818253,0.7253712517375339,0.9651569379057937,0.23233623134950138,0.7594995236855582
0.7095,0.4581522792683299,0.0,3044.3829202698366,0.9241679462790806,0.724965535941753,0.964727327719817,0.23229539572926985,0.7587884042735741
0.71,0.457180002596151,0.0,3040.4655780954045,0.9189841514291808,0.7245601695761779,0.9642926524944084,0.23225456010903833,0.7580768489033677
0.7105,0.4562077259239714,0.0,3036.5117375709738,0.9138294398355193,0.7241551394812032,0.9638528560964884,0.23221372448880678,0.7573648371344566
0.711,0.45523544925179227,0.0,3032.523000894214,0.9087036467014944,0.7237504324972243,0.9634078817785847,0.23217288886857526,0.7566523483881676
0.7115,0.45426317257961335,0.0,3028.500966963595,0.9036066072304995,0.7233460354646353,0.9629576721698725,0.23213205324834374,0.7559393619479119
0.712,0.4532908959074342,0.0,3024.447231285652,0.8985381566259327,0.7229419352238312,0.9625021692669902,0.23209121762811225,0.7552258569594524
0.7125,0.45231861923525485,0.0,3020.363385886572,0.8934981300911877,0.7225381186152069,0.9620413144246182,0.2320503820078807,0.7545118124311575
0.713,0.4513463425630757,0.0,3016.2485853740172,0.8884864077721464,0.7221345935241225,0.9615750549399592,0.23200954638764917,0.7537972445280464
0.7135,0.4503740658908968,0.0,3012.1056561111027,0.8835027781464739,0.7217313360916083,0.9611033257376593,0.23196871076741765,0.753082113158924
0.714,0.44940178921871765,0.0,3007.9353276239863,0.8785470839607386,0.7213283405533193,0.9606260679155407,0.23192787514718613,0.7523664101442386
0.7145,0.44842951254653807,0.0,3003.738030409748,0.8736191746241807,0.7209256037239464,0.960143222930761,0.23188703952695458,0.751650131834044
0.715,0.44745723587435915,0.0,2999.5141943873373,0.8687188995460449,0.7205231224181811,0.9596547317043328,0.2318462039067231,0.7509332745443782
0.7155,0.44648495920218,0.0,2995.264248879312,0.8638461081355714,0.7201208934507141,0.9591605346156187,0.23180536828649156,0.7502158345573133
0.716,0.4455126825300011,0.0,2990.988622593938,0.8590006498020049,0.7197189136362369,0.9586605714966838,0.23176453266626004,0.74949780812101
0.7165,0.4445404058578215,0.0,2986.6877436076543,0.8541823739545856,0.7193171797894402,0.9581547816264979,0.2317236970460285,0.7487791914497659
0.717,0.4435681291856426,0.0,2982.362039347278,0.8493911300025583,0.7189156887250157,0.9576431037249856,0.23168286142579697,0.748059980724068
0.7175,0.44259585251346345,0.0,2978.011936573194,0.8446267673551631,0.718514437257654,0.9571254759469098,0.23164202580556545,0.7473401720906403
0.718,0.4416235758412843,0.0,2973.63786136167,0.8398891354216448,0.7181134222020465,0.956601835875596,0.23160119018533393,0.7466197616624948
0.7185,0.44065129916910495,0.0,2969.240239088731,0.8351780836112435,0.7177126403728843,0.9560721205164786,0.2315603545651024,0.7458987455189778
0.719,0.4396790224969258,0.0,2964.8194944131346,0.8304934613332039,0.7173120885848585,0.955536266290474,0.23151951894487088,0.7451771197058199
0.7195,0.4387067458247469,0.0,2960.3760512601775,0.8258351179967665,0.7169117636526602,0.9549942090271625,0.23147868332463936,0.7444548802351807
0.72,0.43773446915256775,0.0,2955.9103328054994,0.8212029030111755,0.7165116623909806,0.9544458839577856,0.23143784770440784,0.7437320230856972
0.7205,0.4367621924803884,0.0,2951.422761459238,0.8165966657856715,0.7161117816145108,0.9538912257080412,0.23139701208417632,0.7430085442025282
0.721,0.43578991580820925,0.0,2946.9124895770606,0.8120163368787252,0.7157121292414147,0.9533301789759372,0.2313561764639448,0.7422844596286668
0.7215,0.4348176391360301,0.0,2942.3809412709984,0.8074616753274421,0.7153126933286759,0.9527626661843893,0.23131534084371325,0.7415597494267456
0.722,0.4338453624638512,0.0,2937.8283530627286,0.8029325301682309,0.7149134723042802,0.9521886202961903,0.23127450522348175,0.7408344123928494
0.7225,0.4328730857916716,0.0,2933.254744311558,0.7984287658032319,0.714514466498176,0.9516079757358614,0.2312336696032502,0.7401084507690654
0.723,0.4319008091194927,0.0,2928.660134801973,0.7939502466345898,0.7141156762403119,0.9510206664286127,0.23119283398301868,0.7393818667999549
0.7235,0.43092853244731355,0.0,2924.0445447451093,0.7894968370644452,0.7137171018606365,0.9504266257973205,0.23115199836278716,0.7386546627325474
0.724,0.4299562557751344,0.0,2919.407994780331,0.7850684014949426,0.7133187436890983,0.9498257867594079,0.23111116274255564,0.7379268408163364
0.7245,0.42898397910295505,0.0,2914.750505976812,0.7806648043282225,0.712920602055646,0.9492180817236208,0.23107032712232412,0.7371984033032757
0.725,0.4280117024307759,0.0,2910.0720998350157,0.7762859099664295,0.712522677290228,0.9486034425866977,0.2310294915020926,0.736469352447773
0.7255,0.427039425758597,0.0,2905.372798288587,0.7719315828117043,0.7121249697227928,0.9479818007299246,0.23098865588186107,0.7357396905066871
0.726,0.42606714908641785,0.0,2900.6526237055314,0.7676016872661912,0.7117274796832892,0.9473530870155716,0.23094782026162955,0.7350094197393227
0.7265,0.4250948724142385,0.0,2895.911598890146,0.7632960877320307,0.7113302075016654,0.9467172317832045,0.230906984641398,0.734278542407425
0.727,0.42412259574205935,0.0,2891.1497470844065,0.7590146486113676,0.7109331535078705,0.946074164845868,0.23086614902116648,0.7335470607751774
0.7275,0.4231503190698802,0.0,2886.367091969667,0.7547572343063423,0.7105363180318524,0.9454238154861287,0.23082531340093496,0.7328149771091934
0.728,0.4221780423977013,0.0,2881.563657668185,0.7505237092190995,0.7101397014035601,0.94476611245198,0.23078447778070343,0.7320822936785163
0.7285,0.4212057657255217,0.0,2876.7394687447936,0.7463139377517796,0.709743303952942,0.9441009839525942,0.2307436421604719,0.7313490127546104
0.729,0.4202334890533428,0.0,2871.894550208466,0.742127784306527,0.7093471260099468,0.9434283576539236,0.2307028065402404,0.7306151366113591
0.7295,0.41926121238116365,0.0,2867.0289275138894,0.7379651132854826,0.7089511679045228,0.9427481606741374,0.23066197092000887,0.7298806675250598
0.73,0.41828893570898473,0.0,2862.142626563138,0.7338257890907907,0.7085554299666188,0.9420603195788891,0.23062113529977735,0.7291456077744183
0.7305,0.41731665903680515,0.0,2857.235673707147,0.729709676124592,0.7081599125261832,0.9413647603764118,0.2305802996795458,0.7284099596405451
0.731,0.416344382364626,0.0,2852.3079170449023,0.725616674416761,0.7077646175021519,0.9406614143000929,0.23053946405931428,0.7276737283684198
0.7315,0.4153721056924471,0.0,2847.359251867675,0.7215466493444217,0.7073695464030156,0.9399502069154505,0.23049862843908278,0.7269369184554311
0.732,0.41439982902026795,0.0,2842.3898141928426,0.7174994246764707,0.7069746986012513,0.9392310562003182,0.23045779281885126,0.7261995304214683
0.7325,0.4134275523480886,0.0,2837.3995050204408,0.7134748792869844,0.7065800755653101,0.9385038884462434,0.2304169571986197,0.7254615687013422
0.733,0.41245527567590945,0.0,2832.3882262642783,0.7094728920500433,0.7061856787636437,0.9377686295276868,0.2303761215783882,0.7247230377436837
0.7335,0.41148299900373053,0.0,2827.355880759273,0.7054933418397237,0.7057915096647029,0.9370252049023258,0.23033528595815667,0.7239839420109229
0.734,0.4105107223315514,0.0,2822.302372268547,0.7015361075301058,0.7053975697369397,0.9362735396112959,0.23029445033792514,0.7232442859792687
0.7345,0.4095384456593718,0.0,2817.227605491293,0.6976010679952662,0.705003860448805,0.9355135582793712,0.23025361471769362,0.7225040741386859
0.735,0.4085661689871929,0.0,2812.131486070063,0.6936881021092852,0.7046103832687504,0.9347451851150727,0.2302127790974621,0.7217633109928745
0.7355,0.40759389231501375,0.0,2807.0139205980995,0.6897970887462392,0.704217139665227,0.9339683439107037,0.23017194347723058,0.7210220010592481
0.736,0.40662161564283483,0.0,2801.8748166273817,0.6859279067802085,0.7038241311066864,0.9331829580423022,0.23013110785699906,0.7202801488689117
0.7365,0.40564933897065525,0.0,2796.714082675792,0.6820804350852696,0.7034313590615798,0.9323889504695088,0.2300902722367675,0.7195377589666403
0.737,0.40467706229847633,0.0,2791.531628235119,0.6782545525355026,0.7030388249983587,0.9315862437353368,0.23004943661653598,0.7187948359108565
0.7375,0.4037047856262972,0.0,2786.327363778589,0.6744501380049842,0.7026465303854742,0.9307747599658489,0.2300086009963045,0.7180513842736074
0.738,0.40273250895411805,0.0,2781.101200768601,0.6706670703677945,0.702254476691378,0.929954420869722,0.22996776537607294,0.7173074086405448
0.7385,0.4017602322819387,0.0,2775.853051664843,0.6669052284980101,0.7018626653845211,0.9291251477377044,0.22992692975584142,0.7165629136108993
0.739,0.40078795560975955,0.0,2770.582829931902,0.6631644912697112,0.7014710979333552,0.9282868614419508,0.2298860941356099,0.7158179037974604
0.7395,0.39981567893758063,0.0,2765.2904500471377,0.6594447375569743,0.7010797758063313,0.9274394824352309,0.22984525851537838,0.7150723838265525
0.74,0.3988434022654015,0.0,2759.97582750885,0.6557458462338794,0.700688700471901,0.926582930750008,0.22980442289514685,0.7143263583380122
0.7405,0.39787112559322213,0.0,2754.638878844191,0.6520676961745036,0.7002978733985156,0.9257171259973712,0.22976358727491533,0.7135798319851652
0.741,0.396898848921043,0.0,2749.2794264431964,0.6484102110700901,0.6999072969166037,0.9248419971563274,0.2297227516546838,0.7128328110845044
0.7415,0.39592657224886385,0.0,2743.897407970543,0.6447732420035376,0.6995169723243989,0.9239574573973228,0.22968191603445226,0.712085299996505
0.742,0.39495429557668493,0.0,2738.492760461997,0.6411566485141741,0.6991269009347529,0.9230634209494107,0.22964108041422077,0.7113373031214095
0.7425,0.39398201890450535,0.0,2733.0653613901377,0.6375603222487738,0.6987370846106158,0.9221598086833537,0.22960024479398922,0.7105888259282167
0.743,0.39300974223232643,0.0,2727.615089472309,0.6339841548541143,0.6983475252149384,0.9212465412331111,0.2295594091737577,0.7098398739032135
0.7435,0.3920374655601473,0.0,2722.141824681131,0.6304280379769699,0.6979582246106707,0.9203235390008809,0.22951857355352617,0.7090904525499424
0.744,0.3910651888879684,0.0,2716.6454482553777,0.6268918632641178,0.6975691846607637,0.9193907221621175,0.22947773793329468,0.7083405673891734
0.7445,0.3900929122157888,0.0,2711.125842710312,0.6233755223623326,0.6971804072281674,0.9184480106705163,0.22943690231306313,0.7075902239588696
0.745,0.38912063554360965,0.0,2705.5828918488523,0.6198789069183916,0.6967918941758328,0.9174953242629655,0.2293960666928316,0.7068394278141601
0.7455,0.38814835887143073,0.0,2700.0164807723863,0.6164019085790691,0.6964036473667099,0.9165325824644491,0.22935523107260009,0.7060881845273055
0.746,0.3871760821992516,0.0,2694.426495891534,0.6129444189911424,0.6960156686637494,0.9155597045928996,0.22931439545236856,0.7053364996876679
0.7465,0.38620380552707223,0.0,2688.812824937381,0.609506329801386,0.6956279599299018,0.9145766097639962,0.22927355983213704,0.704584378901679
0.747,0.3852315288548931,0.0,2683.175356972458,0.6060875326565772,0.6952405230281176,0.9135832168958915,0.2292327242119055,0.7038318277928082
0.7475,0.3842592521827142,0.0,2677.5139824021267,0.6026879192034904,0.6948533598213471,0.9125794447138695,0.229191888591674,0.7030788520015299
0.748,0.38328697551053503,0.0,2671.828592985619,0.599307381088903,0.694466472172541,0.9115652117549214,0.22915105297144248,0.7023254571852913
0.7485,0.38231469883835545,0.0,2666.1190818474106,0.5959458099595892,0.6940798619446495,0.9105404363722338,0.22911021735121093,0.70157164901848
0.749,0.38134242216617653,0.0,2660.3853434889056,0.5926030974623266,0.6936935310006234,0.9095050367395819,0.2290693817309794,0.7008174331923913
0.7495,0.3803701454939974,0.0,2654.627273799603,0.5892791352438894,0.6933074812034129,0.9084589308556155,0.22902854611074788,0.7000628154151948
0.75,0.3793978688218185,0.0,2648.8447700687398,0.5859738149510549,0.6929217144159687,0.9074020365480373,0.22898771049051636,0.699307801411901
0.7505000000000001,0.3784255921496389,0.0,2643.037730997202,0.5826870282305977,0.6925362325012411,0.9063342714776559,0.22894687487028484,0.6985523969243276
0.751,0.37745331547745997,0.0,2637.206014140312,0.5794187179907616,0.6921510377158258,0.9052555683767705,0.22890603925005332,0.6977966084839192
0.7515000000000001,0.37648103880528083,0.0,2631.3495372784187,0.5761687274085047,0.6917661317738145,0.9041658307503244,0.2288652036298218,0.6970404415762836
0.752,0.3755087621331017,0.0,2625.4681957632456,0.5729369454385697,0.6913815166099254,0.9030649750387891,0.22882436800959027,0.6962839021365124
0.7525000000000001,0.37453648546092233,0.0,2619.5618768344625,0.5697232751535508,0.6909971942480103,0.9019529218734054,0.22878353238935872,0.6955269962927236
0.753,0.3735642087887432,0.0,2613.630469282427,0.5665276196260453,0.6906131667119217,0.9008295919635707,0.2287426967691272,0.6947697301912464
0.7535000000000001,0.3725919321165643,0.0,2607.673863461338,0.5633498819286472,0.6902294360255119,0.8996949061078822,0.22870186114889568,0.6940121099965804
0.754,0.37161965544438513,0.0,2601.691951302478,0.5601899651339538,0.6898460042126333,0.8985487852051579,0.22866102552866416,0.6932541418913589
0.7545000000000001,0.37064737877220577,0.0,2595.6846263278358,0.5570477723145592,0.6894628732971378,0.8973911502654293,0.22862018990843264,0.6924958320763092
0.755,0.36967510210002663,0.0,2589.6517836631765,0.5539232065430605,0.6890800453028783,0.8962219224208949,0.22857935428820111,0.6917371867702161
0.7555000000000001,0.3687028254278475,0.0,2583.5933200519107,0.5508161708920521,0.6886975222537065,0.8950410229368264,0.2285385186679696,0.6909782122098802
0.756,0.3677305487556686,0.0,2577.5091338684765,0.5477265684341309,0.6883153061734752,0.8938483732224157,0.22849768304773807,0.6902189146500814
0.7565000000000001,0.366758272083489,0.0,2571.3991251323228,0.5446543022418914,0.6879333990860363,0.8926438948415584,0.22845684742750652,0.6894593003635362
0.757,0.36578599541131007,0.0,2565.263195521602,0.5415992753879304,0.6875518030152424,0.8914275095235583,0.22841601180727503,0.6886993756408615
0.7575000000000001,0.36481371873913093,0.0,2559.1012483869545,0.5385613909448423,0.6871705199849457,0.8901991391737467,0.2283751761870435,0.6879391467905318
0.758,0.363841442066952,0.0,2552.9131887656977,0.5355405519852242,0.6867895520189985,0.8889587058840059,0.22833434056681198,0.6871786201388403
0.7585000000000001,0.36286916539477243,0.0,2546.698923395858,0.5325366615816703,0.686408901141253,0.8877061319431842,0.22829350494658043,0.6864178020298584
0.759,0.3618968887225933,0.0,2540.458360730478,0.5295496228067778,0.6860285693755617,0.8864413398474007,0.2282526693263489,0.6856566988253938
0.7595000000000001,0.3609246120504144,0.0,2534.1914109515437,0.5265793387331409,0.6856485587457766,0.88516425231021,0.2282118337061174,0.6848953169049506
0.76,0.35995233537823523,0.0,2527.897985984695,0.5236257124333565,0.6852688712757503,0.883874792272647,0.22817099808588587,0.6841336626656881
0.7605000000000001,0.35898005870605587,0.0,2521.5779995135886,0.5206886469800192,0.684889508989335,0.8825728829131062,0.22813016246565435,0.6833717425223775
0.761,0.35800778203387673,0.0,2515.231394540814,0.5177681009302969,0.6845104736495483,0.881258469878004,0.22808932684542282,0.6826095623825499
0.7615000000000001,0.3570355053616978,0.0,2508.8580297475964,0.5148639139729125,0.6841317678344706,0.8799314522009526,0.2280484912251913,0.6818471298106608
0.762,0.3560632286895187,0.0,2502.4578242315197,0.5119759991055075,0.6837533935685763,0.878591757815501,0.22800765560495978,0.6810844512774497
0.7625000000000001,0.3550909520173391,0.0,2496.030699110373,0.5091042696216462,0.6833753528744205,0.8772393153020267,0.22796681998472823,0.6803215332672267
0.763,0.35411867534516017,0.0,2489.5765773343333,0.5062486388148956,0.6829976477745584,0.8758740537885018,0.2279259843644967,0.6795583822816871
0.7635000000000001,0.35314639867298103,0.0,2483.0953837006227,0.5034090199788201,0.6826202802915449,0.8744959029676892,0.2278851487442652,0.6787950048398675
0.764,0.3521741220008021,0.0,2476.5870448689766,0.5005853264069867,0.6822432524479354,0.8731047931142445,0.2278443131240337,0.6780314074781042
0.7645000000000001,0.35120184532862253,0.0,2470.0514893763966,0.4977774713929599,0.6818665662662848,0.8717006551017104,0.22780347750380214,0.6772675967499868
0.765,0.3502295686564436,0.0,2463.488647652888,0.4949853682303066,0.6814902237691486,0.8702834204193962,0.22776264188357062,0.6765035792263168
0.7655000000000001,0.3492572919842645,0.0,2456.8984520366143,0.49220893021259116,0.6811142269790814,0.868853021189119,0.2277218062633391,0.6757393614950613
0.766,0.34828501531208533,0.0,2450.280836789163,0.48944807063338064,0.6807385779186388,0.8674093901818094,0.22768097064310758,0.6749749501613104
0.7665000000000001,0.34731273863990597,0.0,2443.6357381114994,0.48670270278623945,0.6803632786103756,0.86595246083394,0.22764013502287606,0.674210351847231
0.767,0.34634046196772683,0.0,2436.963094159202,0.4839727399647345,0.6799883310768472,0.8644821672637998,0.2275992994026445,0.673445573192023
0.7675000000000001,0.3453681852955479,0.0,2430.262845058564,0.48125809546243037,0.6796137373406085,0.8629984442875682,0.227558463782413,0.6726806208518731
0.768,0.3443959086233688,0.0,2423.53493292204,0.47855868257289386,0.6792394994242148,0.8615012274351936,0.2275176281621815,0.6719155014999098
0.7685,0.34342363195118963,0.0,2416.7793018644675,0.4758744145896901,0.6788656193502212,0.8599904529660523,0.22747679254194997,0.6711502218261574
0.769,0.34245135527901027,0.0,2409.9958980188535,0.4732052048063842,0.6784920991411826,0.8584660578843829,0.22743595692171842,0.67038478853749
0.7695,0.34147907860683113,0.0,2403.18466955271,0.47055096651654305,0.6781189408196545,0.8569279799544746,0.2273951213014869,0.6696192083575858
0.77,0.3405068019346522,0.0,2396.3455666839304,0.4679116130137312,0.6777461464081918,0.8553761577155947,0.22735428568125537,0.6688534880268795
0.7705,0.3395345252624731,0.0,2389.4785686122295,0.46528706776802065,0.6773737176678748,0.8538105358073247,0.22731345006102385,0.6680876337645147
0.771,0.3385622485902937,0.0,2382.583685914801,0.46267727152728194,0.6770016560732712,0.8522310692106092,0.22727261444079233,0.6673216512136182
0.7715,0.3375899719181146,0.0,2375.660746587779,0.4600820943556446,0.6766299648950983,0.8506376765972117,0.2272317788205608,0.6665555497329549
0.772,0.33661769524593543,0.0,2368.7097293899747,0.4575014586898445,0.6762586459609591,0.8490303046389006,0.2271909432003293,0.6657893357301288
0.7725,0.3356454185737565,0.0,2361.7306150974723,0.4549352869666199,0.6758877010984572,0.8474089011418379,0.22715010758009777,0.6650230156274138
0.773,0.33467314190157693,0.0,2354.7233865185035,0.4523835016227066,0.6755171321351955,0.8457734150680869,0.22710927195986622,0.6642565958617086
0.7735,0.333700865229398,0.0,2347.6880285088882,0.44984602509484284,0.6751469408987776,0.8441237965568581,0.22706843633963472,0.6634900828844952
0.774,0.3327285885572189,0.0,2340.624527987087,0.44732277981976454,0.6747771292168064,0.8424599969454508,0.2270276007194032,0.6627234831617927
0.7745,0.33175631188503996,0.0,2333.532873949579,0.44481368823420986,0.6744076989168857,0.8407819687898979,0.22698676509917168,0.6619568031741155
0.775,0.3307840352128604,0.0,2326.413057486456,0.44231867277491477,0.6740386518266184,0.8390896658852679,0.22694592947894013,0.6611900494164269
0.7755,0.32981175854068123,0.0,2319.2650717968277,0.43983765587861734,0.6736699897736078,0.83738304328563,0.2269050938587086,0.6604232283980956
0.776,0.3288394818685023,0.0,2312.088912204229,0.43737055998205365,0.6733017145854572,0.83566205732365,0.22686425823847708,0.6596563466428506
0.7765,0.3278672051963232,0.0,2304.8845761724456,0.43491730752196167,0.67293382808977,0.8339266656297957,0.22682342261824556,0.6588894106887369
0.777,0.3268949285241438,0.0,2297.6520633211044,0.43247782093507753,0.6725663321141493,0.8321768271511483,0.22678258699801404,0.658122427088069
0.7775,0.3259226518519647,0.0,2290.391375441641,0.43005202265813924,0.6721992284861986,0.8304125021697891,0.22674175137778252,0.6573554024073871
0.778,0.32495037517978576,0.0,2283.1025165129504,0.42763983512788284,0.6718325190335209,0.828633652320739,0.226700915757551,0.6565883432274094
0.7785,0.3239780985076066,0.0,2275.7854927174135,0.42524118078104645,0.6714662055837197,0.8268402406094532,0.22666008013731948,0.6558212561429888
0.779,0.32300582183542703,0.0,2268.4403124569058,0.422855982054366,0.6711002899643982,0.8250322314288214,0.22661924451708793,0.6550541477630646
0.7795,0.3220335451632481,0.0,2261.0669863689704,0.4204841613845796,0.6707347740031596,0.8232095905756891,0.2265784088968564,0.6542870247106175
0.78,0.321061268491069,0.0,2253.6655273427646,0.41812564120842327,0.6703696595276072,0.8213722852668559,0.22653757327662488,0.6535198936226225
0.7805,0.32008899181889006,0.0,2246.236116771234,0.41578037104873267,0.6700049466996937,0.819520302396619,0.2264967376563934,0.6527527576445409
0.781,0.3191167151467105,0.0,2238.7787902984314,0.4134482799842317,0.6696406371560147,0.8176536174919227,0.22645590203616184,0.6519856230271559
0.7815,0.31814443847453155,0.0,2231.2932872818205,0.41112924692323105,0.6692767355335877,0.8157721730293896,0.22641506641593032,0.6512185023618606
0.782,0.3171721618023524,0.0,2223.779680168855,0.40882320316836207,0.66891324315732,0.8138759480432487,0.2263742307956988,0.6504514012863396
0.7825,0.3161998851301733,0.0,2216.23804340684,0.40653008002225827,0.6685501613521201,0.8119649233990975,0.22633339517546727,0.6496843254473672
0.783,0.3152276084579939,0.0,2208.668453455122,0.40424980878755107,0.6681874914428954,0.8100390818151152,0.22629255955523575,0.6489172805007697
0.7835,0.3142553317858148,0.0,2201.070988796872,0.4019823207668739,0.6678252347545541,0.8080984078826646,0.2262517239350042,0.6481502721113933
0.784,0.31328305511363586,0.0,2193.445729951767,0.39972754726285814,0.667463392612004,0.8061428880862426,0.2262108883147727,0.6473833059530671
0.7845,0.3123107784414567,0.0,2185.792759487439,0.3974854195781373,0.6671019663401532,0.8041725108227837,0.22617005269454118,0.6466163877085698
0.785,0.31133850176927735,0.0,2178.112162032173,0.3952558690153428,0.6667409572639094,0.8021872664202634,0.22612921707430964,0.6458495230695935
0.7855,0.3103662250970982,0.0,2170.404024287055,0.3930388268771081,0.6663803667081807,0.8001871471556063,0.2260883814540781,0.6450827177367092
0.786,0.3093939484249191,0.0,2162.668435038128,0.3908342244660646,0.6660201959978749,0.7981721472718584,0.2260475458338466,0.6443159774193307
0.7865,0.30842167175274016,0.0,2154.9054851687342,0.3886419930848457,0.6656604464579,0.7961422629946086,0.22600671021361507,0.64354930783568
0.787,0.3074493950805606,0.0,2147.11526767196,0.38646206403608285,0.6653011194131637,0.794097492547635,0.22596587459338355,0.6427827147127511
0.7875,0.30647711840838165,0.0,2139.2978776629334,0.38429436862240957,0.6649422161885743,0.7920378361677592,0.22592503897315203,0.6420162037862753
0.788,0.3055048417362025,0.0,2131.4534123912294,0.3821388381464572,0.6645837381090395,0.7899632961188823,0.2258842033529205,0.6412497808006843
0.7885,0.3045325650640236,0.0,2123.5819712535417,0.37999540391085923,0.6642256864994671,0.7878738767051884,0.22584336773268898,0.6404834515090749
0.789,0.303560288391844,0.0,2115.6836558058426,0.3778639972182471,0.6638680626847653,0.785769584283483,0.22580253211245743,0.6397172216731732
0.7895,0.3025880117196649,0.0,2107.7585697763648,0.3757445493712541,0.6635108679898418,0.7836504272746673,0.2257616964922259,0.6389510970632983
0.79,0.30161573504748596,0.0,2099.8068190778395,0.37363699167251196,0.6631541037396046,0.7815164161743049,0.2257208608719944,0.6381850834583258
0.7905,0.3006434583753068,0.0,2091.828511820152,0.3715412554246538,0.6627977712589617,0.7793675635622828,0.22568002525176287,0.637419186645652
0.791,0.29967118170312745,0.0,2083.823758323262,0.3694572719303113,0.6624418718728207,0.7772038841115362,0.22563918963153135,0.6366534124211569
0.7915,0.2986989050309483,0.0,2075.7926711295654,0.36738497249211777,0.66208640690609,0.7750253945958312,0.22559835401129982,0.6358877665891691
0.792,0.2977266283587694,0.0,2067.73574610387,0.36532432476277343,0.6617313737038526,0.7728321459936455,0.2255575183910683,0.6351222463766498
0.7925,0.29675435168659026,0.0,2059.6528731718927,0.36327524143142403,0.6613767759439483,0.7706241441096363,0.22551668277083678,0.6343568626590721
0.793,0.2957820750144107,0.0,2051.5439391129503,0.36123763229419636,0.6610226173792478,0.7684013932505427,0.22547584715060523,0.6335916265037762
0.7935,0.29480979834223175,0.0,2043.409153241401,0.359211436920669,0.6606688984173859,0.7661639261182005,0.22543501153037374,0.6328265417689082
0.794,0.2938375216700526,0.0,2035.2487264646493,0.35719659488041877,0.6603156194659965,0.7639117779243596,0.2253941759101422,0.6320616123125966
0.7945,0.2928652449978737,0.0,2027.062871287455,0.35519304574302424,0.6599627809327141,0.7616449864001325,0.2253533402899107,0.6312968419929421
0.795,0.2918929683256941,0.0,2018.8518018157197,0.35320072907806227,0.659610383225173,0.7593635918042941,0.22531250466967914,0.6305322346680051
0.7955,0.2909206916535152,0.0,2010.6157337606053,0.35121958445511137,0.6592584267510074,0.7570676369304308,0.22527166904944762,0.6297677941957954
0.796,0.28994841498133606,0.0,2002.3548844422974,0.34924955144374836,0.6589069119178518,0.7547571671128883,0.2252308334292161,0.6290035244342598
0.7965,0.2889761383091569,0.0,1994.0694727942748,0.34729056961355187,0.6585558391333404,0.752432230231535,0.22518999780898458,0.6282394292412712
0.797,0.28800386163697755,0.0,1985.7597193670233,0.34534257853409867,0.6582052088051075,0.7500928767152817,0.22514916218875305,0.6274755124746167
0.7975,0.2870315849647984,0.0,1977.425846332285,0.3434055177749673,0.6578550213407874,0.7477391595443853,0.22510832656852153,0.6267117779919866
0.798,0.2860593082926195,0.0,1969.0680774869172,0.34147932690573474,0.6575052771480145,0.7453711342514722,0.22506749094829,0.625948229650962
0.7985,0.28508703162044036,0.0,1960.6866382568987,0.33956394549597935,0.6571559766344232,0.7429888589213146,0.2250266553280585,0.6251848713090045
0.799,0.284114754948261,0.0,1952.2817557013652,0.3376593131152781,0.6568071202076474,0.7405923941892997,0.22498581970782697,0.6244217068234434
0.7995,0.28314247827608185,0.0,1943.8536585166767,0.3357653693332095,0.6564587082753219,0.7381818032386134,0.22494498408759545,0.6236587400514657
0.8,0.2821702016039027,0.0,1935.402577040321,0.33388205371935037,0.6561107412450807,0.7357571517960981,0.2249041484673639,0.6228959748501026
0.8005,0.2811979249317238,0.0,1926.928743255018,0.33200930584327926,0.6557632195245583,0.7333185081268049,0.2248633128471324,0.6221334150762199
0.801,0.2802256482595442,0.0,1918.4323907926569,0.3301470652745731,0.6554161435213889,0.7308659430271899,0.22482247722690085,0.6213710645865049
0.8015,0.2792533715873653,0.0,1909.9137549384911,0.3282952715828103,0.6550695136432069,0.7283995298169871,0.22478164160666933,0.6206089272374559
0.802,0.27828109491518616,0.0,1901.3730726349727,0.32645386433756785,0.6547233302976464,0.7259193443297105,0.2247408059864378,0.6198470068853693
0.8025,0.27730881824300724,0.0,1892.8105824858444,0.3246227831084242,0.6543775938923421,0.7234254649018228,0.2246999703662063,0.6190853073863303
0.803,0.27633654157082765,0.0,1884.2265247603111,0.32280196746495615,0.6540323048349278,0.7209179723605074,0.22465913474597476,0.6183238325961979
0.8035,0.2753642648986485,0.0,1875.6219160344801,0.320991407763832,0.6536874550390166,0.7183970071079269,0.22461829912574324,0.617562567610481
0.804,0.2743919882264696,0.0,1866.996254209176,0.3191909964720221,0.6533430530491495,0.7158626035424335,0.22457746350551172,0.616801534217842
0.8045,0.27341971155429046,0.0,1858.3496676261243,0.3174006650682474,0.6529991005584885,0.7133148406751126,0.2245366278852802,0.6160407391160142
0.805,0.2724474348821111,0.0,1849.6825275474514,0.3156203606546319,0.6526555966084981,0.7107538176696541,0.22449579226504865,0.6152801831396736
0.8055,0.27147515820993195,0.0,1840.9952057629914,0.3138500303333013,0.6523125402406436,0.7081796364985004,0.22445495664481713,0.6145198671112433
0.806,0.27050288153775304,0.0,1832.2880745804662,0.3120896212063796,0.6519699304963897,0.7055924019279086,0.22441412102458563,0.613759791840919
0.8065,0.2695306048655739,0.0,1823.5615068160125,0.31033908037599245,0.6516277664172017,0.702992221501444,0.22437328540435408,0.6129999581266972
0.807,0.2685583281933943,0.0,1814.8158757849676,0.30859835494426396,0.6512860470445441,0.7003792055218866,0.22433244978412256,0.6122403667544007
0.8075,0.2675860515212154,0.0,1806.0515552920863,0.30686739201331975,0.6509447714198823,0.6977534670315796,0.22429161416389104,0.6114810184977097
0.808,0.26661377484903626,0.0,1797.268919622288,0.30514613868528384,0.6506039385846809,0.695115121791183,0.22425077854365952,0.6107219141181843
0.8085,0.26564149817685734,0.0,1788.4683435311294,0.3034345420622819,0.6502635475804053,0.6924642882568649,0.224209942923428,0.6099630543652952
0.809,0.26466922150467775,0.0,1779.650202235511,0.30173254924643794,0.6499235974485199,0.6898010875558921,0.22416910730319645,0.6092044399764479
0.8095,0.26369694483249884,0.0,1770.814871404271,0.3000401073398776,0.6495840872304902,0.6871256434606737,0.22412827168296495,0.6084460716770131
0.81,0.2627246681603197,0.0,1761.962727148692,0.29835716344472507,0.6492450159677808,0.6844380823612145,0.22408743606273343,0.6076879501803498
0.8105,0.26175239148814056,0.0,1753.09414601335,0.2966836646631058,0.6489063827018569,0.6817385332360246,0.2240466004425019,0.6069300761878349
0.811,0.2607801148159612,0.0,1744.2095049667146,0.2950195580971439,0.6485681864741832,0.679027127621452,0.22400576482227036,0.6061724503888889
0.8115,0.25980783814378205,0.0,1735.3091813918238,0.2933647908489651,0.648230426326225,0.676303999579497,0.22396492920203884,0.6054150734610031
0.812,0.25883556147160314,0.0,1726.3935530770354,0.2917193100206934,0.647893101299447,0.6735692856640678,0.22392409358180732,0.6046579460697656
0.8125,0.257863284799424,0.0,1717.4629982068188,0.2900830627144544,0.6475562104353143,0.6708231248857388,0.2238832579615758,0.6039010688688888
0.8130000000000001,0.25689100812724464,0.0,1708.517895352389,0.28845599603237215,0.6472197527752916,0.6680656586749838,0.22384242234134427,0.6031444425002348
0.8135,0.2559187314550655,0.0,1699.5586234625935,0.2868380570765724,0.6468837273608443,0.6652970308439327,0.22380158672111275,0.602388067593844
0.8140000000000001,0.25494645478288636,0.0,1690.5855618547428,0.2852291929491791,0.6465481332334371,0.6625173875466489,0.22376075110088123,0.6016319447679588
0.8145,0.25397417811070744,0.0,1681.5990902052774,0.2836293507523179,0.646212969434535,0.6597268772379618,0.2237199154806497,0.6008760746290521
0.8150000000000001,0.25300190143852785,0.0,1672.5995885407956,0.28203847758811285,0.6458782350056029,0.6569256506308593,0.22367907986041816,0.6001204577718527
0.8155,0.25202962476634894,0.0,1663.587466476723,0.28045652195232085,0.6455439286475737,0.6541138625920452,0.22363824424018663,0.599365094009578
0.8160000000000001,0.2510573480941698,0.0,1654.5632844067397,0.2788834386338945,0.645210047301252,0.6512916788922601,0.2235974086199551,0.5986099791582276
0.8165,0.25008507142199066,0.0,1645.5275168576154,0.2773191789723142,0.6448765888933792,0.648459263087412,0.2235565729997236,0.5978551112372386
0.8170000000000001,0.2491127947498113,0.0,1636.480619507793,0.275763693721206,0.6445435515631696,0.6456167802719347,0.22351573737949207,0.5971004887266419
0.8175,0.24814051807763216,0.0,1627.4230474683322,0.2742169336341976,0.6442109334498377,0.6427643977778111,0.22347490175926055,0.5963461100872582
0.8180000000000001,0.24716824140545324,0.0,1618.3552627642835,0.27267884981510776,0.6438787326040792,0.6399022856347434,0.22343406613902903,0.5955919735597038
0.8185,0.2461959647332741,0.0,1609.2777203767957,0.2711493930445626,0.6435469471518518,0.637030615548296,0.2233932305187975,0.5948380775358267
0.8190000000000001,0.24522368806109474,0.0,1600.1908985835703,0.2696285151945471,0.6432155749350438,0.6341495629231152,0.22335239489856598,0.5940844197419282
0.8195,0.2442514113889156,0.0,1591.095281085022,0.26811616843435404,0.6428846137200097,0.6312593057042332,0.22331155927833446,0.5933309977107568
0.8200000000000001,0.24327913471673646,0.0,1581.9913505671916,0.2666123049332748,0.6425540612731037,0.6283600238938976,0.2232707236581029,0.5925778089529588
0.8205,0.24230685804455754,0.0,1572.8791106699061,0.26511687701515135,0.6422239210843972,0.6254519048916976,0.22322988803787142,0.591824864017144
0.8210000000000001,0.24133458137237795,0.0,1563.759834549932,0.2636298371258491,0.6418941814524821,0.6225351246856388,0.22318905241763987,0.5910721387832021
0.8215,0.24036230470019904,0.0,1554.6351587808892,0.2621511380459392,0.6415648261753654,0.6196098575992631,0.22314821679740834,0.5903195987414029
0.8220000000000001,0.2393900280280199,0.0,1545.5038972358566,0.26068073337782466,0.641235872969851,0.6166763118029035,0.22310738117717682,0.5895672868504307
0.8225,0.23841775135584098,0.0,1536.3648821378854,0.2592185767239098,0.6409073395527427,0.6137346975391145,0.22306654555694533,0.588815246214639
0.8230000000000001,0.23744636713445466,0.0,1527.2501319680694,0.25776462168659764,0.6405792436408446,0.6107852270484765,0.2230257474196471,0.5880635200835863
0.8235,0.23648506394296542,0.0,1518.494993453054,0.25631882231119973,0.6402516482794578,0.6078281566393814,0.22298537268560453,0.5873122558493402
0.8240000000000001,0.23553626075147593,0.0,1510.1390423948653,0.2548811323131115,0.6399251271866281,0.6048642112136766,0.22294552295156198,0.5865627741340371
0.8245,0.23459995755998664,0.0,1502.149901544921,0.25345150657293836,0.6396000390823549,0.6018939279749268,0.22290619821751942,0.585815906156122
0.8250000000000001,0.2336761543684971,0.0,1494.4976587754297,0.2520299000832559,0.6392767177609343,0.5989178262201926,0.22286739848347686,0.5850724287330209
0.8255,0.23276485117700796,0.0,1487.1527859084542,0.2506162678366407,0.6389554970166627,0.5959364295079203,0.22282912374943434,0.5843331213823817
0.8260000000000001,0.23186604798551835,0.0,1480.0876739744601,0.24921056499140662,0.6386366913540819,0.5929502478651466,0.22279137401539176,0.583598721825494
0.8265,0.23097974479402894,0.0,1473.2759254921796,0.24781274681501567,0.6383206042119443,0.5899597847934769,0.2227541492813492,0.582869944714244
0.8270000000000001,0.2301059416025395,0.0,1466.6956248049685,0.24642276919444667,0.6380074870216507,0.5869654998726868,0.22271744954730666,0.5821473869503176
0.8275,0.22924463841105025,0.0,1460.328097947518,0.24504058837423237,0.6376975538192983,0.5839678210586222,0.2226812748132641,0.581431560878443
0.8280000000000001,0.22839583521956075,0.0,1454.154863720631,0.24366616059890428,0.6373910186409839,0.5809671782248801,0.22264562507922153,0.5807229803500533
0.8285,0.22755953202807144,0.0,1448.1614603494602,0.24229944349741303,0.6370880476305966,0.5779639609678803,0.22261050034517899,0.5800220498323593
0.8290000000000001,0.22673572883658188,0.0,1442.3265671303407,0.24094039159233938,0.6367888944539526,0.5749586357056728,0.22257590061113644,0.579329377576588
0.8295,0.22592442564509252,0.0,1436.6372298215676,0.23958896187499007,0.6364937103141329,0.571951579208775,0.22254182587709387,0.5786453359656074
0.8300000000000001,0.22512562245360312,0.0,1431.0833590970167,0.23824511232923604,0.6362026118983454,0.5689431384462528,0.22250827614305133,0.5779702181454531
0.8305,0.2243393192621137,0.0,1425.654954721697,0.23690880093894934,0.6359157158937976,0.5659336606132723,0.22247525140900876,0.5773043178152872
0.8310000000000001,0.22356551607062425,0.0,1420.3421016686084,0.2355799856880009,0.6356331389876972,0.5629234929583496,0.22244275167496622,0.5766479291965602
0.8315,0.222804212879135,0.0,1415.1349665367395,0.23425862456026275,0.635354997867252,0.5599129826106033,0.22241077694092365,0.5760013470013018
0.8320000000000001,0.22205540968764548,0.0,1410.0237942716005,0.23294467553960585,0.6350814092196696,0.5569024764071667,0.2223793272068811,0.5753648663995465
0.8325,0.22131910649615616,0.0,1404.9989051871362,0.2316380966099022,0.6348124897321578,0.5538923207209384,0.22234840247283855,0.5747387829858885
0.833,0.2205953033046668,0.0,1400.058843471077,0.23033885024223497,0.634548252640753,0.5508827727842692,0.222318002738796,0.5741231516328862
0.8335,0.21988400011317744,0.0,1395.189888815718,0.22904688914100868,0.6342888672804116,0.5478742159927985,0.22228812800475345,0.5735183909596797
0.834,0.21918519692168803,0.0,1390.3866493296841,0.227762172481858,0.6340343981631427,0.5448669471071752,0.2222587782707109,0.5729246756128406
0.8345,0.2184988937301986,0.0,1385.6456938597544,0.22648466075068427,0.6337848852810445,0.5418612411338499,0.22222995353666833,0.5723421229317036
0.835,0.21782509053870913,0.0,1380.9636159684853,0.2252143144333899,0.6335403686262152,0.5388573716504337,0.22220165380262577,0.571770850042697
0.8355,0.21716378734721964,0.0,1376.3370333410583,0.22395109401587615,0.6333008881907527,0.5358556106929835,0.2221738790685832,0.5712109738466491
0.836,0.21651498415573034,0.0,1371.7625872275844,0.22269495998404548,0.6330664839667554,0.5328562286446674,0.22214662933454066,0.5706626110059968
0.8365,0.215878680964241,0.0,1367.236941920966,0.22144587282379913,0.632837195946321,0.5298594941258907,0.2221199046004981,0.570125877931887
0.837,0.21525487777275165,0.0,1362.7567842700778,0.22020379302103954,0.6326130641215482,0.5268656738859776,0.22209370486645558,0.5696008907711809
0.8375,0.21464357458126204,0.0,1358.3188232284306,0.218968681061668,0.6323941284845346,0.523875032696469,0.222068030132413,0.5690877653933518
0.838,0.21404477138977285,0.0,1353.91978943853,0.21774049743158694,0.6321804290273785,0.5208878332461535,0.22204288039837045,0.5685866173772853
0.8385,0.2134584681982834,0.0,1349.5564348513446,0.2165192026166976,0.631972005742178,0.5179043360378612,0.2220182556643279,0.5680975619979738
0.839,0.21288466500679393,0.0,1345.2277759054302,0.2153047612001006,0.631768869572755,0.514924780894091,0.22199415593028535,0.5676206459957696
0.8395,0.21232336181530442,0.0,1340.9318882027549,0.21409713163957747,0.6315710437457799,0.5119494030282049,0.22197058119624277,0.567155944494343
0.84,0.2117745586238151,0.0,1336.665956257317,0.21289627244666154,0.6313785632213573,0.5089784464206839,0.22194753146220023,0.566703559780769
0.8405,0.21123825543232577,0.0,1332.4291691524018,0.21170214692141048,0.6311914371125996,0.5060121388169422,0.22192500672815768,0.5662635329749057
0.841,0.2107144522408364,0.0,1328.2207209967155,0.21051471836388294,0.6310096745326196,0.503050705445532,0.2219030069941151,0.5658359046922088
0.8415,0.21020314904934678,0.0,1324.0398108666288,0.20933395007413658,0.6308332845945297,0.5000943689460784,0.22188153226007257,0.5654207150406139
0.842,0.20970434585785758,0.0,1319.8856427500568,0.2081598053522301,0.6306622764114428,0.49714334929915366,0.22186058252603003,0.5650180036174187
0.8425,0.20921804266636812,0.0,1315.7574254924075,0.20699224749822118,0.6304966590964712,0.4941978637581231,0.22184015779198746,0.5646278095061563
0.843,0.20874423947487863,0.0,1311.654372744213,0.20583123981216847,0.6303364417627279,0.49125812678299824,0.2218202580579449,0.564250171273466
0.8435,0.20828293628338934,0.0,1307.5757029108286,0.20467674559412966,0.6301816335233251,0.488324349976333,0.22180088332390235,0.5638851269659559
0.844,0.2078341330918998,0.0,1303.5206391035867,0.20352872814416342,0.6300322434913758,0.4853967420211824,0.2217820335898598,0.5635327141070643
0.8445,0.20739782990041045,0.0,1299.4884090931805,0.2023871507623274,0.6298882807799923,0.48247550862114175,0.22176370885581723,0.56319296969391
0.845,0.20697402670892107,0.0,1295.4782452647041,0.20125197674868034,0.6297497545022874,0.47956085244251123,0.22174590912177466,0.5628659301941441
0.8455,0.20656272351743166,0.0,1291.4893845745125,0.20012316940327984,0.6296166737713738,0.47665297305857857,0.22172863438773213,0.5625516315427903
0.846,0.20616392032594222,0.0,1287.5242749935414,0.19900070635682157,0.6294890052639093,0.47375206189254965,0.22171188465368957,0.5622500088637519
0.8465,0.20577761713445275,0.0,1283.5791410723818,0.19788453509215725,0.6293667979461466,0.47085831140459,0.22169565991964701,0.5619611911202407
0.847,0.20540381394296348,0.0,1279.6531685174768,0.1967746183496468,0.6292500617791832,0.4679719109381485,0.22167996018560446,0.5616852146341216
0.8475,0.20504251075147395,0.0,1275.7463518672519,0.1956709227126431,0.6291387960342272,0.4650930459946675,0.2216647854515619,0.5614220899013311
0.848,0.20469370755998462,0.0,1271.8586855271474,0.19457341476450005,0.6290329999824869,0.4622218989269978,0.22165013571751935,0.5611718268431327
0.8485,0.20435740436849525,0.0,1267.9901637725611,0.1934820610885705,0.6289326728951701,0.4593586488994299,0.2216360109834768,0.5609344348063685
0.849,0.20403360117700586,0.0,1264.1407807514856,0.19239682826820834,0.6288378140434854,0.45650347184977824,0.22162241124943424,0.5607099225637171
0.8495,0.20372229798551644,0.0,1260.3105304876324,0.19131768288676648,0.6287484226986406,0.45365654045345766,0.2216093365153917,0.5604982983139438
0.85,0.203423494794027,0.0,1256.4994068831152,0.1902445915275988,0.6286644981318442,0.45081802408961036,0.22159678678134911,0.5602995696821584
0.8505,0.20313719160253751,0.0,1252.7074037213501,0.18917752077405817,0.6285860396143043,0.4479880888092237,0.22158476204730657,0.5601137437200665
0.851,0.20286338841104823,0.0,1248.9345146700334,0.18811643720949847,0.6285130464172288,0.44516689730528275,0.22157326231326402,0.5599408269062246
0.8515,0.2026020852195587,0.0,1245.1807332838407,0.18706130741727262,0.6284455178118262,0.44235460888491257,0.22156228757922145,0.5597808251462948
0.852,0.20235328202806935,0.0,1241.4460530076276,0.18601209798073448,0.6283834530693047,0.43955137944353534,0.2215518378451789,0.5596337437732982
0.8525,0.20211697883657997,0.0,1237.730467179109,0.18496877548323692,0.6283268514608721,0.43675736144098687,0.22154191311113636,0.5594995875478679
0.853,0.20189317564509057,0.0,1234.0339690318842,0.18393130650813383,0.6282757122577369,0.43397270387963793,0.2215325133770938,0.5593783606585052
0.8535,0.20168187245360114,0.0,1230.3565516984272,0.18289965763877813,0.6282300347311072,0.4311975522844466,0.22152363864305125,0.5592700667218311
0.854,0.20148306926211168,0.0,1226.6982082129357,0.1818737954585237,0.6281898181521911,0.4284320486849783,0.22151528890900868,0.5591747087828421
0.8545,0.2012967660706224,0.0,1223.058931514478,0.18085368655072337,0.6281550617921968,0.4256763315993288,0.22150746417496614,0.5590922893151627
0.855,0.2011229628791329,0.0,1219.433043035877,0.17983929811237084,0.6281258420480529,0.42293060979938785,0.22150016444092357,0.5590229931362574
0.8555,0.20096165968764357,0.0,1215.8010938807245,0.1788306004646371,0.6281024233153786,0.4201952719423904,0.221493389706881,0.5589674504340119
0.856,0.2008128564961542,0.0,1212.2161397776724,0.177827558584342,0.6280840826333625,0.41746976693680365,0.22148713997283848,0.5589239490093509
0.8565,0.20067655330466483,0.0,1208.6915671413635,0.17683014166319616,0.6280706346344034,0.41475405658720454,0.22148141523879591,0.5588920509526293
0.857,0.20055275011317542,0.0,1205.2406865226208,0.1758383188929111,0.6280618939509003,0.41204810073371473,0.22147621550475335,0.5588713178208184
0.8575,0.20044144692168597,0.0,1201.8767360819616,0.17485205946519752,0.6280576752152521,0.40935185733633156,0.2214715407707108,0.5588613106942512
0.858,0.2003426437301965,0.0,1198.6128858248846,0.1738713325717669,0.6280577930598579,0.40666528255839335,0.22146739103666824,0.5588615902311751
0.8585,0.200256340538707,0.0,1195.4622425992357,0.17289610740432995,0.6280620621171165,0.4039883308491352,0.22146376630262568,0.5588717167201157
0.859,0.2001825373472177,0.0,1192.4378558540623,0.17192635315459814,0.6280702970194266,0.4013209550253034,0.22146066656858313,0.5588912501300461
0.8595,0.20012123415572836,0.0,1189.5527241605478,0.17096203901428217,0.6280823123991875,0.3986631063518607,0.22145809183454057,0.5589197501583689
0.86,0.200072430964239,0.0,1186.8198024947606,0.17000313417509355,0.6280979228887981,0.39601473462172354,0.22145604210049802,0.5589567762767016
0.8605,0.2000361277727496,0.0,1184.2520102820904,0.16904960782874293,0.628116943120657,0.39337578823455244,0.22145451736645547,0.5590018877744751
0.861,0.20001232458126017,0.0,1181.8528668567453,0.16810142939632422,0.628139317206214,0.390746332919413,0.22145351763241292,0.559054950867791
0.8615,0.20000102138977072,0.0,1179.5783731112792,0.16715856936358428,0.6281656465298382,0.3881270324678731,0.22145304289837037,0.5591173902405191
0.8617021276595762,0.2000000000000015,0.0,1178.6896361032104,0.16677891600078792,0.6281774760263928,0.3870711309735289,0.22145300000000007,0.5591454421744143
0.8622021276595762,0.2000062500000015,0.0,1176.5594662454437,0.1658434742559648,0.628209776621792,0.38446665230691673,0.22145326250000005,0.5592220338022391
0.8627021276595761,0.20002500000000145,0.0,1174.513164002628,0.16491327959253074,0.6282465869302347,0.3818730855082432,0.22145405000000004,0.5593093108130756
0.863202127659576,0.2000562500000016,0.0,1172.5417857738157,0.16398830256648098,0.6282880280154709,0.3792906382479822,0.22145536250000006,0.5594075570260608
0.863702127659576,0.2001000000000015,0.0,1170.631778886996,0.1630685139659718,0.6283342854235378,0.3767195723575999,0.22145720000000005,0.5595172085726011
0.8642021276595759,0.2001562500000016,0.0,1168.7676794915385,0.1621538846940936,0.6283855719277346,0.37416016926371065,0.22145956250000007,0.5596387654608517
0.8647021276595759,0.20022500000000143,0.0,1166.9412095732769,0.1612443856165555,0.6284420011305673,0.37161261623125486,0.22146245000000006,0.5597724919519853
0.8652021276595758,0.20030625000000146,0.0,1165.1395917043783,0.1603399881557653,0.6285037496146297,0.36907715370431743,0.22146586250000005,0.5599188008597267
0.8657021276595758,0.20040000000000147,0.0,1163.350088724763,0.1594406637341309,0.6285709939625161,0.3665540169315934,0.22146980000000005,0.5600781041900726
0.8662021276595757,0.20050625000000144,0.0,1161.562433514861,0.15854638420077918,0.6286438768881442,0.3640434071599617,0.22147426250000005,0.5602507328677684
0.8667021276595757,0.20062500000000139,0.0,1159.765286710679,0.1576571207084972,0.6287225564974583,0.3615455322905414,0.22147925000000004,0.5604370533999267
0.8672021276595756,0.2007562500000013,0.0,1157.9464326576021,0.15677284469333397,0.6288072036170228,0.359060607094694,0.22148476250000004,0.5606374614585001
0.8677021276595756,0.2009000000000014,0.0,1156.0981160403849,0.1558935286195163,0.628897927321681,0.35658878986746345,0.22149080000000004,0.5608522055288765
0.8682021276595755,0.20105625000000127,0.0,1154.212607561124,0.15501914495127098,0.6289948366862761,0.35413023428818674,0.22149736250000004,0.561081533145909
0.8687021276595754,0.20122500000000132,0.0,1152.2822051144417,0.15414966615282477,0.6290980407856515,0.3516850894084018,0.22150445000000005,0.5613256908512683
0.8692021276595754,0.20140625000000134,0.0,1150.2992352266212,0.15328506468840444,0.6292076486946502,0.34925349964274643,0.22151206250000005,0.5615849241500321
0.8697021276595753,0.2016000000000011,0.0,1148.2560547582266,0.1524253130222368,0.6293237694881159,0.34683560476280967,0.22152020000000003,0.5618594774665195
0.8702021276595753,0.20180625000000108,0.0,1146.1507192703123,0.15157038459346647,0.6294464327578937,0.34443147421389764,0.22152886250000003,0.5621494062632328
0.8707021276595752,0.202025000000001,0.0,1143.9738758056728,0.1507202513585919,0.6295757722965175,0.3420412589556818,0.22153805000000004,0.5624550112572658
0.8712021276595752,0.20225625000000114,0.0,1141.7164409475936,0.14987488565781193,0.6297119187091167,0.3396651034073572,0.22154776250000005,0.5627765843556002
0.8717021276595751,0.202500000000001,0.0,1139.3773903079466,0.14903426133042838,0.6298548898547722,0.33730305531942445,0.22155800000000003,0.5631141499858967
0.872202127659575,0.20275625000000086,0.0,1136.9557138700263,0.14819835221574315,0.6300047035925651,0.33495515897515715,0.22156876250000002,0.5634677316210919
0.872702127659575,0.2030250000000009,0.0,1134.4504164591922,0.14736713215305802,0.6301613777815762,0.3326214552231844,0.22158005000000003,0.5638373517716136
0.873202127659575,0.2033062500000009,0.0,1131.860518220416,0.14654057498167483,0.6303249302808865,0.33030198151106616,0.22159186250000004,0.5642230319775785
0.8737021276595749,0.20360000000000067,0.0,1129.1850551031755,0.14571865454089547,0.6304953789495771,0.32799677191982635,0.22160420000000003,0.5646247928009673
0.8742021276595748,0.20390625000000062,0.0,1126.4230793531658,0.14490134467002172,0.6306727416467288,0.3257058571993833,0.22161706250000002,0.5650426538177808
0.8747021276595748,0.20422500000000054,0.0,1123.5736600112716,0.14408861920835545,0.6308570362314226,0.32342926480486134,0.22163045,0.5654766336101748
0.8752021276595747,0.20455625000000044,0.0,1120.6409053470195,0.14328045294745942,0.6310482093225498,0.32116696257568744,0.22164436250000003,0.5659265821297926
0.8757021276595747,0.20490000000000053,0.0,1117.6249968098275,0.14247681937077908,0.6312462631875495,0.31891895822176397,0.22165880000000002,0.5663924795499171
0.8762021276595746,0.20525625000000036,0.0,1114.526328644162,0.1416776927643434,0.6314511972234456,0.31668525652494617,0.2216737625,0.5668742983800013
0.8767021276595746,0.2056250000000004,0.0,1111.3490596316988,0.14088304833913845,0.6316629573426304,0.3144658182451471,0.22168925,0.5673718845868085
0.8772021276595745,0.20600625000000017,0.0,1108.0973364249073,0.14009286130615037,0.6318814894574966,0.31226060203185857,0.2217052625,0.5678850835330638
0.8777021276595744,0.20640000000000014,0.0,1104.7752921631904,0.13930710687636522,0.6321067394804364,0.31006956447565864,0.2217218,0.5684137400009073
0.8782021276595744,0.20680625000000008,0.0,1101.3870451540529,0.1385257602607691,0.6323386533238422,0.30789266015924505,0.2217388625,0.5689576982151598
0.8787021276595743,0.207225,0.0,1097.936697619091,0.1377487966703481,0.6325771769001065,0.30572984170797957,0.22175645,0.5695168018664043
0.8792021276595743,0.20765624999999988,0.0,1094.4283345048843,0.1369761913160883,0.6328222561216218,0.30358105983993067,0.2217745625,0.5700908941338779
0.8797021276595742,0.20809999999999973,0.0,1090.865448714497,0.13620791988201064,0.6330738451486969,0.30144627146386854,0.22179319999999997,0.5706798370090483
0.8802021276595742,0.20855624999999955,0.0,1087.2509631332728,0.1354439582696351,0.6333319061255575,0.29932543860861643,0.22181236249999997,0.5712835106329177
0.8807021276595741,0.20902499999999957,0.0,1083.5909093712987,0.1346842807336857,0.6335963561647543,0.2972184805305502,0.22183204999999998,0.5719016893630562
0.8812021276595741,0.20950624999999956,0.0,1079.8890683191755,0.1339288638137354,0.6338671444009008,0.29512534746414887,0.22185226249999998,0.572534222100922
0.881702127659574,0.2099999999999993,0.0,1076.149200112873,0.13317768404935715,0.6341442199686101,0.29304598795694387,0.22187299999999996,0.5731809573266049
0.882202127659574,0.21050624999999923,0.0,1072.3750433808925,0.1324307179801239,0.6344275320024957,0.2909803489146077,0.22189426249999997,0.5738417431193039
0.8827021276595739,0.21102499999999913,0.0,1068.5703145486118,0.1316879421456086,0.6347170296371707,0.2889283756454917,0.22191604999999995,0.5745164271776415
0.8832021276595738,0.211556249999999,0.0,1064.7387072003403,0.13094933308538428,0.6350126620072483,0.2868900119046426,0.22193836249999996,0.5752048568398113
0.8837021276595738,0.21209999999999885,0.0,1060.8838914981652,0.13021486733902382,0.6353143782473419,0.2848651999372743,0.22196119999999994,0.5759068791035626
0.8842021276595737,0.21265624999999866,0.0,1057.009513658921,0.1294845214461002,0.6356221274920648,0.2828538805216768,0.22198456249999993,0.576622340646017
0.8847021276595737,0.21322499999999867,0.0,1053.1182078983445,0.12875827196302975,0.6359358733279368,0.28085600414191964,0.22200844999999994,0.5773511213983034
0.8852021276595736,0.21380624999999842,0.0,1049.2102218070422,0.12803609595708776,0.6362556140747364,0.27887154777639783,0.22203286249999993,0.5780931814663677
0.8857021276595736,0.21439999999999837,0.0,1045.293932107475,0.12731797076109683,0.6365812286492695,0.276900396506616,0.22205779999999992,0.5788482035393031
0.8862021276595735,0.2150062499999983,0.0,1041.3683001544234,0.12660387371749984,0.6369127336223708,0.2749425392073664,0.22208326249999993,0.5796161893954737
0.8867021276595735,0.21562499999999818,0.0,1037.4434334617042,0.12589378221059974,0.6372499813599994,0.27299783912449077,0.22210924999999992,0.5803967601297171
0.8872021276595734,0.21625624999999804,0.0,1033.5001118230616,0.1251876737002499,0.6375932563314326,0.27106648348731377,0.22213576249999992,0.5811905361720194
0.8877021276595733,0.21689903216481676,0.0,1029.5302811612846,0.12448552591715696,0.6379422428404138,0.26914820711314935,0.2221627593509223,0.5819967489814097
0.8882021276595733,0.2175441132340863,0.0,1025.2928321934353,0.12378731665357579,0.63829634956608,0.2672425432069627,0.2221898527558316,0.5828139963736498
0.8887021276595732,0.21818919430335604,0.0,1020.766387859485,0.12309302386800108,0.6386548813675366,0.2653489554840969,0.22221694616074095,0.5836406417107491
0.8892021276595732,0.21883427537262556,0.0,1016.0236225749347,0.12240262543062462,0.6390167849738506,0.2634666524926016,0.22224403956565025,0.5844742298130894
0.8897021276595731,0.2194793564418953,0.0,1011.1129726747481,0.12171609945890548,0.6393813606486405,0.26159511537411045,0.2222711329705596,0.5853131280369073
0.8902021276595731,0.22012443751116506,0.0,1006.0646457814275,0.12103342440331301,0.6397481756170845,0.2597340289008751,0.22229822637546892,0.586156323433613
0.890702127659573,0.2207695185804346,0.0,1000.9085978521744,0.12035457871431658,0.6401167971043606,0.2578830824735042,0.22232531978037826,0.5870028069948217
0.891202127659573,0.22141459964970434,0.0,995.6745137684348,0.11967954084238555,0.6404867923356472,0.2560419701667468,0.2223524131852876,0.5878515737081886
0.8917021276595729,0.22205968071897386,0.0,990.3838306628797,0.11900828956189594,0.6408578486726335,0.25421047787299017,0.2223795065901969,0.588701897767701
0.8922021276595729,0.2227047617882436,0.0,985.0563736055166,0.11834080315684979,0.6412296746625475,0.2523884080772539,0.22240659999510623,0.5895531047744214
0.8927021276595728,0.22334984285751314,0.0,979.7007983734155,0.11767706073032615,0.6416021452326814,0.2505756865897214,0.22243369340001554,0.5904049033743114
0.8932021276595727,0.22399492392678289,0.0,974.3247481116792,0.1170170414533664,0.641975149394909,0.24877224973372394,0.22246078680492487,0.591257035552303
0.8937021276595727,0.22464000499605263,0.0,968.9357877534305,0.11636072449701197,0.6423485761611039,0.2469780340066852,0.2224878802098342,0.592109244343145
0.8942021276595726,0.22528508606532216,0.0,963.5414028432829,0.11570808903230426,0.6427223145431398,0.24519297609649873,0.2225149736147435,0.5929612738347859
0.8947021276595726,0.2259301671345919,0.0,958.1474821401365,0.11505911475209506,0.6430962768183544,0.24341703069900048,0.22254206701965284,0.593812922127166
0.8952021276595725,0.22657524820386143,0.0,952.7587226037174,0.11441378051528676,0.6434703926175008,0.24165016176892837,0.22256916042456218,0.5946640276137787
0.8957021276595725,0.22722032927313118,0.0,947.3784569694665,0.11377206549450163,0.6438446118255376,0.23989234780936294,0.2225962538294715,0.5955144753644708
0.8962021276595724,0.22786541034240093,0.0,942.0080781842963,0.11313394977123772,0.6442189137722699,0.23814358967110982,0.22262334723438082,0.5963642177379354
0.8967021276595724,0.22851049141167046,0.0,936.648964038557,0.11249941342699316,0.6445932777875027,0.23640388714698415,0.22265044063929015,0.5972132072900791
0.8972021276595723,0.2291555724809402,0.0,931.3024771328724,0.11186843654326599,0.644967683201041,0.23467323898176776,0.2226775340441995,0.5980613967741188
0.8977021276595722,0.22980065355020973,0.0,925.9699648543556,0.11124099920155435,0.64534210934269,0.23295164288234685,0.2227046274491088,0.598908739140649
0.8982021276595722,0.23044573461947948,0.0,920.6527593625257,0.11061708148335629,0.6457165355422545,0.23123909552800037,0.22273172085401813,0.599755187537683
0.8987021276595721,0.231090815688749,0.0,915.3521775843344,0.10999666347016993,0.6460909411295398,0.22953559258086179,0.22275881425892746,0.6006006953106668
0.8992021276595721,0.23173589675801876,0.0,910.0690437509219,0.10937972758329625,0.6464653129504857,0.22784114103945435,0.22278590766383677,0.601445232948986
0.899702127659572,0.2323809778272885,0.0,904.8039042767118,0.1087662525137948,0.6468396420841788,0.22615573783629,0.2228130010687461,0.6022887806019421
0.900202127659572,0.23302605889655803,0.0,899.5574693035779,0.10815621643254729,0.6472139169135447,0.22447937533793147,0.22284009447365544,0.603131312437872
0.9007021276595719,0.23367113996582778,0.0,894.3300126243647,0.10754960075936083,0.6475881326151052,0.22281205945799895,0.22286718787856477,0.6039728180047554
0.9012021276595719,0.2343162210350973,0.0,889.121804508145,0.10694638691404255,0.6479622843653823,0.22115379491621806,0.22289428128347408,0.6048132868965562
0.9017021276595718,0.23496130210436705,0.0,883.9331117069513,0.1063465563163996,0.6483363673408981,0.21950458524838268,0.2229213746883834,0.6056527087532022
0.9022021276595718,0.23560638317363658,0.0,878.7641974626474,0.10575009038623907,0.6487103767181743,0.21786443281658538,0.22294846809329272,0.6064910732605645
0.9027021276595717,0.23625146424290633,0.0,873.6153215147287,0.10515697054336813,0.6490843076737332,0.21623333881965676,0.22297556149820205,0.6073283701504364
0.9032021276595716,0.23689654531217608,0.0,868.4867401083206,0.10456717820759388,0.6494581553840966,0.21461130330386002,0.22300265490311139,0.6081645892005096
0.9037021276595716,0.2375416263814456,0.0,863.3787060029164,0.10398069479872346,0.6498319150257863,0.21299832517378084,0.22302974830802072,0.6089997202343491
0.9042021276595715,0.23818670745071535,0.0,858.2914684814625,0.103397501736564,0.6502055817753245,0.21139440220344946,0.22305684171293003,0.6098337531213673
0.9047021276595715,0.23883178851998488,0.0,853.2252733601471,0.10281758044092261,0.6505791508092331,0.20979953104765664,0.22308393511783936,0.6106666777767964
0.9052021276595714,0.23947686958925463,0.0,848.1803629984252,0.10224091233160644,0.650952617304034,0.20821370725348437,0.2231110285227487,0.6114984841616578
0.9057021276595714,0.24012195065852437,0.0,843.1569763098926,0.1016674788284226,0.6513259764362491,0.20663692527200614,0.22313812192765803,0.6123291622827325
0.9062021276595713,0.2407670317277939,0.0,838.1553487733632,0.10109726135117825,0.6516992233824006,0.2050691784702005,0.22316521533256733,0.6131587021925291
0.9067021276595713,0.24141211279706365,0.0,833.1749867721941,0.10053026928674452,0.6520723652577883,0.2035105544486408,0.22319230873747667,0.6139871204805171
0.9072021276595712,0.24205719386633318,0.0,828.2168002793198,0.0999664539826688,0.6524453861032581,0.20196094285883562,0.22321940214238598,0.6148143825225978
0.9077021276595711,0.24270227493560292,0.0,823.2810300907454,0.09940579229470611,0.6528182808450358,0.20042031936428542,0.2232464955472953,0.6156404779483533
0.9082021276595711,0.24334735600487245,0.0,818.36774151519,0.09884826792374392,0.6531910472632506,0.19888868185228506,0.22327358895220464,0.6164654027475738
0.908702127659571,0.2439924370741422,0.0,813.4769983663742,0.09829386457066969,0.6535636831380324,0.19736602714355564,0.22330068235711398,0.6172891529308494
0.909202127659571,0.24463751814341195,0.0,808.6088629692648,0.09774256593637089,0.6539361862495103,0.19585235100303064,0.22332777576202328,0.6181117245295484
0.9097021276595709,0.24528259921268147,0.0,803.7633961667693,0.09719435572173499,0.6543085543778141,0.19434764815081804,0.22335486916693262,0.6189331135958014
0.9102021276595709,0.24592768028195122,0.0,798.9406573261283,0.09664921762764947,0.654680785303073,0.19285191227333212,0.22338196257184195,0.6197533162024799
0.9107021276595708,0.24657276135122075,0.0,794.1407043456494,0.0961071353550018,0.6550528768054168,0.19136513603459804,0.22340905597675126,0.6205723284431794
0.9112021276595708,0.2472178424204905,0.0,789.3635936616745,0.09556809260467944,0.6554248266649747,0.18988731108771242,0.2234361493816606,0.621390146432198
0.9117021276595707,0.24786292348976002,0.0,784.609380255231,0.09503207307756986,0.6557966326618763,0.18841842808646306,0.22346324278656993,0.6222067663045174
0.9122021276595706,0.24850800455902977,0.0,779.8781176592696,0.09449906047456055,0.656168292576251,0.18695847669708798,0.22349033619147923,0.6230221842157827
0.9127021276595706,0.24915308562829952,0.0,775.1698579657645,0.09396903849653897,0.6565398041882284,0.18550744561018276,0.22351742959638857,0.6238363963422817
0.9132021276595705,0.24979816669756905,0.0,770.4846518328519,0.09344199084439257,0.656911165277938,0.18406532255273794,0.2235445230012979,0.6246493988809236
0.9137021276595705,0.2504432477668388,0.0,765.8225484922722,0.09291790121900886,0.6572823736255091,0.18263209430030378,0.22357161640620724,0.6254611880492184
0.9142021276595704,0.2510883288361083,0.0,761.1835957568151,0.09239675332127528,0.6576534270110713,0.1812077466892806,0.22359870981111654,0.6262717600852555
0.9147021276595704,0.25173340990537807,0.0,756.5678400279442,0.09187853085207931,0.6580243232147542,0.1797922646293177,0.22362580321602588,0.6270811112476822
0.9152021276595703,0.2523784909746478,0.0,751.9753263033568,0.09136321751230843,0.6583950600166871,0.17838563211582967,0.2236528966209352,0.62788923781568
0.9157021276595703,0.25302357204391734,0.0,747.4060981848617,0.09085079700285009,0.6587656351969995,0.17698783224260317,0.22367999002584452,0.6286961360889438
0.9162021276595702,0.2536686531131871,0.0,742.8601978862957,0.09034125302459178,0.659136046535821,0.17559884721451444,0.22370708343075385,0.6295018023876595
0.9167021276595702,0.2543137341824566,0.0,738.3376662414651,0.08983456927842097,0.6595062918132809,0.17421865836032613,0.22373417683566316,0.6303062330524789
0.9172021276595701,0.25495881525172637,0.0,733.8385427122976,0.0893307294652251,0.6598763688095088,0.17284724614556815,0.2237612702405725,0.6311094244444986
0.91770212765957,0.2556038963209959,0.0,729.362865397105,0.08882971728589169,0.6602462753046343,0.17148459018550855,0.22378836364548182,0.6319113729452349
0.91820212765957,0.25624897739026564,0.0,724.9106710388518,0.08833151644130818,0.6606160090787867,0.170130669258183,0.22381545705039116,0.6327120749566002
0.9187021276595699,0.2568940584595354,0.0,720.4819950336522,0.08783611063236203,0.6609855679120955,0.16878546131749253,0.2238425504553005,0.6335115269008789
0.9192021276595699,0.2575391395288049,0.0,716.0768714392422,0.08734348355994075,0.6613549495846902,0.16744894350637593,0.2238696438602098,0.6343097252207025
0.9197021276595698,0.25818422059807467,0.0,711.6953329838625,0.08685361892493176,0.6617241518767003,0.1661210921700157,0.22389673726511913,0.6351066663790251
0.9202021276595698,0.2588293016673442,0.0,707.3374110747136,0.08636650042822258,0.6620931725682554,0.1648018828691121,0.22392383067002844,0.6359023468590982
0.9207021276595697,0.25947438273661394,0.0,703.0031358071409,0.08588211177070065,0.6624620094394847,0.16349129039318652,0.22395092407493777,0.6366967631644436
0.9212021276595697,0.26011946380588347,0.0,698.6918765448895,0.08540046007145183,0.6628306721176209,0.1621893670312475,0.2239780174798471,0.637489937293829
0.9217021276595696,0.2607645448751532,0.0,694.403714878025,0.08492151596729826,0.6631991575175564,0.1608960449880999,0.22400511088475644,0.6382818638492227
0.9222021276595695,0.26140962594442296,0.0,690.1389322755518,0.08444524902802071,0.6635674589066062,0.15961125082458938,0.22403220428966575,0.6390725296347
0.9227021276595695,0.2620547070136925,0.0,685.8974068717847,0.08397164553682016,0.6639355767861995,0.15833496563162272,0.22405929769457508,0.6398619370216059
0.9232021276595694,0.26269978808296224,0.0,681.6790173668769,0.08350069177689759,0.6643035116577658,0.15706716972372464,0.22408639109948442,0.6406500883759318
0.9237021276595694,0.26334486915223176,0.0,677.4836430248338,0.08303237403145398,0.6646712640227346,0.15580784265086825,0.22411348450439372,0.6414369860583209
0.9242021276595693,0.2639899502215015,0.0,673.3111636715618,0.08256667858369032,0.6650388343825352,0.15455696321036289,0.22414057790930306,0.6422226324240731
0.9247021276595693,0.26463503129077126,0.0,669.1614596926624,0.08210359171680758,0.665406223238597,0.15331450945878636,0.2241676713142124,0.6430070298231518
0.9252021276595692,0.2652801123600408,0.0,665.0344120315594,0.08164309971400674,0.6657734310923494,0.15208045872396622,0.2241947647191217,0.6437901806001898
0.9257021276595692,0.26592519342931054,0.0,660.9299021874339,0.08118518885848879,0.666140458445222,0.1508547876170045,0.22422185812403103,0.6445720870944944
0.9262021276595691,0.26657027449858006,0.0,656.8478122131985,0.0807298454334547,0.666507305798644,0.14963747204433056,0.22424895152894037,0.6453527516400539
0.926702127659569,0.2672153555678498,0.0,652.7880247135106,0.08027705572210546,0.6668739736540449,0.14842848721978896,0.22427604493384967,0.6461321765655421
0.927202127659569,0.26786043663711934,0.0,648.7504228427895,0.07982680600764204,0.6672404625128541,0.1472278076767514,0.224303138338759,0.6469103641943263
0.9277021276595689,0.2685055177063891,0.0,644.7348903032072,0.07937908257326544,0.667606772876501,0.14603540728025183,0.22433023174366834,0.6476873168444708
0.9282021276595689,0.26915059877565883,0.0,640.7413113426703,0.07893387170217663,0.6679729052464151,0.1448512592391318,0.22435732514857767,0.6484630368287434
0.9287021276595688,0.26979567984492836,0.0,636.7695707529009,0.07849115967757658,0.6683388601240257,0.14367533611820363,0.22438441855348698,0.6492375264546217
0.9292021276595688,0.2704407609141981,0.0,632.8195538674298,0.0780509327826663,0.6687046380107622,0.142507609850417,0.22441151195839631,0.6500107880242981
0.9297021276595687,0.27108584198346763,0.0,628.8911465595937,0.07761317730064674,0.6690702394080541,0.14134805174902884,0.22443860536330562,0.6507828238346856
0.9302021276595687,0.2717309230527374,0.0,624.9842352406655,0.0771778795147189,0.6694356648173309,0.1401966325197697,0.22446569876821496,0.6515536361774235
0.9307021276595686,0.27237600412200713,0.0,621.0987068577524,0.07674502570808375,0.6698009147400217,0.13905332227300654,0.2244927921731243,0.6523232273388826
0.9312021276595686,0.27302108519127666,0.0,617.2344488919846,0.07631460216394229,0.6701659896775563,0.13791809053589557,0.22451988557803362,0.6530915996001725
0.9317021276595685,0.2736661662605464,0.0,613.391349356457,0.07588659516549547,0.6705308901313637,0.1367909062645142,0.22454697898294293,0.6538587552371443
0.9322021276595684,0.27431124732981593,0.0,609.5692967943648,0.07546099099594429,0.6708956166028737,0.1356717378559848,0.22457407238785226,0.6546246965203995
0.9327021276595684,0.2749563283990857,0.0,605.7681802770503,0.07503777593848973,0.6712601695935154,0.13456055316056545,0.2246011657927616,0.6553894257152926
0.9332021276595683,0.2756014094683552,0.0,601.9878894019946,0.07461693627633278,0.6716245496047184,0.13345731949372208,0.2246282591976709,0.6561529450819387
0.9337021276595683,0.27624649053762496,0.0,598.2283142910152,0.07419845829267441,0.6719887571379121,0.13236200364816744,0.22465535260258024,0.6569152568752181
0.9342021276595682,0.2768915716068947,0.0,594.4893455882533,0.07378232827071558,0.6723527926945259,0.13127457190586708,0.22468244600748957,0.6576763633447821
0.9347021276595682,0.27753665267616423,0.0,590.7708744582894,0.07336853249365732,0.6727166567759891,0.13019499005000443,0.22470953941239888,0.6584362667350584
0.9352021276595681,0.278181733745434,0.0,587.0727925842504,0.07295705724470057,0.6730803498837313,0.1291232233769125,0.2247366328173082,0.6591949692852567
0.9357021276595681,0.2788268148147035,0.0,583.3949921658893,0.07254788880704632,0.6734438725191818,0.12805923670795596,0.22476372622221755,0.6599524732293738
0.936202127659568,0.27947189588397325,0.0,579.737365917658,0.07214101346389556,0.67380722518377,0.12700299440136537,0.22479081962712688,0.6607087807961999
0.936702127659568,0.2801169769532428,0.0,576.0998070668754,0.07173641749844928,0.6741704083789254,0.1259544603640258,0.2248179130320362,0.6614638942093232
0.9372021276595679,0.28076205802251253,0.0,572.4821876704851,0.07133411545828172,0.674533423036398,0.12491368147837445,0.22484500643694552,0.6622178165803435
0.9377021276595678,0.2814071390917823,0.0,568.8839479566892,0.07093406383978612,0.6748962787013008,0.12388053632806743,0.22487209984185486,0.6629705688703371
0.9382021276595678,0.2820522201610518,0.0,565.3049504253352,0.07053624901369701,0.6752589766090963,0.12285498801587348,0.22489919324676416,0.6637221547418002
0.9387021276595677,0.28269730123032155,0.0,561.7450723768806,0.07014065948176422,0.6756215177177011,0.12183700536349436,0.2249262866516735,0.6644725772711488
0.9392021276595677,0.2833423822995911,0.0,558.2041918809304,0.06974728374573758,0.6759839029850311,0.12082655674567375,0.22495338005658283,0.6652218395254663
0.9397021276595676,0.2839874633688608,0.0,554.6821877729467,0.06935611030736691,0.6763461333690025,0.11982361010058779,0.22498047346149214,0.6659699445625143
0.9402021276595676,0.2846325444381306,0.0,551.1789396510534,0.06896712766840205,0.6767082098275315,0.11882813294019469,0.22500756686640147,0.6667168954307419
0.9407021276595675,0.2852776255074001,0.0,547.6943278725922,0.06858032433059282,0.6770701333185344,0.11784009236054462,0.2250346602713108,0.6674626951692948
0.9412021276595675,0.28592270657666985,0.0,544.2282335509402,0.06819568879568905,0.6774319047999272,0.11685945505204498,0.22506175367622014,0.6682073468080254
0.9417021276595674,0.2865677876459394,0.0,540.7805385522986,0.06781320956544055,0.6777935252296261,0.11588618730968316,0.22508884708112945,0.6689508533675013
0.9422021276595673,0.2872128687152091,0.0,537.3511254924313,0.0674328751415972,0.6781549955655474,0.11492025504319975,0.22511594048603878,0.6696932178590153
0.9427021276595673,0.28785794978447865,0.0,533.9398777334814,0.06705467402590877,0.6785163167656071,0.11396162378720966,0.22514303389094809,0.6704344432845935
0.9432021276595672,0.2885030308537484,0.0,530.5466793808225,0.0666785947201251,0.6788774897877214,0.11301025871127286,0.22517012729585742,0.671174532637006
0.9437021276595672,0.28914811192301815,0.0,527.1714152798295,0.06630462572599606,0.6792385155898066,0.11206612462990595,0.22519722070076675,0.6719134888997745
0.9442021276595671,0.2897931929922877,0.0,523.8139710127988,0.06593275554527143,0.679599395129779,0.11112918601253884,0.2252243141056761,0.6726513150471827
0.9447021276595671,0.2904382740615574,0.0,520.4742328958181,0.06556297267970106,0.6799601293655543,0.11019940699341023,0.2252514075105854,0.6733880140442834
0.945202127659567,0.29108335513082695,0.0,517.1520879756698,0.06519526563103477,0.6803207192550491,0.10927675138139946,0.22527850091549473,0.6741235888469097
0.945702127659567,0.2917284362000967,0.0,513.847424026798,0.06482962290102239,0.6806811657561793,0.10836118266979604,0.22530559432040406,0.6748580424016817
0.9462021276595669,0.2923735172693662,0.0,510.56012954811,0.06446603299141375,0.6810414698268613,0.10745266404599756,0.22533268772531337,0.6755913776460172
0.9467021276595668,0.29301859833863597,0.0,507.2900937601557,0.06410448440395868,0.6814016324250112,0.10655115840114784,0.2253597811302227,0.6763235975081388
0.9472021276595668,0.2936636794079057,0.0,504.03720660191266,0.06374496564040699,0.6817616545085451,0.1056566283396962,0.22538687453513204,0.6770547049070835
0.9477021276595667,0.29430876047717525,0.0,500.8013587279059,0.06338746520250853,0.6821215370353793,0.10476903618888753,0.22541396794004134,0.6777847027527113
0.9482021276595667,0.294953841546445,0.0,497.58244150521955,0.06303197159201313,0.6824812809634297,0.10388834400817892,0.22544106134495068,0.678513593945713
0.9487021276595666,0.2955989226157145,0.0,494.38034701055585,0.0626784733106706,0.6828408872506128,0.10301451359858027,0.22546815474986,0.6792413813776195
0.9492021276595666,0.29624400368498427,0.0,491.1949680271633,0.06232695886023077,0.6832003568548446,0.10214750651191773,0.22549524815476935,0.6799680679308107
0.9497021276595665,0.296889084754254,0.0,488.0261980421463,0.061977416742443475,0.6835596907340413,0.10128728406001454,0.22552234155967865,0.6806936564785218
0.9502021276595665,0.29753416582352354,0.0,484.87393124343276,0.06162983545905855,0.6839188898461191,0.10043380732379915,0.22554943496458799,0.6814181498848542
0.9507021276595664,0.2981792468927933,0.0,481.7380625169022,0.06128420351182581,0.6842779551489943,0.09958703716232215,0.22557652836949732,0.6821415510047817
0.9512021276595664,0.2988243279620628,0.0,478.61848744356126,0.06094050940249509,0.6846368876005828,0.09874693422169799,0.22560362177440663,0.6828638626841601
0.9517021276595663,0.29946940903133257,0.0,475.5151022967674,0.060598741632816214,0.684995688158801,0.09791345894395871,0.22563071517931596,0.6835850877597343
0.9522021276595662,0.3001144901006021,0.0,472.4278040393065,0.06025888870453901,0.6853543577815648,0.09708657157582147,0.2256578085842253,0.6843052290591469
0.9527021276595662,0.30075957116987184,0.0,469.35695008164396,0.05992095819716619,0.6857128873489386,0.09626628161442925,0.2256849019891346,0.6850242692010813
0.9532021276595661,0.3014046522391416,0.0,466.30206701358514,0.05958492204013065,0.6860712858951404,0.09545250557026261,0.22571199539404393,0.6857422272336395
0.9537021276595661,0.3020497333084111,0.0,463.2629758845383,0.05925076485082344,0.6864295560787926,0.09464519298670582,0.22573908879895327,0.6864591093719928
0.954202127659566,0.30269481437768087,0.0,460.2396330479604,0.05891847696137804,0.686787697600853,0.09384430806837762,0.22576618220386258,0.6871749158986776
0.954702127659566,0.3033398954469504,0.0,457.231994790074,0.058588048703927934,0.6871457101622793,0.09304981483028908,0.2257932756087719,0.6878896470986462
0.9552021276595659,0.30398497651622014,0.0,454.24001733067996,0.05825947041060659,0.6875035934640292,0.09226167710536541,0.22582036901368124,0.6886033032592643
0.9557021276595659,0.30463005758548967,0.0,451.26365682396107,0.05793273241354749,0.6878613472070607,0.0914798585518985,0.22584746241859055,0.689315884670309
0.9562021276595658,0.3052751386547594,0.0,448.30286935952677,0.0576078250448841,0.6882189710923313,0.09070432266092684,0.22587455582349988,0.6900273916239652
0.9567021276595657,0.30592021972402916,0.0,445.3576109630726,0.057284738636749905,0.688576464820799,0.08993503276354768,0.22590164922840922,0.6907378244148246
0.9572021276595657,0.3065653007932987,0.0,442.42783759729633,0.056963463521278374,0.6889338280934214,0.08917195203815394,0.22592874263331852,0.6914471833398816
0.9577021276595656,0.30721038186256844,0.0,439.5135051629072,0.05664399003060299,0.6892910606111562,0.08841504351760066,0.22595583603822786,0.6921554686985325
0.9582021276595656,0.30785546293183796,0.0,436.6145694992405,0.05632630849685723,0.6896481620749614,0.087664270096298,0.2259829294431372,0.692862680792572
0.9587021276595655,0.3085005440011077,0.0,433.7309863853368,0.056010409252174556,0.6900051321857945,0.08691959453722663,0.22601002284804653,0.6935688199261902
0.9592021276595655,0.30914562507037746,0.0,430.86271154069345,0.05569628262868846,0.6903619706446135,0.0861809794788806,0.22603711625295586,0.6942738864059719
0.9597021276595654,0.309790706139647,0.0,428.0097006262023,0.055383918958532403,0.6907186771523759,0.08544838744213511,0.22606420965786517,0.6949778805408919
0.9602021276595654,0.31043578720891674,0.0,425.17190924499664,0.05507330857383988,0.6910752514100397,0.08472178083703509,0.2260913030627745,0.6956808026423145
0.9607021276595653,0.31108086827818626,0.0,422.34929294330163,0.05476444180674435,0.6914316931185626,0.08400112196950801,0.2261183964676838,0.6963826530239894
0.9612021276595653,0.311725949347456,0.0,419.541807211377,0.05445730898937929,0.6917880019789022,0.08328637304799925,0.22614548987259314,0.6970834320020498
0.9617021276595652,0.31237103041672576,0.0,416.74940748433164,0.05415190045387818,0.6921441776920164,0.08257749619002937,0.22617258327750248,0.6977831398950103
0.9622021276595651,0.3130161114859953,0.0,413.9720491430193,0.0538482065323745,0.692500219958863,0.08187445342867115,0.2261996766824118,0.6984817770237639
0.9627021276595651,0.31366119255526503,0.0,411.2096875149346,0.053546217557001716,0.6928561284803998,0.08117720671895036,0.22622677008732112,0.6991793437115795
0.963202127659565,0.31430627362453456,0.0,408.4622778751756,0.05324592385989331,0.6932119029575844,0.08048571794416376,0.22625386349223045,0.6998758402840988
0.963702127659565,0.3149513546938043,0.0,405.7297754471272,0.05294731577318276,0.6935675430913747,0.07979994892212036,0.22628095689713978,0.7005712670693351
0.9642021276595649,0.31559643576307383,0.0,403.0121354035933,0.05265038362900354,0.6939230485827282,0.07911986141130042,0.2263080503020491,0.7012656243976693
0.9647021276595649,0.3162415168323436,0.0,400.30931286749745,0.052355117759489124,0.6942784191326031,0.07844541711693621,0.22633514370695842,0.7019589126018486
0.9652021276595648,0.31688659790161333,0.0,397.6212629129161,0.05206150849677299,0.6946336544419568,0.07777657769700905,0.22636223711186776,0.7026511320169826
0.9657021276595648,0.31753167897088286,0.0,394.94794056583555,0.05176954617298861,0.6949887542117472,0.07711330476816863,0.22638933051677707,0.7033422829805422
0.9662021276595647,0.3181767600401526,0.0,392.2893008052003,0.05147922112026946,0.695343718142932,0.07645555991157063,0.2264164239216864,0.7040323658323557
0.9667021276595646,0.31882184110942213,0.0,389.6452985636877,0.05119052367074902,0.6956985459364691,0.07580330467863233,0.22644351732659573,0.7047213809146071
0.9672021276595646,0.3194669221786919,0.0,387.0158887286592,0.050903444156560756,0.6960532372933161,0.07515650059670856,0.22647061073150504,0.705409328571833
0.9677021276595645,0.3201120032479614,0.0,384.40109231489896,0.050617978168277254,0.6964077903116728,0.07451512216827642,0.22649770413641437,0.7060962060477001
0.9682021276595645,0.32075708431723116,0.0,381.80112118208365,0.05033413092916176,0.6967621984286876,0.07387916706684325,0.2265247975413237,0.7067820015886396
0.9687021276595644,0.3214021653865009,0.0,379.21568633390063,0.05005186925173091,0.6971164672092522,0.0732485382740903,0.22655189094623304,0.7074667269266455
0.9692021276595644,0.32204724645577043,0.0,376.64476861740104,0.04977118507655388,0.6974705956946372,0.07262320126372412,0.22657898435114235,0.708150381156385
0.9697021276595643,0.3226923275250402,0.0,374.08834847603345,0.04949207034419979,0.6978245829261128,0.07200312147072307,0.22660607775605168,0.708832963380811
0.9702021276595643,0.3233374085943097,0.0,371.546405952526,0.049214516995237795,0.6981784279449496,0.07138826429623772,0.226633171160961,0.7095144727111543
0.9707021276595642,0.32398248966357945,0.0,369.01892069199715,0.048938516970237045,0.6985321297924179,0.07077859511242335,0.22666026456587032,0.7101949082669146
0.9712021276595642,0.324627570732849,0.0,366.50587194496353,0.048664062209766684,0.6988856875097881,0.07017407926721,0.22668735797077966,0.7108742691758514
0.9717021276595641,0.32527265180211873,0.0,364.00723857033415,0.04839114465439586,0.6992391001383308,0.0695746820890058,0.226714451375689,0.7115525545739764
0.972202127659564,0.3259177328713885,0.0,361.5229990385441,0.04811975624469371,0.6995923667193162,0.0689803688913371,0.2267415447805983,0.7122297636055428
0.972702127659564,0.326562813940658,0.0,359.0531314346965,0.04784988892122939,0.6999454862940149,0.06839110497742311,0.22676863818550763,0.7129058954230383
0.9732021276595639,0.32720789500992775,0.0,356.597613461534,0.04758153462457205,0.7002984579036973,0.06780685564468543,0.22679573159041697,0.713580949187175
0.9737021276595639,0.3278529760791973,0.0,354.1564224427048,0.04731468529529082,0.7006512805896338,0.06722758618919143,0.22682282499532627,0.7142549240668808
0.9742021276595638,0.328498057148467,0.0,351.72953532588235,0.04704933287395486,0.7010039533930947,0.06665326191003525,0.2268499184002356,0.71492781923929
0.9747021276595638,0.32914313821773655,0.0,349.3169286858936,0.04678546930113331,0.7013564753553506,0.06608384811365163,0.22687701180514494,0.7155996338897344
0.9752021276595637,0.3297882192870063,0.0,346.9185787279277,0.04652308651739532,0.701708845517672,0.06551931011806528,0.22690410521005425,0.7162703672117345
0.9757021276595637,0.33043330035627605,0.0,344.53446129088127,0.04626217646331003,0.7020610629213291,0.06495961325707571,0.22693119861496358,0.7169400184069892
0.9762021276595636,0.3310783814255456,0.0,342.1645518503841,0.0460027310794466,0.7024131266075924,0.06440472288437675,0.22695829201987291,0.7176085866853672
0.9767021276595635,0.3317234624948153,0.0,339.8088255222089,0.04574474230637416,0.7027650356177324,0.0638546043776123,0.22698538542478225,0.7182760712648983
0.9772021276595635,0.33236854356408485,0.0,337.46725706546766,0.045488202084661866,0.7031167889930194,0.0633092231423658,0.22701247882969156,0.7189424713717623
0.9777021276595634,0.3330136246333546,0.0,335.1398208860017,0.04523310235487886,0.7034683857747239,0.06276854461608863,0.2270395722346009,0.7196077862402808
0.9782021276595634,0.33365870570262435,0.0,332.8264910396081,0.04497943505759429,0.7038198250041164,0.06223253427195877,0.22706666563951022,0.7202720151129075
0.9787021276595633,0.3343037867718939,0.0,330.5272412353901,0.0447271921333773,0.7041711057224672,0.0617011576226822,0.22709375904441953,0.7209351572402178
0.9792021276595633,0.3349488678411636,0.0,328.24204483919664,0.044476365522797046,0.7045222269710467,0.061174380224225104,0.22712085244932886,0.7215972118809004
0.9797021276595632,0.33559394891043315,0.0,325.9708748768986,0.044226947166422656,0.7048731877911255,0.06065216767948535,0.2271479458542382,0.7222581783017465
0.9802021276595632,0.3362390299797029,0.0,323.71370403784636,0.043978929004823294,0.705223987223974,0.06013448564189897,0.2271750392591475,0.7229180557776407
0.9807021276595631,0.33688411104897265,0.0,321.4705046782782,0.043732302978568095,0.7055746243108624,0.05962129981898609,0.22720213266405684,0.7235768435915503
0.981202127659563,0.33752919211824217,0.0,319.24124882476156,0.043487061028226213,0.7059250980930614,0.059112575975830486,0.22722922606896617,0.7242345410345167
0.981702127659563,0.3381742731875119,0.0,317.02590817767634,0.04324319509436678,0.7062754076118412,0.05860827993850074,0.2272563194738755,0.724891147405644
0.9822021276595629,0.33881935425678145,0.0,314.8244541146289,0.04300069711755897,0.7066255519084723,0.05810837759740618,0.2272834128787848,0.7255466620120903
0.9827021276595629,0.3394644353260512,0.0,312.63685769404356,0.0427595590383719,0.7069755300242252,0.05761283491059319,0.22731050628369415,0.7262010841690569
0.9832021276595628,0.3401095163953207,0.0,310.4630896585959,0.04251977279737473,0.7073253410003703,0.05712161790697759,0.22733759968860345,0.7268544131997783
0.9837021276595628,0.34075459746459047,0.0,308.30312043884385,0.042281330335136605,0.707674983878178,0.056634692689520136,0.2273646930935128,0.7275066484355117
0.9842021276595627,0.3413996785338602,0.0,306.15692015672437,0.042044223592226676,0.7080244576989186,0.05615202543833573,0.22739178649842212,0.7281577892155277
0.9847021276595627,0.34204475960312974,0.0,304.0244529740375,0.04180846049968625,0.7083737616578821,0.055673619084292615,0.22741887990333143,0.7288078351735532
0.9852021276595626,0.3426898406723995,0.0,301.90567783873485,0.041574024170529376,0.7087228950867769,0.05519941949936196,0.22744597330824076,0.7294567862033521
0.9857021276595626,0.343334921741669,0.0,299.8005572416738,0.041340897119040154,0.7090718572160362,0.05472937152377293,0.2274730667131501,0.7301046420161784
0.9862021276595625,0.34398000281093877,0.0,297.7090519075173,0.04110907271012532,0.7094206473192334,0.054263444996530366,0.22750016011805943,0.7307514024095237
0.9867021276595624,0.3446250838802083,0.0,295.631122386979,0.04087854430869164,0.7097692646699421,0.053801609804362695,0.22752725352296874,0.7313970671867789
0.9872021276595624,0.34527016494947804,0.0,293.5667290597078,0.04064930527964585,0.7101177085417355,0.053343835884533196,0.22755434692787807,0.7320416361572251
0.9877021276595623,0.3459152460187478,0.0,291.5158321369248,0.04042134898789472,0.7104659782081871,0.052890093227597794,0.2275814403327874,0.7326851091360269
0.9882021276595623,0.3465603270880173,0.0,289.47839166432067,0.040194668798345,0.7108140729428705,0.05244035188011868,0.2276085337376967,0.7333274859442238
0.9887021276595622,0.34720540815728707,0.0,287.454367524888,0.03996925807590342,0.7111619920193588,0.0519945819473276,0.22763562714260605,0.7339687664087216
0.9892021276595622,0.3478504892265566,0.0,285.44371944163794,0.03974511018547676,0.7115097347112256,0.05155275359573954,0.22766272054751538,0.734608950362285
0.9897021276595621,0.34849557029582634,0.0,283.4464069805312,0.03952221849197175,0.7118573002920443,0.05111483705572226,0.2276898139524247,0.7352480376435295
0.9902021276595621,0.3491406513650961,0.0,281.46238955329295,0.039300576360295165,0.7122046880353882,0.05068080262401295,0.22771690735733402,0.7358860280969125
0.990702127659562,0.3497857324343656,0.0,279.49162642026056,0.03908017715535374,0.7125518972148308,0.05025062066619269,0.22774400076224335,0.7365229215727258
0.991202127659562,0.35043081350363536,0.0,277.534076693285,0.03886101424205423,0.7128989271039456,0.04982426161910833,0.2277710941671527,0.7371587179270871
0.9917021276595619,0.3510758945729049,0.0,275.5896993385606,0.03864308098530339,0.7132457769763059,0.049401695993252136,0.227798187572062,0.7377934170219308
0.9922021276595618,0.35172097564217464,0.0,273.6584531795915,0.03842637075000797,0.7135924461054851,0.048982894375091776,0.22782528097697133,0.7384270187250017
0.9927021276595618,0.35236605671144416,0.0,271.74029690000305,0.03821087690107472,0.7139389337650567,0.048567827429355025,0.22785237438188066,0.7390595229098449
0.9932021276595617,0.3530111377807139,0.0,269.83518904655244,0.0379965928034104,0.7142852392285941,0.04815646590126769,0.22787946778678997,0.7396909294557982
0.9937021276595617,0.35365621884998366,0.0,267.94308803200516,0.03778351182192176,0.7146313617696707,0.04774878061874676,0.2279065611916993,0.7403212382479829
0.9942021276595616,0.3543012999192532,0.0,266.06395213808577,0.03757162732151554,0.7149773006618598,0.04734474249454728,0.22793365459660864,0.7409504491772965
0.9947021276595616,0.35494638098852294,0.0,264.1977395184094,0.03736093266709851,0.715323055178735,0.04694432252836368,0.22796074800151794,0.7415785621404032
0.9952021276595615,0.35559146205779246,0.0,262.3444082015069,0.03715142122357741,0.7156686245938696,0.04654749180888781,0.22798784140642728,0.7422055770397262
0.9957021276595615,0.3562365431270622,0.0,260.50391609370826,0.036943086355858995,0.716014008180837,0.04615422151582156,0.2280149348113366,0.7428314937834386
0.9962021276595614,0.35688162419633174,0.0,258.67622098222154,0.03673592142885002,0.7163592052132107,0.04576448292184397,0.22804202821624592,0.7434563122854544
0.9967021276595613,0.3575267052656015,0.0,256.86128053807045,0.036529919807457234,0.7167042149645642,0.04537824739453867,0.22806912162115525,0.7440800324654213
0.9972021276595613,0.35817178633487123,0.0,255.05905231914554,0.03632507485658739,0.7170490367084706,0.04499548639827268,0.22809621502606459,0.7447026542487105
0.9977021276595612,0.35881686740414076,0.0,253.2694937731858,0.036121379941147246,0.7173936697185036,0.044616171496036916,0.2281233084309739,0.7453241775664088
0.9982021276595612,0.3594619484734105,0.0,251.49256224084283,0.03591882842604354,0.7177381132682364,0.0442402743512407,0.22815040183588323,0.7459446023553096
0.9987021276595611,0.36010702954268003,0.0,249.7282149587167,0.03571741367618304,0.7180823666312427,0.0438677667294663,0.22817749524079256,0.7465639285579049
0.9992021276595611,0.3607521106119498,0.0,247.97640906239286,0.03551712905647248,0.7184264290810957,0.043498620500180066,0.2282045886457019,0.7471821561223748
0.999702127659561,0.36139719168121953,0.0,246.23710158954154,0.03531796793181863,0.7187702998913689,0.04313280763840342,0.2282316820506112,0.747799285002581
1.000202127659561,0.36204227275048906,0.0,244.5102494830274,0.03511992366712823,0.7191139783356356,0.042770300226341804,0.22825877545552054,0.7484153151580556
1.000702127659561,0.3626873538197588,0.0,242.7958095939134,0.03492298962730805,0.7194574636874693,0.0424110704549738,0.22828586886042987,0.7490302465539936
1.0012021276595608,0.36333243488902833,0.0,241.09373868462418,0.034727159177264814,0.7198007552204434,0.0420550906256001,0.22831296226533918,0.749644079161244
1.0017021276595608,0.3639775159582981,0.0,239.40399343207136,0.034532425681905295,0.7201438522081314,0.041702333151351204,0.2283400556702485,0.7502568129563003
1.0022021276595607,0.3646225970275676,0.0,237.72648099331602,0.03433879116398005,0.7204867554467717,0.041352788347646295,0.22836714907515784,0.7508684506356096
1.0027021276595607,0.36526767809683736,0.0,236.06106010943014,0.03414625465851912,0.7208294672480546,0.041006440530551795,0.22839424248006715,0.751478997586081
1.0032021276595606,0.3659127591661071,0.0,234.4077450820964,0.03395479273310292,0.7211719851389268,0.04066322802082458,0.22842133588497648,0.7520884506652843
1.0037021276595606,0.36655784023537663,0.0,232.76647774038034,0.03376439998017413,0.7215143088749089,0.04032312626601059,0.22844842928988582,0.7526968107097587
1.0042021276595605,0.3672029213046464,0.0,231.13720005328108,0.033575070992175396,0.7218564382115211,0.03998611079461591,0.22847552269479515,0.7533040785574574
1.0047021276595605,0.3678480023739159,0.0,229.51985413082295,0.03338680036154938,0.7221983729042845,0.039652157217561004,0.22850261609970446,0.7539102550477456
1.0052021276595604,0.36849308344318565,0.0,227.91438222510956,0.033199582680738755,0.7225401127087192,0.03932124122960205,0.2285297095046138,0.754515341021396
1.0057021276595604,0.3691381645124552,0.0,226.32072673132242,0.03301341254218618,0.7228816573803459,0.038993338610720185,0.2285568029095231,0.7551193373205869
1.0062021276595603,0.36978324558172493,0.0,224.73883018885394,0.03282828453833431,0.7232230066746852,0.03866842522747749,0.22858389631443243,0.7557222447888987
1.0067021276595602,0.3704283266509947,0.0,223.16863528229027,0.03264419326162581,0.7235641603472577,0.038346477034342456,0.22861098971934177,0.7563240642713116
1.0072021276595602,0.3710734077202642,0.0,221.6100848425275,0.032461133304503356,0.7239051181535838,0.03802747007498298,0.2286380831242511,0.7569247966142012
1.0077021276595601,0.37171848878953395,0.0,220.06312184781396,0.0322790992594096,0.7242458798491842,0.03771138048352834,0.2286651765291604,0.7575244426653363
1.00820212765956,0.3723635698588035,0.0,218.527689424831,0.032098085718787195,0.7245864451895794,0.037398184485799506,0.22869226993406974,0.7581230032738757
1.00870212765956,0.3730086509280732,0.0,217.0037308496917,0.031918087275078826,0.7249268139302899,0.037087858400508954,0.22871936333897908,0.7587204792903656
1.00920212765956,0.373653731997343,0.0,215.4911895490986,0.031739098520727135,0.7252669858268364,0.03678037864043055,0.2287464567438884,0.7593168715667356
1.00970212765956,0.3742988130666125,0.0,213.99000910132693,0.0315611140481748,0.7256069606347393,0.03647572171353803,0.22877355014879772,0.7599121809562962
1.0102021276595599,0.37494389413588225,0.0,212.5001332373659,0.03138412844986447,0.7259467381095193,0.03617386422411353,0.22880064355370705,0.760506408313736
1.0107021276595598,0.3755889752051518,0.0,211.02150584190488,0.031208136318238818,0.7262863180066969,0.03587478287382844,0.22882773695861636,0.7610995544951178
1.0112021276595597,0.3762340562744215,0.0,209.5540709545138,0.031033132245740502,0.7266257000817925,0.03557845446279168,0.2288548303635257,0.7616916203578761
1.0117021276595597,0.37687913734369105,0.0,208.09777277059572,0.030859110824812186,0.7269648840903269,0.0352848558905718,0.22888192376843502,0.7622826067608144
1.0122021276595596,0.3775242184129608,0.0,206.65255564252405,0.03068606664789653,0.7273038697878206,0.03499396415718781,0.22890901717334436,0.7628725145641011
1.0127021276595596,0.37816929948223055,0.0,205.21836408071653,0.0305139943074362,0.727642656929794,0.03470575636407357,0.22893611057825367,0.763461344629267
1.0132021276595595,0.3788143805515001,0.0,203.79514275471976,0.03034288839587386,0.7279812452717679,0.03442020971501345,0.228963203983163,0.7640490978192025
1.0137021276595595,0.3794594616207698,0.0,202.38283649422328,0.030172743505652168,0.7283196345692626,0.03413730151704878,0.22899029738807233,0.7646357749981537
1.0142021276595594,0.38010454269003935,0.0,200.98139029022755,0.03000355422921379,0.7286578245777988,0.03385700918135799,0.22901739079298164,0.76522137703172
1.0147021276595594,0.3807496237593091,0.0,199.59074929605177,0.029835315159001383,0.7289958150528971,0.0335793102241099,0.22904448419789097,0.765805904786851
1.0152021276595593,0.38139470482857885,0.0,198.2108588284596,0.029668020887457614,0.729333605750078,0.03330418226728888,0.2290715776028003,0.7663893591318425
1.0157021276595593,0.38203978589784837,0.0,196.8416643686969,0.029501666007025147,0.7296711964248621,0.033031603039493845,0.22909867100770961,0.7669717409363346
1.0162021276595592,0.3826848669671181,0.0,195.48311156363718,0.029336245110146642,0.7300085868327698,0.032761550376711586,0.22912576441261895,0.7675530510713074
1.0167021276595591,0.38332994803638765,0.0,194.1351462268135,0.029171752789264763,0.7303457767293219,0.03249400222306299,0.22915285781752828,0.7681332904090794
1.017202127659559,0.3839750291056574,0.0,192.79771433950486,0.02900818363682217,0.7306827658700388,0.03222893663152445,0.22917995122243762,0.7687124598233025
1.017702127659559,0.3846201101749269,0.0,191.47076205185886,0.028845532245261533,0.7310195540104409,0.03196633176462386,0.22920704462734692,0.7692905601889601
1.018202127659559,0.38526519124419667,0.0,190.1542356839802,0.028683793207025507,0.7313561409060492,0.03170616589511113,0.22923413803225626,0.7698675923823645
1.018702127659559,0.3859102723134664,0.0,188.84808172696884,0.028522961114556752,0.7316925263123838,0.031448417406604444,0.2292612314371656,0.7704435572811517
1.0192021276595589,0.38655535338273594,0.0,187.55224684406366,0.02836303056029794,0.7320287099849655,0.031193064794212345,0.2292883248420749,0.7710184557642802
1.0197021276595588,0.3872004344520057,0.0,186.26667787173503,0.02820399613669173,0.7323646916793148,0.030940086665131056,0.22931541824698423,0.7715922887120275
1.0202021276595588,0.3878455155212752,0.0,184.9913218207274,0.028045852436180782,0.7327004711509524,0.030689461739219232,0.22934251165189357,0.7721650570059858
1.0207021276595587,0.38849059659054497,0.0,183.72610321411483,0.027888599909168,0.7330360489493993,0.030441179295279647,0.22936960505680287,0.7727367628809072
1.0212021276595586,0.3891356776598145,0.0,182.4708572384708,0.027732247770735706,0.7333714287819375,0.03019524431024688,0.2293966984617122,0.7733074139356333
1.0217021276595586,0.38978075872908424,0.0,181.22558117140002,0.027576767068816645,0.7337066086983489,0.029951593890842055,0.22942379186662154,0.7738770081283984
1.0222021276595585,0.390425839798354,0.0,179.9902123748651,0.02742215347885684,0.734041588851735,0.029710209199482657,0.22945088527153085,0.7744455470009262
1.0227021276595585,0.3910709208676235,0.0,178.7646885356814,0.02726840267630232,0.7343763693951971,0.02947107148309864,0.22947797867644018,0.7750130320928674
1.0232021276595584,0.39171600193689327,0.0,177.54894766478827,0.027115510336599105,0.7347109504818365,0.029234162073767524,0.22950507208134951,0.775579464941803
1.0237021276595584,0.3923610830061628,0.0,176.34292809660604,0.026963472135193213,0.7350453322647548,0.028999462389332473,0.22953216548625882,0.7761448470832456
1.0242021276595583,0.39300616407543254,0.0,175.14656848840056,0.026812283747530672,0.7353795148970529,0.028766953933999074,0.22955925889116816,0.7767091800506408
1.0247021276595583,0.3936512451447023,0.0,173.95980781952358,0.026661940849057503,0.7357134985318324,0.028536618298912617,0.2295863522960775,0.7772724653753708
1.0252021276595582,0.3942963262139718,0.0,172.78258539079516,0.02651243911521973,0.7360472833221946,0.02830843716271735,0.2296134457009868,0.7778347045867544
1.0257021276595581,0.39494140728324156,0.0,171.61484082380386,0.026363774221463368,0.7363808694212408,0.028082392292095908,0.22964053910589613,0.7783958992120508
1.026202127659558,0.3955864883525111,0.0,170.4565140602565,0.02621594184323445,0.7367142569820724,0.02785846554229066,0.22966763251080546,0.7789560507764598
1.026702127659558,0.39623156942178084,0.0,169.30754536127108,0.026068937655978994,0.7370474461577907,0.027636638857605932,0.2296947259157148,0.7795151608031251
1.027202127659558,0.39687665049105036,0.0,168.1678753067197,0.025922757335143026,0.737380437101497,0.0274168942718926,0.2297218193206241,0.7800732308131354
1.027702127659558,0.3975217315603201,0.0,167.03744479457163,0.02577739655617256,0.7377132299662927,0.027199213909013434,0.22974891272553344,0.7806302623255267
1.0282021276595579,0.39816681262958986,0.0,165.91619504019604,0.02563285099451363,0.7380458249052791,0.026983579983292247,0.22977600613044277,0.7811862568572843
1.0287021276595578,0.3988118936988594,0.0,164.80406757567397,0.025489116325612248,0.7383782220715577,0.026769974799944012,0.22980309953535208,0.7817412159233444
1.0292021276595578,0.39945697476812914,0.0,163.70100424919153,0.025346188224914447,0.7387104216182295,0.02655838075548817,0.2298301929402614,0.7822951410365964
1.0297021276595577,0.40010205583739866,0.0,162.60694722431185,0.02520406236786624,0.7390424236983961,0.026348780338144147,0.22985728634517075,0.7828480337078846
1.0302021276595577,0.4007471369066684,0.0,161.52183897930496,0.025062734429913653,0.7393742284651588,0.026141156128210587,0.22988437975008008,0.7833998954460101
1.0307021276595576,0.40139221797593794,0.0,160.44562230650982,0.024922200086502713,0.7397058360716189,0.025935490798427042,0.2299114731549894,0.783950727757733
1.0312021276595575,0.4020372990452077,0.0,159.37824031166448,0.02478245501307944,0.7400372466708777,0.025731767114319917,0.22993856655989872,0.7845005321477739
1.0317021276595575,0.40268238011447743,0.0,158.31963641318947,0.024643494885089854,0.7403684604160365,0.02552996793453088,0.22996565996480806,0.7850493101188164
1.0322021276595574,0.40332746118374696,0.0,157.26975434155125,0.024505315377979977,0.7406994774601968,0.025330076211130054,0.22999275336971736,0.7855970631715083
1.0327021276595574,0.4039725422530167,0.0,156.22853813862582,0.02436791216719584,0.7410302979564599,0.025132074989912826,0.2300198467746267,0.7861437928044646
1.0332021276595573,0.40461762332228624,0.0,155.19593215698364,0.024231280928183455,0.741360922057927,0.02493594741068123,0.23004694017953603,0.7866895005142676
1.0337021276595573,0.405262704391556,0.0,154.17188105922307,0.024095417336388848,0.7416913499176997,0.024741676707509472,0.23007403358444534,0.7872341877954712
1.0342021276595572,0.40590778546082573,0.0,153.15632981733532,0.023960317067258048,0.742021581688879,0.02454924620899422,0.23010112698935467,0.7877778561406004
1.0347021276595572,0.40655286653009526,0.0,152.1492237120382,0.02382597579623707,0.7423516175245665,0.024358639338490074,0.230128220394264,0.7883205070401553
1.035202127659557,0.407197947599365,0.0,151.15050833204126,0.02369238919877194,0.7426814575778633,0.024169839614329686,0.2301553137991733,0.7888621419826117
1.035702127659557,0.40784302866863453,0.0,150.16012957351228,0.02355955295030868,0.7430111020018709,0.023982830650030006,0.23018240720408265,0.7894027624544235
1.036202127659557,0.4084881097379043,0.0,149.17803363927408,0.023427462726293313,0.7433405509496908,0.023797596154483323,0.23020950060899198,0.7899423699400245
1.036702127659557,0.4091331908071738,0.0,148.20416703821772,0.023296114202171862,0.743669804574424,0.023614119932134546,0.23023659401390129,0.7904809659218304
1.0372021276595569,0.40977827187644356,0.0,147.23847658463936,0.023165503053390348,0.743998863029172,0.023432385883144086,0.23026368741881062,0.7910185518802403
1.0377021276595568,0.4104233529457133,0.0,146.28090939754665,0.023035624955394796,0.7443277264670362,0.023252378003537966,0.23029078082371995,0.7915551292936394
1.0382021276595568,0.41106843401498283,0.0,145.331412900027,0.02290647558363123,0.7446563950411177,0.023074080385342904,0.23031787422862926,0.7920906996384001
1.0387021276595567,0.4117135150842526,0.0,144.389934818548,0.022778050613545663,0.7449848689045181,0.02289747721670949,0.2303449676335386,0.7926252643888845
1.0392021276595567,0.4123585961535221,0.0,143.45642318234164,0.02265034572058413,0.7453131482103387,0.022722552782020997,0.23037206103844793,0.7931588250174461
1.0397021276595566,0.41300367722279185,0.0,142.53082632270585,0.022523356580192645,0.7456412331116807,0.022549291461990608,0.23039915444335726,0.7936913829944313
1.0402021276595566,0.4136487582920616,0.0,141.61309287235935,0.022397078867817236,0.7459691237616456,0.02237767773374492,0.23042624784826657,0.7942229397881819
1.0407021276595565,0.41429383936133113,0.0,140.7031717648046,0.02227150825890392,0.7462968203133346,0.02220769617089527,0.2304533412531759,0.7947534968650368
1.0412021276595564,0.4149389204306009,0.0,139.80101223361612,0.022146640428898724,0.746624322919849,0.02203933144359747,0.23048043465808524,0.7952830556893338
1.0417021276595564,0.4155840014998704,0.0,138.90651037787794,0.02202249114420643,0.7469516338872865,0.021872598592992547,0.23050752806299454,0.7958116211979787
1.0422021276595563,0.41622908256914015,0.0,138.01958308882197,0.021899044096627983,0.747278754720988,0.021707464287165794,0.23053462146790388,0.7963391970173006
1.0427021276595563,0.4168741636384097,0.0,137.14019252970445,0.021776284117790857,0.7476056851196349,0.021543897168574317,0.2305617148728132,0.7968657838522676
1.0432021276595562,0.4175192447076794,0.0,136.26828343885418,0.021654207843918562,0.7479324254967,0.021381883779073664,0.23058880827772252,0.7973913835587478
1.0437021276595562,0.4181643257769492,0.0,135.40380092499421,0.02153281191123462,0.7482589762656567,0.021221410733314468,0.23061590168263185,0.797915997988472
1.0442021276595561,0.4188094068462187,0.0,134.54669046547946,0.021412092955962546,0.7485853378399782,0.021062464718919156,0.23064299508754119,0.7984396289890373
1.044702127659556,0.41945448791548845,0.0,133.69689790458244,0.021292047614325856,0.7489115106331373,0.02090503249664676,0.23067008849245052,0.7989622784039123
1.045202127659556,0.420099568984758,0.0,132.85436945172427,0.021172672522548064,0.7492374950586073,0.020749100900548347,0.23069718189735983,0.7994839480724426
1.045702127659556,0.4207446500540277,0.0,132.01905167979677,0.021053964316852688,0.7495632915298613,0.020594656838111916,0.23072427530226916,0.8000046398298558
1.046202127659556,0.42138973112329725,0.0,131.19089152336517,0.020935919633463248,0.7498889004603726,0.020441687290396988,0.23075136870717847,0.800524355507266
1.0467021276595558,0.422034812192567,0.0,130.36983627704095,0.020818535108603254,0.7502143222636141,0.02029017931215955,0.2307784621120878,0.8010430969316784
1.0472021276595558,0.42267989326183675,0.0,129.5558335936849,0.020701807378496223,0.750539557353059,0.02014012003196674,0.23080555551699714,0.8015608659259957
1.0477021276595557,0.4233249743311063,0.0,128.74883148272264,0.02058573307936568,0.7508646061421803,0.019991496652302577,0.23083264892190647,0.8020776643090213
1.0482021276595557,0.423970055400376,0.0,127.94877830844193,0.02047030884743513,0.7511894690444514,0.01984429644966303,0.23085974232681578,0.8025934938954655
1.0487021276595556,0.42461513646964555,0.0,127.15562278826532,0.020355531318928095,0.7515141464733452,0.019698506774642594,0.2308868357317251,0.8031083564959499
1.0492021276595556,0.4252602175389153,0.0,126.36931399109758,0.020241397130068093,0.751838638842335,0.019554115052010754,0.23091392913663444,0.803622253917012
1.0497021276595555,0.42590529860818505,0.0,125.5898013355423,0.02012790291707864,0.7521629465648938,0.019411108780780287,0.23094102254154375,0.8041351879611107
1.0502021276595555,0.42655037967745457,0.0,124.81703458829935,0.020015045316183245,0.7524870700544948,0.019269475534264897,0.23096811594645308,0.8046471604266309
1.0507021276595554,0.4271954607467243,0.0,124.05096386241732,0.019902820963605433,0.752811009724611,0.019129202960129748,0.23099520935136242,0.805158173107888
1.0512021276595553,0.42784054181599385,0.0,123.29153961559278,0.019791226495568717,0.7531347659887158,0.0189902787804318,0.23102230275627172,0.8056682277951335
1.0517021276595553,0.4284856228852636,0.0,122.538712648571,0.019680258548296612,0.7534583392602819,0.018852690791652037,0.23104939616118106,0.8061773262745592
1.0522021276595552,0.4291307039545331,0.0,121.79243410336856,0.019569913758012637,0.7537817299527828,0.018716426864719103,0.2310764895660904,0.8066854703283024
1.0527021276595552,0.42977578502380287,0.0,121.05265546163973,0.019460188760940307,0.7541049384796914,0.018581474945024764,0.2311035829709997,0.8071926617344505
1.0532021276595551,0.4304208660930726,0.0,120.3193285430391,0.01935108019330314,0.7544279652544811,0.018447823052430312,0.23113067637590903,0.8076989022670461
1.053702127659555,0.43106594716234214,0.0,119.59240550348436,0.01924258469132465,0.7547508106906247,0.01831545928126584,0.23115776978081837,0.8082041936960911
1.054202127659555,0.4317110282316119,0.0,118.87183883352662,0.019134698891228357,0.7550734752015955,0.018184371800320488,0.2311848631857277,0.8087085377875528
1.054702127659555,0.4323561093008814,0.0,118.1575813567174,0.019027419429237774,0.7553959592008666,0.01805454885282553,0.231211956590637,0.809211936303367
1.055202127659555,0.43300119037015117,0.0,117.44958622789692,0.01892074294157642,0.7557182631019111,0.01792597875642953,0.23123904999554634,0.8097143910014442
1.0557021276595548,0.4336462714394207,0.0,116.74780693158237,0.018814666064467803,0.7560403873182022,0.017798649903165594,0.23126614340045565,0.8102159036356735
1.0562021276595548,0.43429135250869044,0.0,116.05219728031867,0.01870918543413545,0.7563623322632129,0.017672550759411303,0.23129323680536498,0.8107164759559278
1.0567021276595547,0.4349364335779602,0.0,115.36271141297871,0.018604297686802874,0.7566840983504165,0.017547669865841255,0.23132033021027432,0.8112161097080683
1.0572021276595547,0.4355815146472297,0.0,114.67930379320346,0.018499999458693586,0.757005685993286,0.017423995837372388,0.23134742361518365,0.8117148066339492
1.0577021276595546,0.43622659571649947,0.0,114.00192920770299,0.018396287386031114,0.7573270956052945,0.017301517363102016,0.23137451702009298,0.8122125684714226
1.0582021276595546,0.436871676785769,0.0,113.33054276464301,0.018293158105038964,0.7576483275999153,0.017180223206239062,0.2314016104250023,0.8127093969543432
1.0587021276595545,0.43751675785503874,0.0,112.665099892028,0.018190608251940653,0.7579693823906213,0.017060102204028444,0.23142870382991163,0.8132052938125724
1.0592021276595545,0.4381618389243085,0.0,112.00555633604134,0.018088634462959705,0.7582902603908858,0.016941143267668494,0.23145579723482096,0.8137002607719841
1.0597021276595544,0.438806919993578,0.0,111.35186815945627,0.01798723337431963,0.7586109620141819,0.016823335382221798,0.23148289063973027,0.8141942995544683
1.0602021276595543,0.43945200106284776,0.0,110.70399174001679,0.017886401622243944,0.7589314876739826,0.016706667606519923,0.2315099840446396,0.8146874118779361
1.0607021276595543,0.4400970821321173,0.0,110.06188376876976,0.017786135842956165,0.7592518377837612,0.01659112907306119,0.23153707744954893,0.8151795994563251
1.0612021276595542,0.44074216320138704,0.0,109.42550124853317,0.017686432672679813,0.7595720127569906,0.01647670898790281,0.23156417085445824,0.8156708639996024
1.0617021276595542,0.44138724427065656,0.0,108.79480149222906,0.0175872887476384,0.7598920130071443,0.01636339663054644,0.23159126425936757,0.8161612072137712
1.0622021276595541,0.4420323253399263,0.0,108.16974212131296,0.017488700704055442,0.760211838947695,0.01625118135381789,0.2316183576642769,0.8166506308008732
1.062702127659554,0.44267740640919606,0.0,107.55028106413468,0.017390665178154456,0.760531490992116,0.01614005258374123,0.23164545106918621,0.8171391364589955
1.063202127659554,0.4433224874784656,0.0,106.93637655439461,0.01729317880615896,0.7608509695538805,0.016029999819406848,0.23167254447409555,0.8176267258822737
1.063702127659554,0.44396756854773534,0.0,106.32798712951872,0.01719623822429247,0.7611702750464617,0.015921012632834013,0.23169963787900488,0.8181134007608969
1.064202127659554,0.44461264961700486,0.0,105.72507162907013,0.0170998400687785,0.7614894078833325,0.015813080668827945,0.2317267312839142,0.8185991627811119
1.0647021276595539,0.4452577306862746,0.0,105.12758919317746,0.01700398097584057,0.7618083684779662,0.01570619364483157,0.23175382468882352,0.8190840136252285
1.0652021276595538,0.44590281175554436,0.0,104.535438295326,0.016908676043117094,0.7621271600754921,0.015600364269021862,0.23178091809373286,0.819567959267377
1.0657021276595537,0.4465478928248139,0.0,103.94857397101043,0.01681390689297456,0.7624457833322892,0.015495563649172539,0.23180801149864216,0.8200510017327497
1.0662021276595537,0.44719297389408363,0.0,103.36696553680888,0.01671966525502747,0.7627642382539368,0.015391775636906208,0.2318351049035515,0.8205331420560112
1.0667021276595536,0.44783805496335316,0.0,102.79057075767429,0.016625948544618505,0.7630825253959757,0.015288991215295259,0.23186219830846083,0.821014382102205
1.0672021276595536,0.4484831360326229,0.0,102.21934771904786,0.016532754177090343,0.7634006453139465,0.015187201422914274,0.23188929171337017,0.8214947237313235
1.0677021276595535,0.44912821710189244,0.0,101.65325482479582,0.016440079567785662,0.7637185985633899,0.015086397353806603,0.23191638511827947,0.8219741687983148
1.0682021276595535,0.4497732981711622,0.0,101.09225079513399,0.016347922132047145,0.7640363856998467,0.0149865701574464,0.2319434785231888,0.8224527191530883
1.0687021276595534,0.45041837924043193,0.0,100.5362946646038,0.01625627928521747,0.7643540072788574,0.014887711038694903,0.23197057192809814,0.8229303766405205
1.0692021276595534,0.45106346030970146,0.0,99.98534578000428,0.016165148442639315,0.7646714638559629,0.014789811257752732,0.23199766533300745,0.8234071431004611
1.0697021276595533,0.4517085413789712,0.0,99.43936379838156,0.016074527019655362,0.7649887559867036,0.014692862130107186,0.23202475873791678,0.8238830203677386
1.0702021276595532,0.45235362244824073,0.0,98.89830868497475,0.015984412431608287,0.7653058842266205,0.014596855026474457,0.23205185214282611,0.8243580102721669
1.0707021276595532,0.4529987035175105,0.0,98.36214071121273,0.01589480209384077,0.7656228491312541,0.014501781372737992,0.23207894554773545,0.8248321146385496
1.0712021276595531,0.45364378458678,0.0,97.83082045269256,0.01580569342169549,0.7659396512561452,0.014407632649881798,0.23210603895264476,0.825305335286687
1.071702127659553,0.45428886565604976,0.0,97.30430878717117,0.015717083830515132,0.7662562911568344,0.014314400393919447,0.2321331323575541,0.825777674031382
1.072202127659553,0.4549339467253195,0.0,96.78256689256983,0.015628970735642365,0.7665727693888624,0.014222076195818705,0.23216022576246342,0.8262491326824452
1.072702127659553,0.45557902779458903,0.0,96.26555624495481,0.015541351552419877,0.7668890865077699,0.014130651701421925,0.23218731916737273,0.8267197130447003
1.073202127659553,0.4562241088638588,0.0,95.7532386165927,0.015454223696190343,0.7672052430690977,0.014040118611362035,0.23221441257228206,0.8271894169179914
1.0737021276595529,0.4568691899331283,0.0,95.24557607392006,0.015367584582296444,0.7675212396283863,0.013950468680974677,0.23224150597719137,0.8276582460971869
1.0742021276595528,0.45751427100239805,0.0,94.74253097561842,0.015281431626080859,0.7678370767411764,0.013861693720205931,0.2322685993821007,0.8281262023721863
1.0747021276595528,0.4581593520716678,0.0,94.24406597061008,0.015195762242886266,0.7681527549630088,0.013773785593515987,0.23229569278701004,0.8285932875279253
1.0752021276595527,0.45880443314093733,0.0,93.75014399609763,0.015110573848055345,0.7684682748494241,0.01368673621977936,0.23232278619191937,0.829059503344382
1.0757021276595526,0.4594495142102071,0.0,93.26072827562881,0.015025863856930777,0.7687836369559632,0.013600537572180722,0.23234987959682868,0.8295248515965822
1.0762021276595526,0.4600945952794766,0.0,92.77578231717368,0.01494162968485524,0.7690988418381666,0.01351518167810702,0.232376973001738,0.8299893340546045
1.0767021276595525,0.46073967634874635,0.0,92.29526991111791,0.014857868747171411,0.7694138900515749,0.013430660619036257,0.23240406640664735,0.8304529524835869
1.0772021276595525,0.4613847574180159,0.0,91.81915512837831,0.014774578459221975,0.7697287821517289,0.013346966530421875,0.23243115981155665,0.8309157086437311
1.0777021276595524,0.4620298384872856,0.0,91.34740231845828,0.014691756236349605,0.7700435186941693,0.013264091601574348,0.232458253216466,0.8313776042903098
1.0782021276595524,0.4626749195565554,0.0,90.87997610754643,0.014609399493896984,0.7703581002344368,0.013182028075538692,0.23248534662137532,0.8318386411736705
1.0787021276595523,0.4633200006258249,0.0,90.41684139657997,0.01452750564720679,0.7706725273280721,0.0131007682489688,0.23251244002628463,0.8322988210392417
1.0792021276595523,0.46396508169509465,0.0,89.95796335936882,0.014446072111621702,0.7709868005306159,0.013020304471998072,0.23253953343119396,0.8327581456275385
1.0797021276595522,0.4646101627643642,0.0,89.50330744066085,0.014365096302484403,0.7713009203976087,0.01294062914810732,0.2325666268361033,0.833216616674168
1.0802021276595521,0.4652552438336339,0.0,89.0528393542678,0.014284575635137567,0.7716148874845914,0.012861734733988776,0.23259372024101263,0.8336742359098347
1.080702127659552,0.46590032490290345,0.0,88.6065250811859,0.014204507524923875,0.7719287023471046,0.012783613739407397,0.23262081364592194,0.8341310050603457
1.081202127659552,0.4665454059721732,0.0,88.16433086771744,0.014124889387186007,0.772242365540689,0.012706258727058696,0.23264790705083127,0.8345869258466163
1.081702127659552,0.46719048704144295,0.0,87.72622322359332,0.014045718637266643,0.7725558776208853,0.012629662312423899,0.2326750004557406,0.8350419999846757
1.082202127659552,0.4678355681107125,0.0,87.29216892007888,0.01396699269050846,0.7728692391432342,0.012553817163621868,0.2327020938606499,0.8354962291856718
1.0827021276595519,0.4684806491799822,0.0,86.8621349881984,0.01388870896225414,0.7731824506632764,0.012478716001258227,0.23272918726555925,0.8359496151558767
1.0832021276595518,0.46912573024925175,0.0,86.43608871677252,0.013810864867846362,0.7734955127365525,0.01240435159827169,0.23275628067046855,0.8364021595966924
1.0837021276595518,0.4697708113185215,0.0,86.01399765069118,0.013733457822627804,0.7738084259186032,0.012330716779777378,0.23278337407537789,0.8368538642046556
1.0842021276595517,0.47041589238779125,0.0,85.59582958896529,0.013656485241941144,0.7741211907649693,0.012257804422907952,0.23281046748028722,0.8373047306714433
1.0847021276595517,0.47106097345706077,0.0,85.18155258298367,0.013579944541129063,0.7744338078311914,0.012185607456651426,0.23283756088519655,0.837754760683878
1.0852021276595516,0.4717060545263305,0.0,84.77113493463703,0.013503833135534242,0.7747462776728103,0.012114118861687114,0.2328646542901059,0.8382039559239328
1.0857021276595515,0.47235113559560005,0.0,84.36454519452444,0.013428148440499357,0.7750586008453665,0.012043331670218566,0.2328917476950152,0.8386523180687367
1.0862021276595515,0.4729962166648698,0.0,83.96175216014323,0.013352887871367089,0.7753707779044009,0.011973238965804284,0.23291884109992453,0.8390998487905804
1.0867021276595514,0.47364129773413954,0.0,83.56272487406864,0.013278048843480116,0.775682809405454,0.011903833883186131,0.23294593450483386,0.83954654975692
1.0872021276595514,0.47428637880340907,0.0,83.16743262217477,0.01320362877218112,0.7759946959040666,0.01183510960811512,0.23297302790974317,0.8399924226303839
1.0877021276595513,0.4749314598726788,0.0,82.7758449318452,0.013129625072812779,0.7763064379557792,0.011767059377175646,0.2330001213146525,0.8404374690687767
1.0882021276595513,0.47557654094194834,0.0,82.38793157016737,0.01305603516071777,0.7766180361161328,0.011699676477606644,0.23302721471956184,0.8408816907250849
1.0887021276595512,0.4762216220112181,0.0,82.00365018224593,0.012982877397285677,0.7769294915888357,0.011632975438655227,0.23305430812447114,0.8413250901695941
1.0892021276595512,0.4768667030804876,0.0,81.62294896131269,0.012910127144961975,0.7772408060928687,0.011566927202158343,0.23308140152938048,0.8417676706946591
1.089702127659551,0.47751178414975737,0.0,81.2457974901652,0.012837781450974698,0.7775519802433783,0.01150152485284833,0.2331084949342898,0.8422094340126202
1.090202127659551,0.4781568652190271,0.0,80.87216576664973,0.01276583834989823,0.77786301464625,0.011436762516720857,0.23313558833919912,0.8426503818174358
1.090702127659551,0.47880194628829664,0.0,80.50202402480566,0.012694295876306952,0.7781739099073693,0.011372634358657029,0.23316268174410845,0.843090515797883
1.091202127659551,0.4794470273575664,0.0,80.13534273294698,0.012623152064775245,0.7784846666326218,0.011309134582336868,0.2331897751490178,0.8435298376375616
1.0917021276595509,0.4800921084268359,0.0,79.77209259181431,0.012552404949877494,0.7787952854278932,0.01124625743015032,0.2332168685539271,0.8439683490149004
1.0922021276595508,0.48073718949610567,0.0,79.41224453276284,0.012482052566188078,0.7791057668990691,0.011183997183106191,0.23324396195883643,0.844406051603162
1.0927021276595508,0.4813822705653752,0.0,79.05576971584047,0.01241209294828138,0.7794161116520347,0.01112234816073903,0.23327105536374576,0.8448429470704477
1.0932021276595507,0.48202735163464494,0.0,78.70263952797531,0.012342524130731784,0.779726320292676,0.011061304721013496,0.23329814876865507,0.8452790370797042
1.0937021276595507,0.4826724327039147,0.0,78.35282558118227,0.01227334414811367,0.7800363934268782,0.011000861260227089,0.2333252421735644,0.8457143232887274
1.0942021276595506,0.4833175137731842,0.0,78.00629971067168,0.012204551035001418,0.7803463316605271,0.01094101221291037,0.23335233557847374,0.8461488073501686
1.0947021276595506,0.48396259484245396,0.0,77.66303397308873,0.012136142825969413,0.7806561355995083,0.01088175205172567,0.23337942898338307,0.8465824909115393
1.0952021276595505,0.4846076759117235,0.0,77.32300064466652,0.012068117555592037,0.7809658058497072,0.010823075287363359,0.23340652238829238,0.8470153756152163
1.0957021276595504,0.48525275698099324,0.0,76.9861722194593,0.012000473258443672,0.7812753430170094,0.010764976468436546,0.2334336157932017,0.8474474630984474
1.0962021276595504,0.485897838050263,0.0,76.65252140752301,0.0119332079690987,0.7815847477073006,0.010707450181373484,0.23346070919811104,0.8478787549933561
1.0967021276595503,0.4865429191195325,0.0,76.32202113313717,0.0118663197221315,0.7818940205264663,0.01065049105030852,0.23348780260302035,0.8483092529269467
1.0972021276595503,0.48718800018880226,0.0,75.99464453305679,0.01179980655211646,0.782203162080392,0.01059409373697085,0.23351489600792968,0.8487389585211097
1.0977021276595502,0.487833081258072,0.0,75.67036495470644,0.011733666493627956,0.7825121729749632,0.010538252940571789,0.23354198941283902,0.8491678733926266
1.0982021276595502,0.48847816232734154,0.0,75.34915595443213,0.011667897581240372,0.7828210538160657,0.010482963397690066,0.23356908281774835,0.8495959991531753
1.09870212765955,0.48912324339661106,0.0,75.03099129576105,0.011602497849528092,0.783129805209585,0.010428219882155481,0.23359617622265766,0.850023337409335
1.09920212765955,0.4897683244658808,0.0,74.71584494766947,0.011537465333065496,0.7834384277614065,0.010374017204930912,0.233623269627567,0.8504498897625907
1.09970212765955,0.49041340553515056,0.0,74.40369108280963,0.011472798066426967,0.783746922077416,0.010320350213992559,0.23365036303247633,0.8508756578093394
1.10020212765955,0.4910584866044201,0.0,74.09450407581049,0.011408494084186887,0.7840552887634988,0.010267213794208736,0.23367745643738563,0.8513006431408933
1.10070212765955,0.49170356767368983,0.0,73.78825850156436,0.011344551420919637,0.7843635284255408,0.010214602867216996,0.23370454984229497,0.8517248473434867
1.1012021276595498,0.4923486487429596,0.0,73.48492913348947,0.011280968111199599,0.7846716416694274,0.010162512391299668,0.2337316432472043,0.8521482719982797
1.1017021276595498,0.4929937298122291,0.0,73.18449094185469,0.011217742189601157,0.784979629101044,0.010110937361258027,0.2337587366521136,0.8525709186813629
1.1022021276595497,0.49363881088149864,0.0,72.88691909207996,0.011154871690698691,0.7852874913262764,0.010059872808284876,0.23378583005702294,0.8529927889637633
1.1027021276595497,0.4942838919507684,0.0,72.5921889430234,0.011092354649066584,0.7855952289510101,0.010009313799835778,0.23381292346193228,0.8534138844114484
1.1032021276595496,0.49492897302003813,0.0,72.3002760453464,0.011030189099279218,0.7859028425811306,0.009959255439498934,0.23384001686684158,0.8538342065853313
1.1037021276595496,0.49557405408930766,0.0,72.01115613981167,0.010968373075910975,0.7862103328225236,0.009909692866863386,0.23386711027175092,0.8542537570412752
1.1042021276595495,0.4962191351585774,0.0,71.72480515563775,0.010906904613536236,0.7865177002810745,0.009860621257386452,0.23389420367666025,0.8546725373300984
1.1047021276595494,0.49686421622784716,0.0,71.44119920883482,0.010845781746729385,0.786824945562669,0.0098120358222594,0.23392129708156958,0.8550905489975796
1.1052021276595494,0.4975092972971167,0.0,71.16031460055946,0.010785002510064801,0.7871320692731927,0.009763931808271986,0.2339483904864789,0.8555077935844616
1.1057021276595493,0.49815437836638643,0.0,70.88212781550398,0.01072456493811687,0.787439072018531,0.00971630449767604,0.23397548389138823,0.8559242726264565
1.1062021276595493,0.49879945943565596,0.0,70.60661552023019,0.010664467065459971,0.7877459544045696,0.009669149208047293,0.23400257729629753,0.8563399876542506
1.1067021276595492,0.4994445405049257,0.0,70.33375456155919,0.010604706926668487,0.7880527170371942,0.009622461292146865,0.23402967070120687,0.8567549401935086
1.1072021276595492,0.5000896215741952,0.0,70.063521964985,0.010545282556316801,0.7883593605222899,0.009576236137780792,0.2340567641061162,0.8571691317648786
1.1077021276595491,0.500734702643465,0.0,69.79589493302238,0.010486191988979293,0.7886658854657428,0.009530469167659119,0.23408385751102553,0.857582563883997
1.108202127659549,0.5013797837127347,0.0,69.5308508436579,0.010427433259230345,0.7889722924734381,0.009485155839253618,0.23411095091593487,0.8579952380614919
1.108702127659549,0.5020248647820043,0.0,69.26836724871941,0.010369004401644342,0.7892785821512616,0.009440291644654564,0.23413804432084417,0.8584071558029891
1.109202127659549,0.502669945851274,0.0,69.00842187235357,0.010310903450795664,0.7895847551050986,0.00939587211042666,0.2341651377257535,0.8588183186091157
1.109702127659549,0.5033150269205435,0.0,68.75099260936994,0.010253128441258693,0.789890811940835,0.009351892797463767,0.23419223113066281,0.8592287279755052
1.1102021276595488,0.5039601079898133,0.0,68.4960575237609,0.01019567740760781,0.7901967532643561,0.00930834930084307,0.23421932453557215,0.8596383853928015
1.1107021276595488,0.5046051890590828,0.0,68.24359484709332,0.010138548384417398,0.7905025796815477,0.009265237249677944,0.23424641794048148,0.8600472923466637
1.1112021276595487,0.5052502701283526,0.0,67.99358297697691,0.010081739406261841,0.7908082917982951,0.009222552306970538,0.2342735113453908,0.8604554503177704
1.1117021276595487,0.5058953511976223,0.0,67.74600047552447,0.01002524850771552,0.7911138902204842,0.009180290169462906,0.23430060475030012,0.8608628607818242
1.1122021276595486,0.5065404322668918,0.0,67.50082606783613,0.009969073723352814,0.7914193755540002,0.009138446567487914,0.23432769815520946,0.8612695252095561
1.1127021276595486,0.5071855133361616,0.0,67.25803864043988,0.009913213087748108,0.7917247484047288,0.009097017264819169,0.2343547915601188,0.8616754450667299
1.1132021276595485,0.5078305944054313,0.0,67.01761723979203,0.009857664635475782,0.7920300093785558,0.009055998058520188,0.2343818849650281,0.8620806218141468
1.1137021276595485,0.5084756754747009,0.0,66.77956687868178,0.009802445160283073,0.7923351575816201,0.009015400003678687,0.23440897836993743,0.8624850549213949
1.1142021276595484,0.5091207565439704,0.0,66.54382068393923,0.009747533622027663,0.7926401963034054,0.008975203366448765,0.23443607177484674,0.8628887493970336
1.1147021276595483,0.5097658376132401,0.0,66.31035601631093,0.009692927042149259,0.7929451262818701,0.008935403232173476,0.23446316517975607,0.8632917068544939
1.1152021276595483,0.5104109186825099,0.0,66.0791532022347,0.009638623954649943,0.7932499480915345,0.008895995944051131,0.2344902585846654,0.863693928685736
1.1157021276595482,0.5110559997517794,0.0,65.8501927150192,0.009584622893531798,0.7935546623069193,0.008856977870669617,0.23451735198957474,0.864095416278029
1.1162021276595482,0.5117010808210491,0.0,65.62345517345943,0.009530922392796909,0.7938592695025447,0.008818345405923392,0.23454444539448405,0.8644961710139525
1.1167021276595481,0.5123461618903189,0.0,65.3989213404648,0.009477520986447356,0.7941637702529316,0.00878009496892962,0.23457153879939338,0.8648961942714033
1.117202127659548,0.5129912429595884,0.0,65.1765721217199,0.009424417208485223,0.7944681651326001,0.008742223003943285,0.23459863220430272,0.8652954874235965
1.117702127659548,0.513636324028858,0.0,64.95638856428658,0.009371609592912595,0.7947724547160709,0.00870472598027159,0.23462572560921202,0.8656940518390716
1.118202127659548,0.5142814050981277,0.0,64.73835185533002,0.009319096673731554,0.7950766395778646,0.008667600392187239,0.23465281901412136,0.8660918888816951
1.118702127659548,0.5149264861673974,0.0,64.52244332070009,0.00926687698494418,0.7953807202925015,0.008630842758840993,0.2346799124190307,0.8664889999106649
1.1192021276595479,0.515571567236667,0.0,64.30864442366685,0.009214949060552561,0.7956846974345021,0.008594449624173536,0.23470700582394,0.8668853862805135
1.1197021276595478,0.5162166483059367,0.0,64.09693676357726,0.009163311434558776,0.795988571578387,0.00855841755682619,0.23473409922884933,0.8672810493411132
1.1202021276595477,0.5168617293752065,0.0,63.88730207450942,0.00911196264096491,0.7962923432986767,0.008522743150051013,0.23476119263375866,0.867675990437678
1.1207021276595477,0.517506810444476,0.0,63.679722223999455,0.009060901213773046,0.7965960131698916,0.008487423021620259,0.23478828603866797,0.8680702109107687
1.1212021276595476,0.5181518915137457,0.0,63.47417921175552,0.009010125686985266,0.7968995817665522,0.008452453813734696,0.2348153794435773,0.8684637120962965
1.1217021276595476,0.5187969725830153,0.0,63.270655168298866,0.008959634594603654,0.7972030496631791,0.008417832192931546,0.23484247284848664,0.8688564953255262
1.1222021276595475,0.519442053652285,0.0,63.0691323537427,0.008909426470630293,0.7975064174342927,0.008383554849991466,0.23486956625339597,0.86924856192508
1.1227021276595475,0.5200871347215545,0.0,62.869593156478075,0.008859499849067264,0.7978096856544136,0.008349618499844915,0.23489665965830528,0.8696399132169418
1.1232021276595474,0.5207322157908243,0.0,62.672020091917034,0.008809853263916652,0.7981128548980622,0.00831601988147781,0.2349237530632146,0.8700305505184601
1.1237021276595474,0.521377296860094,0.0,62.476395801228335,0.00876048524918054,0.798415925739759,0.008282755757836428,0.23495084646812395,0.8704204751423521
1.1242021276595473,0.5220223779293636,0.0,62.282703050065265,0.00871139433886101,0.7987188987540245,0.008249822915731812,0.23497793987303325,0.8708096883967071
1.1247021276595472,0.5226674589986333,0.0,62.09092472732592,0.008662579066960144,0.7990217745153791,0.008217218165743362,0.2350050332779426,0.8711981915849901
1.1252021276595472,0.5233125400679028,0.0,61.901043843915694,0.008614037967480028,0.7993245535983436,0.008184938342121877,0.23503212668285192,0.8715859860060458
1.1257021276595471,0.5239576211371726,0.0,61.713043531512064,0.008565769574422743,0.7996272365774383,0.008152980302692087,0.23505922008776126,0.8719730729541011
1.126202127659547,0.5246027022064421,0.0,61.52690704131205,0.008517772421790372,0.7999298240271836,0.008121340928754365,0.23508631349267056,0.87235945371877
1.126702127659547,0.5252477832757119,0.0,61.34261774286113,0.008470045043585,0.8002323165221001,0.008090017124986104,0.2351134068975799,0.8727451295850561
1.127202127659547,0.5258928643449816,0.0,61.160159122785736,0.008422585973808705,0.8005347146367083,0.008059005819342342,0.23514050030248923,0.8731301018333566
1.127702127659547,0.5265379454142511,0.0,60.97951478361704,0.008375393746463575,0.8008370189455288,0.00802830396295611,0.23516759370739854,0.8735143717394654
1.1282021276595469,0.5271830264835209,0.0,60.800668442606984,0.008328466895551691,0.8011392300230818,0.007997908530037895,0.23519468711230787,0.8738979405745767
1.1287021276595468,0.5278281075527904,0.0,60.623603930488045,0.008281803955075138,0.8014413484438881,0.007967816517774987,0.2352217805172172,0.8742808096052888
1.1292021276595468,0.5284731886220602,0.0,60.44830519032371,0.008235403459035997,0.8017433747824682,0.007938024946230025,0.2352488739221265,0.8746629800936069
1.1297021276595467,0.5291182696913297,0.0,60.27475627635622,0.008189263941436351,0.8020453096133423,0.007908530858239282,0.23527596732703585,0.8750444532969467
1.1302021276595466,0.5297633507605994,0.0,60.10294135277374,0.008143383936278281,0.802347153511031,0.007879331319310422,0.23530306073194518,0.875425230468138
1.1307021276595466,0.5304084318298692,0.0,59.932844692597314,0.008097761977563876,0.802648907050055,0.007850423417519813,0.23533015413685449,0.8758053128554278
1.1312021276595465,0.5310535128991387,0.0,59.76445067651637,0.008052396599295212,0.8029505708049346,0.007821804263409473,0.23535724754176382,0.8761847017024837
1.1317021276595465,0.5316985939684085,0.0,59.59774379172681,0.008007286335474376,0.8032521453501904,0.007793470989883516,0.23538434094667315,0.8765633982483974
1.1322021276595464,0.5323436750376782,0.0,59.43270863080564,0.007962429720103453,0.8035536312603428,0.007765420752104424,0.2354114343515825,0.876941403727687
1.1327021276595464,0.5329887561069477,0.0,59.26932989056849,0.007917825287184519,0.8038550291099124,0.007737650727388655,0.2354385277564918,0.8773187193703019
1.1332021276595463,0.5336338371762173,0.0,59.107592370954016,0.007873471570719664,0.8041563394734196,0.007710158115102186,0.23546562116140113,0.8776953464016247
1.1337021276595463,0.534278918245487,0.0,58.94748097389613,0.007829367104710968,0.804457562925385,0.007682940136555588,0.23549271456631043,0.8780712860424752
1.1342021276595462,0.5349239993147568,0.0,58.78898070223734,0.007785510423160514,0.8047587000403289,0.007655994034898724,0.23551980797121977,0.8784465395091127
1.1347021276595461,0.5355690803840263,0.0,58.63207665857237,0.007741900060070386,0.805059751392772,0.007629317075015379,0.2355469013761291,0.8788211080132402
1.135202127659546,0.536214161453296,0.0,58.47675404420987,0.007698534549442665,0.8053607175572347,0.007602906543417352,0.23557399478103844,0.8791949927620072
1.135702127659546,0.5368592425225658,0.0,58.322998158059505,0.007655412425279435,0.8056615991082375,0.007576759748138391,0.23560108818594777,0.8795681949580122
1.136202127659546,0.5375043235918353,0.0,58.17079439553132,0.00761253222158278,0.805962396620301,0.007550874018627986,0.23562818159085708,0.8799407157993069
1.136702127659546,0.5381494046611051,0.0,58.02012824750481,0.007569892472354782,0.8062631106679456,0.007525246705644719,0.2356552749957664,0.8803125564793983
1.1372021276595459,0.5387944857303746,0.0,57.87098529922845,0.007527491711597523,0.8065637418256918,0.007499875181149604,0.23568236840067572,0.8806837181872526
1.1377021276595458,0.5394395667996443,0.0,57.72335122926026,0.007485328473313089,0.8068642906680601,0.007474756838199112,0.23570946180558505,0.8810542021072972
1.1382021276595458,0.5400846478689139,0.0,57.57721180844428,0.00744340129150356,0.807164757769571,0.007449889090838008,0.2357365552104944,0.8814240094194252
1.1387021276595457,0.5407297289381836,0.0,57.43255289882273,0.00740170870017102,0.807465143704745,0.007425269373992135,0.23576364861540372,0.8817931412989971
1.1392021276595456,0.5413748100074534,0.0,57.28936045264138,0.007360249233317552,0.8077654490481025,0.007400895143360887,0.23579074202031303,0.8821615989168442
1.1397021276595456,0.5420198910767229,0.0,57.14762051129549,0.00731902142494524,0.8080656743741642,0.0073767638753097515,0.23581783542522236,0.8825293834392718
1.1402021276595455,0.5426649721459926,0.0,57.007341147138625,0.007278029697396236,0.8083658188773377,0.007352876838517019,0.2358449288301317,0.8828964943413478
1.1407021276595455,0.5433100532152622,0.0,56.86852654469948,0.007237278755067053,0.8086658819956074,0.00732923543763527,0.235872022235041,0.8832629314014068
1.1412021276595454,0.5439551342845319,0.0,56.7311102535824,0.007196753652943464,0.8089658676204227,0.007305828551950671,0.23589911563995034,0.8836286998277492
1.1417021276595454,0.5446002153538014,0.0,56.59508030247335,0.0071564533214686695,0.8092657762257385,0.007282654002446723,0.23592620904485967,0.8839938006416771
1.1422021276595453,0.5452452964230712,0.0,56.46042479571075,0.007116376691085865,0.8095656082855098,0.007259709625687892,0.23595330244976898,0.8843582348607529
1.1427021276595453,0.5458903774923409,0.0,56.32713191257323,0.007076522692238249,0.8098653642736916,0.00723699327375835,0.2359803958546783,0.884722003498801
1.1432021276595452,0.5465354585616105,0.0,56.19518990636427,0.00703689025536902,0.8101650446642388,0.007214502814200394,0.23600748925958764,0.8850851075659105
1.1437021276595452,0.5471805396308802,0.0,56.06458710371925,0.0069974783109213725,0.8104646499311061,0.0071922361299523955,0.23603458266449695,0.8854475480684371
1.144202127659545,0.5478256207001497,0.0,55.935311903728575,0.006958285789338507,0.8107641805482488,0.0071701911192865835,0.23606167606940628,0.8858093260090059
1.144702127659545,0.5484707017694195,0.0,55.80735277721678,0.00691931162106362,0.8110636369896217,0.007148365695746412,0.23608876947431562,0.8861704423865132
1.145202127659545,0.549115782838689,0.0,55.68069826591816,0.006880554736539909,0.8113630197291796,0.007126757788083577,0.23611586287922492,0.8865308981961292
1.145702127659545,0.5497608639079588,0.0,55.55533698171859,0.0068420140662105704,0.8116623292408774,0.007105365340194782,0.23614295628413426,0.8868906944292996
1.1462021276595449,0.5504059449772285,0.0,55.431257605869526,0.006803688540518805,0.8119615659986703,0.007084186311058208,0.2361700496890436,0.8872498320737486
1.1467021276595448,0.551051026046498,0.0,55.30844888824441,0.006765577089907807,0.812260730476513,0.007063218674669629,0.2361971430939529,0.8876083121134806
1.1472021276595448,0.5516961071157678,0.0,55.18689964655783,0.006727678644820776,0.8125598231483605,0.007042460419978315,0.23622423649886223,0.8879661355287822
1.1477021276595447,0.5523411881850375,0.0,55.06659876560393,0.0066899921357009085,0.8128588444881678,0.007021909550822575,0.23625132990377157,0.8883233032962252
1.1482021276595447,0.552986269254307,0.0,54.94753519652756,0.006652516492991403,0.8131577949698897,0.007001564085865131,0.2362784233086809,0.8886798163886679
1.1487021276595446,0.5536313503235766,0.0,54.82969795604934,0.006615250647135456,0.8134566750674812,0.006981422058528159,0.2363055167135902,0.8890356757752573
1.1492021276595445,0.5542764313928463,0.0,54.71307612574674,0.006578193528576266,0.8137554852548973,0.00696148151692806,0.23633261011849954,0.8893908824214325
1.1497021276595445,0.5549215124621161,0.0,54.59765885131697,0.00654134406775703,0.8140542260060927,0.0069417405238100995,0.23635970352340888,0.8897454372889245
1.1502021276595444,0.5555665935313856,0.0,54.483435341812296,0.006504701195120945,0.8143528977950225,0.006922197156482687,0.23638679692831818,0.890099341335761
1.1507021276595444,0.5562116746006553,0.0,54.370394868945446,0.00646826384111121,0.8146515010956418,0.00690284950675147,0.23641389033322752,0.8904525955162663
1.1512021276595443,0.5568567556699251,0.0,54.25852676637661,0.006432030936171023,0.8149500363819051,0.006883695680853248,0.23644098373813685,0.8908052007810643
1.1517021276595443,0.5575018367391946,0.0,54.1478204289453,0.00639600141074358,0.8152485041277677,0.006864733799389656,0.23646807714304616,0.8911571580770808
1.1522021276595442,0.5581469178084644,0.0,54.0382653120137,0.006360174195272079,0.8155469048071844,0.006845961997260551,0.2364951705479555,0.8915084683475449
1.1527021276595442,0.5587919988777339,0.0,53.92985093073624,0.006324548220199716,0.8158452388941101,0.00682737842359742,0.23652226395286483,0.8918591325319918
1.153202127659544,0.5594370799470036,0.0,53.822566859338906,0.006289122415969692,0.8161435068624998,0.0068089812416963335,0.23654935735777416,0.8922091515662639
1.153702127659544,0.5600821610162732,0.0,53.71640273045886,0.006253895713025202,0.8164417091863083,0.006790768628950923,0.23657645076268347,0.8925585263825133
1.154202127659544,0.5607272420855429,0.0,53.6113482344245,0.006218867041809444,0.8167398463394907,0.006772738776785125,0.2366035441675928,0.8929072579092044
1.154702127659544,0.5613723231548127,0.0,53.507393118586464,0.006184035332765617,0.8170379187960018,0.006754889890585749,0.23663063757250213,0.8932553470711148
1.1552021276595439,0.5620174042240822,0.0,53.40452718660781,0.0061493995163369175,0.8173359270297966,0.006737220189634832,0.23665773097741144,0.8936027947893375
1.1557021276595438,0.5626624852933519,0.0,53.30274029783256,0.006114958522966542,0.81763387151483,0.006719727907042051,0.23668482438232077,0.8939496019812834
1.1562021276595438,0.5633075663626215,0.0,53.20202236655816,0.00608071128309769,0.817931752725057,0.0067024112896767124,0.2367119177872301,0.8942957695606831
1.1567021276595437,0.5639526474318912,0.0,53.10236336140492,0.0060466567271735576,0.8182295711344324,0.006685268598099866,0.23673901119213941,0.8946412984375881
1.1572021276595437,0.5645977285011607,0.0,53.0037533046626,0.006012793785637343,0.8185273272169112,0.0066682981064961275,0.23676610459704875,0.8949861895183737
1.1577021276595436,0.5652428095704305,0.0,52.906182271587305,0.0059791213889322445,0.8188250214464483,0.006651498102605486,0.23679319800195808,0.8953304437057401
1.1582021276595436,0.5658878906397002,0.0,52.809640389785535,0.005945638467501457,0.8191226542969987,0.006634866887654934,0.2368202914068674,0.8956740618987148
1.1587021276595435,0.5665329717089698,0.0,52.71411783856681,0.005912343951788182,0.8194202262425173,0.0066184027762900615,0.23684738481177672,0.8960170449926542
1.1592021276595434,0.5671780527782395,0.0,52.6196048482919,0.0058792367722356135,0.819717737756959,0.006602104096506496,0.23687447821668606,0.8963593938792456
1.1597021276595434,0.567823133847509,0.0,52.52609169970806,0.005846315859286952,0.8200151893142787,0.006585969189581359,0.23690157162159536,0.8967011094465085
1.1602021276595433,0.5684682149167788,0.0,52.433568723384816,0.005813580143385393,0.8203125813884314,0.006569996410004497,0.2369286650265047,0.8970421925787976
1.1607021276595433,0.5691132959860483,0.0,52.34202629901806,0.005781028554974135,0.8206099144533721,0.006554184125409798,0.23695575843141403,0.8973826441568032
1.1612021276595432,0.5697583770553181,0.0,52.25145485483939,0.005748660024496375,0.8209071889830556,0.006538530716506383,0.23698285183632334,0.8977224650575544
1.1617021276595432,0.5704034581245878,0.0,52.16184486700299,0.005716473482395311,0.8212044054514368,0.00652303457700968,0.23700994524123267,0.898061656154419
1.1622021276595431,0.5710485391938573,0.0,52.07318685895494,0.0056844678591141395,0.8215015643324708,0.00650769411357262,0.237037038646142,0.8984002183171076
1.162702127659543,0.5716936202631271,0.0,51.98547140083454,0.00565264208509606,0.8217986661001123,0.006492507745716618,0.23706413205105134,0.8987381524116733
1.163202127659543,0.5723387013323968,0.0,51.89868910887631,0.005620995090784269,0.8220957112283164,0.006477473905762671,0.23709122545596067,0.8990754593005147
1.163702127659543,0.5729837824016664,0.0,51.812830644798645,0.005589525806621964,0.8223927001910379,0.006462591038762327,0.23711831886086998,0.8994121398423771
1.164202127659543,0.5736288634709359,0.0,51.7278867152383,0.0055582331630523426,0.822689633462232,0.0064478576024287445,0.2371454122657793,0.8997481948923545
1.1647021276595428,0.5742739445402056,0.0,51.64384807113554,0.005527116090518603,0.8229865115158533,0.0064332720670676295,0.23717250567068862,0.9000836253018906
1.1652021276595428,0.5749190256094754,0.0,51.56070550714686,0.005496173519463942,0.8232833348258569,0.006418832915508302,0.23719959907559796,0.9004184319187812
1.1657021276595427,0.5755641066787449,0.0,51.47844986109894,0.005465404380331557,0.8235801038661978,0.006404538643034679,0.2372266924805073,0.9007526155871762
1.1662021276595427,0.5762091877480147,0.0,51.397072013393185,0.005434807603564647,0.8238768191108308,0.00639038775731635,0.23725378588541662,0.9010861771475797
1.1667021276595426,0.5768542688172844,0.0,51.31656288643351,0.005404382119606407,0.8241734810337108,0.006376378778339593,0.23728087929032593,0.9014191174368531
1.1672021276595426,0.5774993498865539,0.0,51.23691344408603,0.005374126858900038,0.8244700901087928,0.006362510238338528,0.23730797269523526,0.9017514372882165
1.1677021276595425,0.5781444309558235,0.0,51.15811469109872,0.005344040751888735,0.8247666468100318,0.006348780681726213,0.23733506610014457,0.9020831375312495
1.1682021276595425,0.5787895120250932,0.0,51.080157672566536,0.005314122729015696,0.8250631516113826,0.006335188665025899,0.2373621595050539,0.9024142189918938
1.1687021276595424,0.579434593094363,0.0,51.00303347335661,0.005284371720724119,0.8253596049868002,0.006321732756802234,0.23738925290996324,0.9027446824924539
1.1692021276595423,0.5800796741636325,0.0,50.92678152052133,0.005254795281627225,0.8256560041959298,0.006308415795009398,0.23741634631487257,0.9030745252776478
1.1697021276595423,0.5807247552329022,0.0,50.85138853457483,0.005225391213083779,0.8259523500014085,0.006295235759487307,0.23744343971978188,0.9034037485011729
1.1702021276595422,0.581369836302172,0.0,50.77679817760246,0.005196149798946508,0.8262486460389564,0.0062821869746852695,0.2374705331246912,0.9037323564945923
1.1707021276595422,0.5820149173714415,0.0,50.703003732857276,0.005167070278771212,0.8265448926468209,0.006269268215153959,0.23749762652960055,0.9040603499142127
1.1712021276595421,0.5826599984407113,0.0,50.62999851469409,0.005138151892113692,0.826841090163249,0.006256478264384759,0.23752471993450985,0.9043877294137371
1.171702127659542,0.5833050795099808,0.0,50.55777586816412,0.005109393878529747,0.8271372389264885,0.0062438159147705855,0.2375518133394192,0.9047144956442669
1.172202127659542,0.5839501605792505,0.0,50.486329168688464,0.005080795477575177,0.8274333392747865,0.006231279967566507,0.23757890674432852,0.9050406492543018
1.172702127659542,0.5845952416485201,0.0,50.41565182164448,0.005052355928805784,0.8277293915463902,0.006218869232850348,0.23760600014923783,0.905366190889742
1.173202127659542,0.5852403227177898,0.0,50.345737262048736,0.005024074471777366,0.8280253960795474,0.0062065825294831,0.23763309355414716,0.9056911211938885
1.1737021276595418,0.5858854037870596,0.0,50.27657895417979,0.004995950346045725,0.8283213532125051,0.006194418685069274,0.2376601869590565,0.9060154408074444
1.1742021276595418,0.5865304848563291,0.0,50.2081703912081,0.00496798279116666,0.8286172632835107,0.006182376535917149,0.2376872803639658,0.9063391503685156
1.1747021276595417,0.5871755659255988,0.0,50.14050509487304,0.004940171046695971,0.8289131266308116,0.006170454926998941,0.23771437376887514,0.9066622505126126
1.1752021276595417,0.5878206469948684,0.0,50.073576615104436,0.004912514352189459,0.8292089435926552,0.006158652711910821,0.23774146717378447,0.9069847418726504
1.1757021276595416,0.5884657280641381,0.0,50.007378529673524,0.004885011947202924,0.8295047145072887,0.006146968752832905,0.2377685605786938,0.9073066250789504
1.1762021276595416,0.5891108091334076,0.0,49.94190444386852,0.004857663071292165,0.8298004397129596,0.006135401920489128,0.2377956539836031,0.9076279007592414
1.1767021276595415,0.5897558902026774,0.0,49.87714799013726,0.004830466964012983,0.8300961195479152,0.006123951094107068,0.23782274738851245,0.9079485695386597
1.1772021276595415,0.5904009712719471,0.0,49.81310282773677,0.004803422864921179,0.8303917543504029,0.006112615161377612,0.23784984079342178,0.9082686320397511
1.1777021276595414,0.5910460523412167,0.0,49.74976264240319,0.004776530013572552,0.83068734445867,0.006101393018414668,0.23787693419833109,0.9085880888824711
1.1782021276595414,0.5916911334104864,0.0,49.687121146028595,0.004749787649522903,0.8309828902109637,0.006090283569714705,0.23790402760324042,0.9089069406841864
1.1787021276595413,0.5923362144797559,0.0,49.625172076304914,0.0047231950123280304,0.8312783919455317,0.006079285728116279,0.23793112100814975,0.9092251880596759
1.1792021276595412,0.5929812955490257,0.0,49.5639091963926,0.004696751341543736,0.831573850000621,0.006068398414759464,0.23795821441305906,0.909542831621131
1.1797021276595412,0.5936263766182952,0.0,49.50332629461832,0.004670455876725819,0.8318692647144792,0.006057620559045236,0.2379853078179684,0.9098598719781573
1.1802021276595411,0.594271457687565,0.0,49.44341718411765,0.004644307857430081,0.8321646364253535,0.0060469510985948285,0.23801240122287773,0.910176309737775
1.180702127659541,0.5949165387568347,0.0,49.38417570252906,0.004618306523212321,0.8324599654714915,0.006036388979208981,0.23803949462778706,0.9104921455044201
1.181202127659541,0.5955616198261042,0.0,49.32559571166382,0.0045924511136283385,0.8327552521911402,0.006025933154827178,0.23806658803269637,0.9108073798799454
1.181702127659541,0.596206700895374,0.0,49.26767109720935,0.004566740868233936,0.8330504969225471,0.006015582587486821,0.2380936814376057,0.911122013463621
1.182202127659541,0.5968517819646437,0.0,49.21039576837338,0.00454117502658491,0.8333457000039596,0.006005336247282395,0.23812077484251504,0.9114360468521358
1.1827021276595409,0.5974968630339133,0.0,49.153763657596805,0.0045157528282370645,0.8336408617736251,0.005995193112324527,0.23814786824742434,0.9117494806395978
1.1832021276595408,0.5981419441031828,0.0,49.09776872025136,0.004490473512746198,0.8339359825697907,0.005985152168699073,0.23817496165233368,0.9120623154175356
1.1837021276595407,0.5987870251724525,0.0,49.04240493430031,0.00446533631966811,0.834231062730704,0.005975212410426159,0.238202055057243,0.9123745517748987
1.1842021276595407,0.5994321062417223,0.0,48.98766630002761,0.004440340488558601,0.8345261025946124,0.0059653728394191835,0.23822914846215232,0.9126861902980589
1.1847021276595406,0.6000771873109918,0.0,48.933546839708036,0.004415485258973471,0.8348211024997629,0.005955632465443783,0.23825624186706165,0.9129972315708105
1.1852021276595406,0.6007222683802615,0.0,48.88004059730627,0.004390769870468521,0.8351160627844032,0.005945990306076805,0.238283335271971,0.9133076761743723
1.1857021276595405,0.6013673494495313,0.0,48.827141638204836,0.004366193562599551,0.8354109837867805,0.005936445386665254,0.23831042867688032,0.913617524687387
1.1862021276595405,0.6020124305188008,0.0,48.774844048873135,0.004341755574922361,0.8357058658451422,0.0059269967402852146,0.23833752208178963,0.9139267776859235
1.1867021276595404,0.6026575115880706,0.0,48.723141936609224,0.004317455146992751,0.8360007092977356,0.0059176434077007735,0.23836461548669896,0.9142354357434763
1.1872021276595404,0.6033025926573401,0.0,48.67202942921391,0.004293291518366521,0.8362955144828081,0.005908384437322932,0.23839170889160827,0.9145434994309679
1.1877021276595403,0.6039476737266098,0.0,48.621500674741945,0.0042692639285994705,0.8365902817386071,0.005899218885168529,0.2384188022965176,0.914850969316748
1.1882021276595403,0.6045927547958794,0.0,48.57154984116817,0.004245371617247401,0.8368850114033798,0.005890145814819122,0.23844589570142694,0.9151578459665959
1.1887021276595402,0.6052378358651491,0.0,48.522171116148066,0.0042216138238661115,0.8371797038153737,0.005881164297379938,0.23847298910633624,0.9154641299437198
1.1892021276595401,0.6058829169344189,0.0,48.473358706719644,0.004197989788011404,0.837474359312836,0.0058722734114387744,0.23850008251124558,0.9157698218087591
1.18970212765954,0.6065279980036884,0.0,48.42510683902093,0.004174498749239076,0.8377689782340141,0.00586347224302493,0.2385271759161549,0.9160749221197838
1.19020212765954,0.6071730790729581,0.0,48.377409758010025,0.00415113994710493,0.8380635609171555,0.005854759885568182,0.23855426932106424,0.9163794314322965
1.19070212765954,0.6078181601422277,0.0,48.33026172720959,0.004127912621164765,0.8383581077005074,0.00584613543985771,0.23858136272597355,0.9166833502992323
1.19120212765954,0.6084632412114974,0.0,48.28365702843633,0.004104816010974381,0.8386526189223172,0.005837598014001143,0.23860845613088288,0.9169866792709599
1.1917021276595399,0.609108322280767,0.0,48.23758996151118,0.004081849356089578,0.8389470949208322,0.005829146723383522,0.2386355495357922,0.9172894188952824
1.1922021276595398,0.6097534033500367,0.0,48.19205484401572,0.004059011896066157,0.8392415360342999,0.00582078069062636,0.23866264294070152,0.9175915697174384
1.1927021276595398,0.6103984844193064,0.0,48.14704601101182,0.004036302870459918,0.8395359426009674,0.005812499045546751,0.23868973634561086,0.9178931322801019
1.1932021276595397,0.611043565488576,0.0,48.1025578147944,0.004013721518826661,0.8398303149590823,0.005804300925116445,0.2387168297505202,0.918194107123384
1.1937021276595396,0.6116886465578457,0.0,48.05858462462926,0.003991267080722186,0.8401246534468919,0.005796185473421009,0.23874392315542953,0.9184944947848329
1.1942021276595396,0.6123337276271152,0.0,48.01512082649779,0.003968938795702292,0.8404189584026435,0.005788151841619046,0.23877101656033883,0.9187942957994348
1.1947021276595395,0.612978808696385,0.0,47.9721608228442,0.003946735903322783,0.8407132301645843,0.005780199187901417,0.23879810996524817,0.9190935106996152
1.1952021276595395,0.6136238897656545,0.0,47.92969903232101,0.003924657643139454,0.8410074690709619,0.005772326677450557,0.23882520337015747,0.9193921400152387
1.1957021276595394,0.6142689708349243,0.0,47.887729889567474,0.0039027032547081088,0.8413016754600235,0.005764533482399789,0.2388522967750668,0.9196901842736107
1.1962021276595394,0.614914051904194,0.0,47.84624784490788,0.003880871977584546,0.8415958496700165,0.0057568187817927715,0.23887939017997614,0.9199876439994771
1.1967021276595393,0.6155591329734635,0.0,47.805247364161175,0.003859163051324566,0.8418899920391885,0.005749181761542953,0.23890648358488548,0.9202845197150259
1.1972021276595393,0.6162042140427333,0.0,47.76472292839219,0.003837575715483969,0.8421841029057864,0.005741621614393093,0.23893357698979478,0.9205808119398871
1.1977021276595392,0.616849295112003,0.0,47.72466903365674,0.0038161092096185563,0.8424781826080577,0.00573413753987488,0.23896067039470412,0.920876521191134
1.1982021276595392,0.6174943761812726,0.0,47.685080190766655,0.003794762773284126,0.84277223148425,0.005726728744268596,0.23898776379961345,0.9211716479832835
1.198702127659539,0.6181394572505421,0.0,47.64595092507901,0.0037735356460364793,0.8430662498726103,0.005719394440562878,0.23901485720452276,0.9214661928282972
1.199202127659539,0.6187845383198118,0.0,47.607275776253246,0.0037524270674314164,0.8433602381113862,0.005712133848414528,0.2390419506094321,0.9217601562355815
1.199702127659539,0.6194296193890816,0.0,47.56904929801507,0.0037314362770247377,0.8436541965388249,0.00570494619410845,0.23906904401434143,0.9220535387119886
1.200202127659539,0.6200747004583511,0.0,47.53126605794029,0.003710562514372243,0.8439481254931739,0.005697830710517627,0.23909613741925073,0.922346340761817
1.2007021276595389,0.6207197815276209,0.0,47.49400392169103,0.003689817323999961,0.844242019573735,0.005690791209267918,0.23912323082416007,0.9226385571860053
1.2012021276595388,0.6213648625968906,0.0,47.45719517787182,0.003669189611453582,0.8445358834071064,0.005683823050734842,0.2391503242290694,0.9229301927678291
1.2017021276595388,0.6220099436661601,0.0,47.42081609428523,0.0036486757476488865,0.8448297185946829,0.0056769244212633,0.2391774176339787,0.9232212492621005
1.2022021276595387,0.6226550247354299,0.0,47.38486315438244,0.003628275208087441,0.8451235253460923,0.005670094670945458,0.23920451103888804,0.923511727036918
1.2027021276595387,0.6233001058046994,0.0,47.3493328516039,0.003607987468270812,0.8454173038709619,0.005663333154665876,0.23923160444379737,0.9238016264587929
1.2032021276595386,0.6239451868739692,0.0,47.3142216892866,0.0035878120037005643,0.8457110543789197,0.005656639232079188,0.2392586978487067,0.9240909478926509
1.2037021276595385,0.6245902679432387,0.0,47.27952618051172,0.0035677482898782654,0.8460047770795931,0.005650012267587758,0.23928579125361601,0.924379691701831
1.2042021276595385,0.6252353490125084,0.0,47.24524284800089,0.0035477958023054806,0.8462984721826099,0.005643451630319275,0.23931288465852535,0.924667858248087
1.2047021276595384,0.6258804300817782,0.0,47.2113682239528,0.003527954016483776,0.8465921398975977,0.005636956694104335,0.23933997806343468,0.9249554478915873
1.2052021276595384,0.6265255111510477,0.0,47.17789884992844,0.0035082224079147177,0.8468857804341842,0.005630526837453997,0.239367071468344,0.9252424609909157
1.2057021276595383,0.6271705922203175,0.0,47.14483127675446,0.003488600452099872,0.8471793940019968,0.005624161443537333,0.23939416487325332,0.925528897903071
1.2062021276595383,0.627815673289587,0.0,47.112162064341284,0.003469087624540805,0.8474729808106635,0.005617859900158907,0.23942125827816266,0.9258147589834687
1.2067021276595382,0.6284607543588567,0.0,47.079887781610005,0.0034496834007390824,0.8477665410698118,0.0056116215997362735,0.239448351683072,0.9261000445859398
1.2072021276595382,0.6291058354281263,0.0,47.04800500633398,0.0034303872561962704,0.8480600749890692,0.005605445939277439,0.2394754450879813,0.9263847550627319
1.207702127659538,0.629750916497396,0.0,47.016510325046134,0.003411198666413935,0.8483535827780635,0.005599332320358313,0.23950253849289063,0.9266688907645101
1.208202127659538,0.6303959975666658,0.0,46.98540033286957,0.003392117106893643,0.8486470646464225,0.005593280149100121,0.23952963189779997,0.9269524520403565
1.208702127659538,0.6310410786359353,0.0,46.95467163345698,0.0033731420531369592,0.8489405208037735,0.00558728883614683,0.23955672530270927,0.9272354392377704
1.209202127659538,0.631686159705205,0.0,46.92432083882759,0.003354272980645451,0.8492339514597443,0.005581357796642525,0.2395838187076186,0.9275178527026698
1.2097021276595379,0.6323312407744746,0.0,46.89434456926098,0.003335509364920683,0.8495273568239627,0.005575486450208817,0.23961091211252794,0.9277996927793908
1.2102021276595378,0.6329763218437443,0.0,46.864739453174856,0.003316850681464223,0.8498207371060562,0.005569674220922193,0.23963800551743725,0.9280809598106878
1.2107021276595378,0.6336214029130138,0.0,46.835502127029436,0.0032982964057776355,0.8501140925156524,0.005563920537291378,0.23966509892234658,0.9283616541377346
1.2112021276595377,0.6342664839822836,0.0,46.80662923517263,0.0032798460133624872,0.8504074232623791,0.005558224832234704,0.23969219232725592,0.9286417761001243
1.2117021276595377,0.6349115650515533,0.0,46.778117429755106,0.003261498979720344,0.8507007295558638,0.0055525865430574315,0.23971928573216522,0.9289213260358695
1.2122021276595376,0.6355566461208229,0.0,46.74996337061177,0.003243254780352773,0.8509940116057343,0.005547005111429112,0.23974637913707456,0.9292003042814029
1.2127021276595376,0.6362017271900926,0.0,46.72216372514437,0.003225112890761339,0.851287269621618,0.005541479983360899,0.2397734725419839,0.9294787111715774
1.2132021276595375,0.6368468082593624,0.0,46.69471516820492,0.0032070727864476085,0.8515805038131429,0.005536010609182895,0.23980056594689322,0.9297565470396668
1.2137021276595374,0.6374918893286319,0.0,46.66761438198029,0.003189133942913147,0.8518737143899363,0.005530596443521487,0.23982765935180253,0.9300338122173656
1.2142021276595374,0.6381369703979014,0.0,46.64085805591626,0.003171295835659522,0.8521669015616261,0.005525236945276661,0.23985475275671186,0.9303105070347897
1.2147021276595373,0.6387820514671712,0.0,46.61444288654813,0.003153557940188298,0.8524600655378398,0.005519931577599349,0.23988184616162117,0.9305866318204766
1.2152021276595373,0.6394271325364409,0.0,46.58836557745686,0.0031359197320010423,0.8527532065282052,0.005514679807868761,0.2399089395665305,0.9308621869013859
1.2157021276595372,0.6400722136057104,0.0,46.5626228391231,0.00311838068659932,0.8530463247423498,0.005509481107669735,0.23993603297143984,0.9311371726028989
1.2162021276595372,0.6407172946749802,0.0,46.53721138881225,0.003100940279484698,0.8533394203899012,0.0055043349527700595,0.23996312637634917,0.9314115892488197
1.2167021276595371,0.6413623757442499,0.0,46.51212795051203,0.003083597986158742,0.8536324936804872,0.005499240823097872,0.23999021978125848,0.9316854371613756
1.217202127659537,0.6420074568135195,0.0,46.48736925478513,0.0030663532821230176,0.8539255448237354,0.005494198202718987,0.2400173131861678,0.9319587166612164
1.217702127659537,0.642652537882789,0.0,46.462932038687306,0.0030492056428790917,0.8542185740292734,0.00548920657981429,0.24004440659107712,0.9322314280674157
1.218202127659537,0.6432976189520587,0.0,46.438813045669136,0.00303215454392853,0.8545115815067289,0.005484265446657128,0.24007149999598645,0.9325035716974707
1.218702127659537,0.6439427000213285,0.0,46.41500902544889,0.0030151994607728982,0.8548045674657296,0.005479374299590717,0.2400985934008958,0.9327751478673028
1.2192021276595368,0.644587781090598,0.0,46.39151673394629,0.002998339868913763,0.855097532115903,0.0054745326390055445,0.24012568680580512,0.9330461568912571
1.2197021276595368,0.6452328621598677,0.0,46.36833293314871,0.00298157524385269,0.8553904756668769,0.005469739969316826,0.24015278021071443,0.9333165990821042
1.2202021276595367,0.6458779432291375,0.0,46.34545439105117,0.002964905061091246,0.8556833983282789,0.005464995798941954,0.24017987361562376,0.9335864747510388
1.2207021276595367,0.646523024298407,0.0,46.322877881520235,0.0029483287961309963,0.8559763003097366,0.005460299640277968,0.2402069670205331,0.9338557842076812
1.2212021276595366,0.6471681053676768,0.0,46.300600184214524,0.002931845924473507,0.8562691818208776,0.005455651009679063,0.24023406042544243,0.9341245277600767
1.2217021276595366,0.6478131864369463,0.0,46.27861808450192,0.0029154559216203442,0.8565620430713297,0.005451049427434108,0.24026115383035174,0.9343927057146968
1.2222021276595365,0.648458267506216,0.0,46.25692837333925,0.0028991582630730744,0.8568548842707204,0.005446494417744193,0.24028824723526107,0.9346603183764386
1.2227021276595365,0.6491033485754856,0.0,46.235527847195726,0.0028829524243332637,0.8571477056286775,0.005441985508700197,0.24031534064017038,0.9349273660486257
1.2232021276595364,0.6497484296447553,0.0,46.21441330796448,0.0028668378809024774,0.8574405073548285,0.0054375222322604,0.2403424340450797,0.935193849033008
1.2237021276595363,0.6503935107140251,0.0,46.19358156285375,0.0028508141082822826,0.8577332896588011,0.005433104124228108,0.24036952744998905,0.9354597676297622
1.2242021276595363,0.6510385917832946,0.0,46.17302942430045,0.0028348805819742445,0.858026052750223,0.005428730724229315,0.24039662085489838,0.9357251221374921
1.2247021276595362,0.6516836728525643,0.0,46.152753709888835,0.0028190367774799294,0.8583187968387219,0.005424401575690402,0.24042371425980769,0.9359899128532291
1.2252021276595362,0.6523287539218339,0.0,46.13275124226177,0.0028032821703009034,0.8586115221339252,0.005420116225815873,0.24045080766471702,0.9362541400724314
1.2257021276595361,0.6529738349911036,0.0,46.1130188490286,0.0027876162359387327,0.8589042288454608,0.005415874225566098,0.24047790106962635,0.9365178040889857
1.226202127659536,0.6536189160603731,0.0,46.09355336266545,0.0027720384498949834,0.8591969171829563,0.005411675129635155,0.24050499447453566,0.9367809051952064
1.226702127659536,0.6542639971296429,0.0,46.07435162045931,0.0027565482876712216,0.8594895873560392,0.0054075184964286335,0.240532087879445,0.9370434436818362
1.227202127659536,0.6549090781989126,0.0,46.05541046440166,0.0027411452247690133,0.8597822395743373,0.005403403888041548,0.24055918128435433,0.9373054198380467
1.227702127659536,0.6555541592681822,0.0,46.036726741091854,0.002725828736689924,0.8600748740474782,0.005399330870236245,0.24058627468926364,0.9375668339514378
1.2282021276595358,0.6561992403374519,0.0,46.01829730169673,0.0027105982989355207,0.8603674909850896,0.005395299012420385,0.24061336809417297,0.9378276863080388
1.2287021276595358,0.6568443214067214,0.0,46.00011900183453,0.002695453387007369,0.8606600905967989,0.005391307887624952,0.2406404614990823,0.9380879771923077
1.2292021276595357,0.6574894024759912,0.0,45.98218870148539,0.002680393476407035,0.8609526730922341,0.0053873570724823246,0.2406675549039916,0.938347706887133
1.2297021276595357,0.6581344835452607,0.0,45.96450326494961,0.002665418042636085,0.8612452386810227,0.005383446147204372,0.24069464830890094,0.9386068756738317
1.2302021276595356,0.6587795646145305,0.0,45.94705956074308,0.0026505265611960847,0.8615377875727923,0.005379574695560629,0.24072174171381028,0.9388654838321518
1.2307021276595356,0.6594246456838002,0.0,45.92985446151486,0.0026357185075886,0.8618303199771705,0.00537574230485651,0.2407488351187196,0.9391235316402707
1.2312021276595355,0.6600697267530697,0.0,45.912884843982894,0.0026209933573151977,0.8621228361037852,0.005371948565911565,0.24077592852362892,0.9393810193747969
1.2317021276595355,0.6607148078223395,0.0,45.89614758886212,0.0026063505858774432,0.8624153361622637,0.005368193073037817,0.24080302192853825,0.9396379473107689
1.2322021276595354,0.6613598888916092,0.0,45.879639580767986,0.002591789668776903,0.8627078203622339,0.005364475424018131,0.2408301153334476,0.9398943157216562
1.2327021276595354,0.6620049699608788,0.0,45.86335770815504,0.002577310081515143,0.8630002889133235,0.005360795220084655,0.2408572087383569,0.9401501248793596
1.2332021276595353,0.6626500510301483,0.0,45.84729886325652,0.0025629112995937293,0.8632927420251599,0.005357152065897314,0.24088430214326623,0.9404053750542108
1.2337021276595352,0.663295132099418,0.0,45.83145994199501,0.0025485927985142275,0.8635851799073709,0.0053535455695223775,0.24091139554817556,0.9406600665149734
1.2342021276595352,0.6639402131686878,0.0,45.81583784389844,0.002534354053778205,0.8638776027695841,0.005349975342411078,0.2409384889530849,0.940914199528842
1.2347021276595351,0.6645852942379573,0.0,45.80046243266023,0.0025201998843911067,0.8641700085085774,0.00534644245941428,0.2409655823579942,0.9411677723579084
1.235202127659535,0.6652303753072271,0.0,45.78536804773354,0.00250613485615375,0.8644623947057245,0.005342947902953159,0.24099267576290354,0.9414207830073125
1.235702127659535,0.6658754563764968,0.0,45.77048414680363,0.002492146973215407,0.8647547663029452,0.005339488149736361,0.24101976916781287,0.9416732358489447
1.236202127659535,0.6665205374457663,0.0,45.75580904111081,0.0024782358922914713,0.8650471234116753,0.005336062877453601,0.24104686257272218,0.941925131060384
1.236702127659535,0.6671656185150361,0.0,45.74134104434243,0.002464401270097336,0.8653394661433503,0.005332671766155789,0.2410739559776315,0.942176468818374
1.2372021276595349,0.6678106995843056,0.0,45.727078472546204,0.0024506427633483943,0.8656317946094059,0.0053293144982439365,0.24110104938254084,0.9424272492988237
1.2377021276595348,0.6684557806535754,0.0,45.71301964412038,0.0024369600287600392,0.8659241089212775,0.005325990758458043,0.24112814278745015,0.9426774726768066
1.2382021276595347,0.6691008617228449,0.0,45.699162879808284,0.002423352723047664,0.8662164091904007,0.005322700233865978,0.24115523619235948,0.9429271391265615
1.2387021276595347,0.6697459427921146,0.0,45.68550650260833,0.002409820502926662,0.8665086955282111,0.005319442613852367,0.24118232959726882,0.9431762488214929
1.2392021276595346,0.6703910238613844,0.0,45.67204883775639,0.0023963630251124268,0.8668009680461443,0.005316217590107438,0.24120942300217812,0.94342480193417
1.2397021276595346,0.6710361049306539,0.0,45.6587882127256,0.0023829799463203506,0.8670932268556358,0.005313024856615902,0.24123651640708746,0.9436727986363282
1.2402021276595345,0.6716811859999237,0.0,45.64572295715823,0.0023696709232658274,0.8673854720681213,0.005309864109645802,0.2412636098119968,0.9439202390988679
1.2407021276595345,0.6723262670691932,0.0,45.63285140282358,0.0023564356126642505,0.8676777037950363,0.005306735047737358,0.2412907032169061,0.9441671234918554
1.2412021276595344,0.6729713481384629,0.0,45.62017188363119,0.002343273671231013,0.8679699221478164,0.005303637371691821,0.24131779662181543,0.9444134519845228
1.2417021276595344,0.6736164292077325,0.0,45.60768273554243,0.0023301847556815073,0.8682621272378972,0.005300570784560305,0.24134489002672477,0.9446592247452679
1.2422021276595343,0.6742615102770022,0.0,45.59538229657161,0.0023171685227311276,0.8685543191767142,0.005297534991632637,0.24137198343163407,0.9449044419416546
1.2427021276595343,0.674906591346272,0.0,45.58326890675332,0.002304224629095267,0.868846498075703,0.005294529700426172,0.2413990768365434,0.9451491037404127
1.2432021276595342,0.6755516724155415,0.0,45.57134090808887,0.002291352731489318,0.8691386640462992,0.0052915546206746475,0.24142617024145274,0.9453932103074384
1.2437021276595341,0.6761967534848112,0.0,45.5595966445354,0.0022785524866286745,0.8694308171999384,0.005288609464316995,0.24145326364636208,0.9456367618077937
1.244202127659534,0.6768418345540808,0.0,45.54803446195714,0.0022658235512287295,0.8697229576480562,0.005285693945486185,0.24148035705127138,0.9458797584057074
1.244702127659534,0.6774869156233505,0.0,45.53665270811083,0.0022531655820048763,0.8700150855020881,0.005282807780498036,0.24150745045618072,0.9461222002645744
1.245202127659534,0.67813199669262,0.0,45.52544973260174,0.002240578235672508,0.8703072008734696,0.005279950687840064,0.24153454386109002,0.9463640875469561
1.245702127659534,0.6787770777618898,0.0,45.51442388686542,0.0022280611689470178,0.8705993038736364,0.00527712238816029,0.24156163726599936,0.9466054204145807
1.2462021276595339,0.6794221588311595,0.0,45.50357352411156,0.002215614038543799,0.8708913946140241,0.005274322604256093,0.2415887306709087,0.946846199028343
1.2467021276595338,0.680067239900429,0.0,45.49289699931899,0.0022032365011782446,0.8711834732060683,0.005271551061063018,0.24161582407581803,0.9470864235483044
1.2472021276595338,0.6807123209696988,0.0,45.48239266920975,0.0021909282135657484,0.8714755397612044,0.0052688074856436255,0.24164291748072736,0.9473260941336934
1.2477021276595337,0.6813574020389686,0.0,45.472058892181124,0.0021786888324217026,0.871767594390868,0.005266091607176324,0.24167001088563667,0.9475652109429051
1.2482021276595336,0.6820024831082381,0.0,45.46189402832683,0.002166518014461501,0.8720596372064949,0.005263403156944208,0.241697104290546,0.9478037741335023
1.2487021276595336,0.6826475641775076,0.0,45.45189643935689,0.002154415416400537,0.8723516683195205,0.005260741868323905,0.2417241976954553,0.9480417838622139
1.2492021276595335,0.6832926452467774,0.0,45.44206448862785,0.0021423806949542037,0.8726436878413804,0.005258107476774423,0.24175129110036464,0.9482792402849369
1.2497021276595335,0.6839377263160471,0.0,45.432396541046266,0.0021304135068378944,0.8729356958835102,0.005255499719826005,0.24177838450527397,0.9485161435567353
1.2502021276595334,0.6845828073853166,0.0,45.422890963082544,0.002118513508767002,0.8732276925573454,0.005252918337068991,0.24180547791018328,0.9487524938318401
1.2507021276595334,0.6852278884545864,0.0,45.413546122751185,0.0021066803574569196,0.8735196779743217,0.005250363070142682,0.24183257131509261,0.9489882912636503
1.2512021276595333,0.6858729695238561,0.0,45.404360389557425,0.0020949137096230408,0.8738116522458745,0.005247833662724218,0.24185966472000195,0.9492235360047319
1.2517021276595333,0.6865180505931257,0.0,45.39533213446108,0.002083213221980759,0.8741036154834396,0.005245329860517455,0.24188675812491128,0.9494582282068188
1.2522021276595332,0.6871631316623954,0.0,45.386459729883065,0.0020715785512454665,0.8743955677984525,0.0052428514112418615,0.2419138515298206,0.9496923680208127
1.2527021276595331,0.6878082127316649,0.0,45.37774154966973,0.0020600093541325577,0.8746875093023486,0.005240398064621409,0.24194094493472992,0.9499259555967826
1.253202127659533,0.6884532938009347,0.0,45.3691759690322,0.0020485052873574247,0.8749794401065637,0.005237969572373485,0.24196803833963926,0.950158991083966
1.253702127659533,0.6890983748702042,0.0,45.360761364562144,0.0020370660076354614,0.8752713603225334,0.005235565688197819,0.24199513174454856,0.9503914746307676
1.254202127659533,0.689743455939474,0.0,45.352496114196946,0.0020256911716820605,0.875563270061693,0.0052331861677654,0.2420222251494579,0.9506234063847604
1.254702127659533,0.6903885370087437,0.0,45.34437859715987,0.002014380436212616,0.8758551694354783,0.0052308307687074255,0.24204931855436723,0.9508547864926855
1.2552021276595329,0.6910336180780132,0.0,45.336407193976626,0.0020031334579425205,0.8761470585553248,0.005228499250604254,0.24207641195927654,0.9510856151004523
1.2557021276595328,0.691678699147283,0.0,45.32858028643298,0.0019919498935871676,0.8764389375326681,0.005226191374974368,0.24210350536418587,0.9513158923531381
1.2562021276595328,0.6923237802165525,0.0,45.32089625754107,0.00198082939986195,0.8767308064789439,0.005223906905263359,0.2421305987690952,0.9515456183949885
1.2567021276595327,0.6929688612858222,0.0,45.31335349153145,0.001969771633482261,0.8770226655055875,0.005221645606832914,0.2421576921740045,0.9517747933694176
1.2572021276595327,0.6936139423550918,0.0,45.30595037382414,0.0019587762511634943,0.8773145147240347,0.005219407246949831,0.24218478557891385,0.952003417419008
1.2577021276595326,0.6942590234243615,0.0,45.29868529098319,0.0019478429096210425,0.877606354245721,0.005217191594775037,0.24221187898382318,0.9522314906855104
1.2582021276595325,0.6949041044936313,0.0,45.29155663071789,0.0019369712655702993,0.8778981841820819,0.005214998421352628,0.24223897238873252,0.9524590133098444
1.2587021276595325,0.6955491855629008,0.0,45.28456278185902,0.001926160975726658,0.8781900046445531,0.005212827499598928,0.24226606579364182,0.9526859854320983
1.2592021276595324,0.6961942666321705,0.0,45.27770213431411,0.001915411696805511,0.8784818157445701,0.005210678604291559,0.24229315919855116,0.9529124071915287
1.2597021276595324,0.6968393477014401,0.0,45.27097307906108,0.0019047230855222526,0.8787736175935685,0.0052085515120585315,0.24232025260346046,0.9531382787265614
1.2602021276595323,0.6974844287707098,0.0,45.264374008129515,0.001894094798592275,0.879065410302984,0.005206446001367356,0.2423473460083698,0.9533636001747908
1.2607021276595323,0.6981295098399793,0.0,45.25790331455678,0.0018835264927309719,0.8793571939842519,0.005204361852514168,0.24237443941327913,0.9535883716729802
1.2612021276595322,0.6987745909092491,0.0,45.25155939238248,0.0018730178246537366,0.879648968748808,0.005202298847612882,0.24240153281818846,0.9538125933570619
1.2617021276595322,0.6994196719785188,0.0,45.245340636626324,0.0018625684510759624,0.8799407347080879,0.005200256770584349,0.2424286262230978,0.9540362653621374
1.262202127659532,0.7000647530477884,0.0,45.239245443253516,0.001852178028713042,0.880232491973527,0.00519823540714556,0.2424557196280071,0.9542593878224769
1.262702127659532,0.7007098341170581,0.0,45.23327220917429,0.001841846214280369,0.880524240656561,0.005196234544798846,0.24248281303291644,0.9544819608715199
1.263202127659532,0.7013549151863276,0.0,45.22741933219719,0.0018315726644933367,0.8808159808686253,0.005194253972821114,0.24250990643782575,0.9547039846418753
1.263702127659532,0.7019999962555974,0.0,45.221685211024955,0.001821357036067338,0.8811077127211558,0.005192293482253106,0.24253699984273508,0.9549254592653214
1.2642021276595319,0.7026450773248669,0.0,45.2160682452379,0.001811198985717766,0.8813994363255878,0.00519035286588868,0.2425640932476444,0.9551463848728052
1.2647021276595318,0.7032901583941367,0.0,45.21056683525229,0.0018010981701600142,0.881691151793357,0.00518843191826411,0.24259118665255375,0.9553667615944436
1.2652021276595318,0.7039352394634064,0.0,45.205179382312785,0.001791054246109476,0.8819828592358989,0.005186530435647416,0.24261828005746305,0.9555865895595228
1.2657021276595317,0.7045803205326759,0.0,45.199904288493585,0.0017810668702815443,0.8822745587646492,0.005184648216027723,0.2426453734623724,0.9558058688964987
1.2662021276595317,0.7052254016019457,0.0,45.19473995662384,0.0017711356993916124,0.8825662504910433,0.005182785059104639,0.24267246686728172,0.9560245997329962
1.2667021276595316,0.7058704826712152,0.0,45.18968479033159,0.0017612603901550738,0.882857934526517,0.005180940766277666,0.24269956027219103,0.9562427821958106
1.2672021276595316,0.706515563740485,0.0,45.18473719397813,0.001751440599287321,0.8831496109825056,0.005179115140635627,0.24272665367710036,0.9564604164109063
1.2677021276595315,0.7071606448097545,0.0,45.179895572664535,0.0017416759835037479,0.8834412799704449,0.005177307986946145,0.2427537470820097,0.9566775025034177
1.2682021276595314,0.7078057258790242,0.0,45.17515833220038,0.001731966199519747,0.8837329416017703,0.005175519111645127,0.242780840486919,0.9568940405976487
1.2687021276595314,0.708450806948294,0.0,45.17052387908966,0.0017223109040507122,0.8840245959879176,0.005173748322826284,0.24280793389182834,0.9571100308170736
1.2692021276595313,0.7090958880175635,0.0,45.16599062051694,0.0017127097538120364,0.8843162432403222,0.00517199543023069,0.24283502729673767,0.9573254732843358
1.2697021276595313,0.7097409690868333,0.0,45.16155696431276,0.001703162405519113,0.8846078834704197,0.005170260245236368,0.24286212070164698,0.9575403681212493
1.2702021276595312,0.7103860501561028,0.0,45.15722131896987,0.001693668515887335,0.8848995167896457,0.0051685425808478975,0.2428892141065563,0.9577547154487976
1.2707021276595312,0.7110311312253725,0.0,45.15298209359228,0.001684227741632096,0.8851911433094359,0.005166842251686073,0.24291630751146565,0.957968515387135
1.2712021276595311,0.7116762122946423,0.0,45.14883769788673,0.0016748397394687883,0.8854827631412256,0.005165159073977575,0.24294340091637498,0.9581817680555847
1.271702127659531,0.7123212933639118,0.0,45.1447865421545,0.0016655041661128062,0.8857743763964506,0.005163492865544693,0.24297049432128429,0.9583944735726412
1.272202127659531,0.7129663744331816,0.0,45.14082703727926,0.0016562206782795423,0.8860659831865465,0.005161843445795073,0.24299758772619362,0.9586066320559684
1.272702127659531,0.7136114555024511,0.0,45.13695759468136,0.0016469889326843896,0.8863575836229487,0.005160210635711498,0.24302468113110293,0.9588182436224009
1.273202127659531,0.7142565365717208,0.0,45.13317662635693,0.001637808586042742,0.8866491778170928,0.0051585942578417174,0.24305177453601226,0.9590293083879431
1.2737021276595308,0.7149016176409904,0.0,45.129482544794705,0.0016286792950699922,0.8869407658804146,0.005156994136288293,0.2430788679409216,0.9592398264677703
1.2742021276595308,0.7155466987102601,0.0,45.12587376301147,0.001619600716481534,0.8872323479243494,0.005155410096698503,0.24310596134583093,0.9594497979762276
1.2747021276595307,0.7161917797795299,0.0,45.12234869451168,0.0016105725069927596,0.8875239240603329,0.0051538419662542695,0.24313305475074026,0.9596592230268312
1.2752021276595307,0.7168368608487994,0.0,45.118979235768116,0.0016016065801726796,0.8878154892047271,0.0051522918923423405,0.24316014815564957,0.9598680980153868
1.2757021276595306,0.7174819419180691,0.0,45.11570504701875,0.001592691441977873,0.8881070476223608,0.005150757573500598,0.2431872415605589,0.9600764260466051
1.2762021276595306,0.7181270229873387,0.0,45.11251459952197,0.001583824985328939,0.8883986001276197,0.00514923850810012,0.2432143349654682,0.9602842077376438
1.2767021276595305,0.7187721040566084,0.0,45.10940716592839,0.0015750069984828998,0.8886901467713052,0.00514773455574185,0.24324142837037754,0.960491443157546
1.2772021276595305,0.7194171851258779,0.0,45.10638201919211,0.0015662372696967778,0.8889816876042183,0.005146245577050962,0.24326852177528688,0.9606981323749765
1.2777021276595304,0.7200622661951477,0.0,45.103438432614865,0.001557515587227595,0.8892732226771601,0.005144771433671999,0.2432956151801962,0.9609042754582214
1.2782021276595303,0.7207073472644174,0.0,45.10057567979724,0.001548841739332374,0.8895647520409321,0.005143311988264034,0.24332270858510552,0.9611098724751888
1.2787021276595303,0.721352428333687,0.0,45.09779303466599,0.001540215514268137,0.8898562757463352,0.005141867104495822,0.24334980199001485,0.9613149234934077
1.2792021276595302,0.7219975094029567,0.0,45.09508977143812,0.001531636700291906,0.8901477938441705,0.005140436647040951,0.2433768953949242,0.9615194285800291
1.2797021276595302,0.7226425904722262,0.0,45.092465164618744,0.0015231050856607034,0.8904393063852395,0.005139020481572983,0.2434039887998335,0.9617233878018259
1.2802021276595301,0.723287671541496,0.0,45.089918489028534,0.0015146204586315517,0.8907308134203431,0.0051376184747606085,0.24343108220474283,0.9619268012251917
1.28070212765953,0.7239327526107655,0.0,45.0874490197469,0.001506182607461473,0.8910223150002826,0.005136230494262791,0.24345817560965216,0.9621296689161428
1.28120212765953,0.7245778336800353,0.0,45.08505603214797,0.0014977913204074897,0.8913138111758591,0.005134856408723908,0.24348526901456147,0.9623319909403163
1.28170212765953,0.725222914749305,0.0,45.082738801873404,0.0014894463857266238,0.8916053019978738,0.005133496087768903,0.2435123624194708,0.9625337673629715
1.28220212765953,0.7258679958185745,0.0,45.08049660482211,0.0014811475916758977,0.891896787517128,0.005132149401998422,0.24353945582438014,0.9627349982489892
1.2827021276595298,0.7265130768878443,0.0,45.07832871716533,0.0014728947265123336,0.8921882677844226,0.005130816222983968,0.24356654922928944,0.962935683662872
1.2832021276595298,0.7271581579571138,0.0,45.07623441532382,0.001464687578492954,0.8924797428505591,0.005129496423263034,0.24359364263419878,0.963135823668744
1.2837021276595297,0.7278032390263836,0.0,45.074212975957764,0.001456525935874781,0.8927712127663384,0.005128189876334254,0.2436207360391081,0.9633354183303512
1.2842021276595297,0.7284483200956533,0.0,45.07226367597778,0.001448409586914837,0.8930626775825619,0.005126896456652551,0.24364782944401744,0.9635344677110615
1.2847021276595296,0.7290934011649228,0.0,45.070385792535,0.001440338319870144,0.8933541373500306,0.005125616039624276,0.24367492284892675,0.9637329718738643
1.2852021276595296,0.7297384822341926,0.0,45.0685786030026,0.0014323119229977246,0.8936455921195456,0.005124348501602358,0.24370201625383608,0.963930930881371
1.2857021276595295,0.7303835633034621,0.0,45.066841384970225,0.001424330184554601,0.8939370419419084,0.005123093719881453,0.2437291096587454,0.9641283447958147
1.2862021276595295,0.7310286443727319,0.0,45.065173416272096,0.0014163928927977952,0.89422848686792,0.005121851572693093,0.24375620306365473,0.9643252136790504
1.2867021276595294,0.7316737254420014,0.0,45.06357397494352,0.0014084998359843296,0.8945199269483814,0.005120621939200838,0.24378329646856406,0.9645215375925549
1.2872021276595293,0.7323188065112711,0.0,45.06204233921539,0.0014006508023712268,0.8948113622340941,0.0051194046994954235,0.2438103898734734,0.9647173165974268
1.2877021276595293,0.7329638875805409,0.0,45.06057778753407,0.0013928455802155086,0.895102792775859,0.005118199734589924,0.2438374832783827,0.9649125507543865
1.2882021276595292,0.7336089686498104,0.0,45.05917959855179,0.0013850839577741977,0.8953942186244774,0.0051170069264149,0.24386457668329203,0.9651072401237767
1.2887021276595292,0.7342540497190801,0.0,45.05784705109184,0.001377365723304316,0.8956856398307506,0.005115826157813569,0.24389167008820137,0.9653013847655616
1.2892021276595291,0.7348991307883497,0.0,45.05657942417704,0.0013696906650628859,0.8959770564454794,0.005114657312536957,0.24391876349311067,0.9654949847393273
1.289702127659529,0.7355442118576194,0.0,45.055375997016064,0.00136205857130693,0.8962684685194654,0.005113500275239072,0.24394585689802,0.9656880401042821
1.290202127659529,0.736189292926889,0.0,45.05423604898573,0.0013544692302934697,0.8965598761035095,0.005112354931472065,0.24397295030292934,0.9658805509192561
1.290702127659529,0.7368343739961587,0.0,45.05315885963426,0.0013469224302795283,0.896851279248413,0.0051112211676814095,0.24400004370783865,0.9660725172427013
1.291202127659529,0.7374794550654284,0.0,45.05214370867629,0.0013394179595221274,0.897142678004977,0.005110098871201071,0.24402713711274798,0.9662639391326918
1.2917021276595289,0.738124536134698,0.0,45.05118987600481,0.0013319556062782896,0.8974340724240027,0.0051089879302486894,0.24405423051765732,0.9664548166469238
1.2922021276595288,0.7387696172039675,0.0,45.050296641635555,0.001324535158805037,0.8977254625562914,0.00510788823392076,0.24408132392256662,0.9666451498427151
1.2927021276595287,0.7394146982732372,0.0,45.04946328576969,0.001317156405359392,0.8980168484526441,0.0051067996721878214,0.24410841732747596,0.9668349387770059
1.2932021276595287,0.740059779342507,0.0,45.048689088738385,0.0013098191341983766,0.898308230163862,0.005105722135889651,0.2441355107323853,0.9670241835063582
1.2937021276595286,0.7407048604117765,0.0,45.047973331010716,0.0013025231335790136,0.8985996077407462,0.0051046555167304575,0.2441626041372946,0.9672128840869562
1.2942021276595286,0.7413499414810463,0.0,45.04731529321008,0.0012952681917583247,0.8988909812340982,0.005103599707274084,0.24418969754220393,0.9674010405746062
1.2947021276595285,0.741995022550316,0.0,45.04671425607581,0.0012880540969933325,0.8991823506947187,0.0051025546009392155,0.24421679094711327,0.9675886530247364
1.2952021276595285,0.7426401036195855,0.0,45.04616950048393,0.0012808806375410593,0.8994737161734093,0.0051015200919945925,0.2442438843520226,0.9677757214923971
1.2957021276595284,0.7432851846888551,0.0,45.045680307425755,0.0012737476016585272,0.899765077720971,0.005100496075554226,0.2442709777569319,0.9679622460322609
1.2962021276595284,0.7439302657581248,0.0,45.04524595802875,0.0012666547776027583,0.900056435388205,0.005099482447572624,0.24429807116184124,0.9681482266986223
1.2967021276595283,0.7445753468273946,0.0,45.04486573352683,0.0012596019536307754,0.9003477892259125,0.005098479104840022,0.24432516456675057,0.9683336635453981
1.2972021276595282,0.7452204278966641,0.0,45.04453891525176,0.0012525889179996002,0.9006391392848946,0.0050974859449776175,0.24435225797165988,0.968518556626127
1.2977021276595282,0.7458655089659338,0.0,45.04426478466269,0.0012456154589662555,0.9009304856159523,0.005096502866432817,0.24437935137656921,0.9687029059939699
1.2982021276595281,0.7465105900352036,0.0,45.04404262330387,0.0012386813647877633,0.9012218282698873,0.00509552976847448,0.24440644478147855,0.9688867117017104
1.298702127659528,0.7471556711044731,0.0,45.04387171282589,0.0012317864237211457,0.9015131672975003,0.005094566551188184,0.24443353818638786,0.9690699738017533
1.299202127659528,0.7478007521737426,0.0,45.04375133497725,0.0012249304240234253,0.9018045027495926,0.005093613115471479,0.2444606315912972,0.9692526923461263
1.299702127659528,0.7484458332430124,0.0,45.04368077158351,0.0012181131539516243,0.9020958346769654,0.005092669363029173,0.24448772499620652,0.9694348673864793
1.300202127659528,0.7490909143122821,0.0,45.043659304564336,0.0012113344017627649,0.90238716313042,0.005091735196368599,0.24451481840111583,0.9696164989740841
1.3007021276595279,0.7497359953815517,0.0,45.043686215921156,0.001204593955713869,0.9026784881607574,0.005090810518794911,0.24454191180602516,0.9697975871598347
1.3012021276595278,0.7503810764508214,0.0,45.04376078773322,0.0011978916040619597,0.9029698098187787,0.0050898952344063785,0.2445690052109345,0.9699781319942475
1.3017021276595278,0.7510261575200912,0.0,45.04388230214541,0.0011912271350640587,0.9032611281552854,0.005088989248089688,0.24459609861584383,0.9701581335274614
1.3022021276595277,0.7516712385893607,0.0,45.04405004138129,0.0011846003369771884,0.9035524432210783,0.005088092465515263,0.24462319202075314,0.9703375918092368
1.3027021276595276,0.7523163196586302,0.0,45.0442632877352,0.001178010998058371,0.9038437550669589,0.005087204793132584,0.24465028542566247,0.9705165068889573
1.3032021276595276,0.7529614007279002,0.0,45.04452132355591,0.001171458906564629,0.9041350637437281,0.005086326138165516,0.2446773788305718,0.970694878815628
1.3037021276595275,0.7536064817971697,0.0,45.04482343124732,0.0011649438507529842,0.9044263693021873,0.005085456408607659,0.2447044722354811,0.9708727076378767
1.3042021276595275,0.7542515628664392,0.0,45.045168893285926,0.0011584656188804595,0.9047176717931376,0.005084595513217693,0.24473156564039045,0.9710499934039533
1.3047021276595274,0.754896643935709,0.0,45.045556992192026,0.0011520239992040765,0.90500897126738,0.005083743361514742,0.24475865904529978,0.9712267361617302
1.3052021276595274,0.7555417250049787,0.0,45.0459870105264,0.0011456187799808583,0.9053002677757159,0.0050828998637737445,0.24478575245020912,0.9714029359587019
1.3057021276595273,0.7561868060742483,0.0,45.04645823089104,0.0011392497494678263,0.9055915613689465,0.005082064931020837,0.24481284585511842,0.9715785928419853
1.3062021276595273,0.756831887143518,0.0,45.04696993596385,0.0011329166959220035,0.9058828520978728,0.005081238475028748,0.24483993926002776,0.9717537068583199
1.3067021276595272,0.7574769682127878,0.0,45.04752140842789,0.0011266194076004115,0.9061741400132961,0.0050804204083122004,0.2448670326649371,0.9719282780540671
1.3072021276595271,0.7581220492820573,0.0,45.04811193101041,0.0011203576727600731,0.9064654251660175,0.005079610644123329,0.2448941260698464,0.9721023064752109
1.307702127659527,0.7587671303513268,0.0,45.04874078647963,0.0011141312796580103,0.9067567076068381,0.005078809096447106,0.24492121947475573,0.9722757921673575
1.308202127659527,0.7594122114205966,0.0,45.04940725762481,0.0011079400165512456,0.9070479873865593,0.00507801567999678,0.24494831287966506,0.9724487351757358
1.308702127659527,0.7600572924898663,0.0,45.05011062725749,0.0011017836716968009,0.9073392645559821,0.005077230310209331,0.24497540628457437,0.9726211355451968
1.309202127659527,0.7607023735591358,0.0,45.05085017822957,0.0010956620333516989,0.9076305391659077,0.005076452903240929,0.2450024996894837,0.972792993320214
1.3097021276595269,0.7613474546284056,0.0,45.051625193405066,0.0010895748897729617,0.9079218112671373,0.005075683375962409,0.24502959309439304,0.972964308544883
1.3102021276595268,0.7619925356976753,0.0,45.052434955653105,0.0010835220292176114,0.9082130809104721,0.005074921645954769,0.24505668649930235,0.9731350812629224
1.3107021276595268,0.7626376167669449,0.0,45.053278747878814,0.0010775032399426704,0.9085043481467133,0.005074167631504663,0.24508377990421168,0.9733053115176727
1.3112021276595267,0.7632826978362144,0.0,45.05415585298263,0.001071518310205161,0.908795613026662,0.0050734212515999196,0.245110873309121,0.973474999352097
1.3117021276595267,0.7639277789054841,0.0,45.05506555388297,0.0010655670282621054,0.9090868756011193,0.005072682425925072,0.24513796671403032,0.9736441448087808
1.3122021276595266,0.7645728599747537,0.0,45.05600713350931,0.001059649182370526,0.9093781359208867,0.0050719510748569,0.24516506011893965,0.9738127479299321
1.3127021276595265,0.7652179410440234,0.0,45.056979874782826,0.0010537645607874451,0.9096693940367649,0.005071227119459989,0.245192153523849,0.9739808087573812
1.3132021276595265,0.7658630221132932,0.0,45.05798306063489,0.001047912951769885,0.9099606499995555,0.0050705104814823,0.2452192469287583,0.9741483273325812
1.3137021276595264,0.7665081031825627,0.0,45.05901597399627,0.0010420941435748676,0.9102519038600594,0.0050698010833507565,0.24524634033366763,0.974315303696607
1.3142021276595264,0.7671531842518324,0.0,45.060077897790435,0.0010363079244594155,0.9105431556690778,0.005069098848166848,0.24527343373857696,0.9744817378901568
1.3147021276595263,0.767798265321102,0.0,45.061168114935484,0.0010305540826805511,0.9108344054774121,0.005068403699702242,0.24530052714348627,0.9746476299535506
1.3152021276595263,0.7684433463903717,0.0,45.06228590835872,0.001024832406495296,0.9111256533358633,0.005067715562394425,0.2453276205483956,0.974812979926731
1.3157021276595262,0.7690884274596415,0.0,45.0634305609438,0.0010191426841606732,0.9114168992952325,0.00506703436134234,0.24535471395330494,0.9749777878492635
1.3162021276595262,0.769733508528911,0.0,45.06460135559187,0.0010134847039337046,0.911708143406321,0.005066360022302061,0.24538180735821424,0.9751420537603356
1.316702127659526,0.7703785895981807,0.0,45.065797575185655,0.0010078582540714127,0.91199938571993,0.005065692471682466,0.24540890076312358,0.9753057776987575
1.317202127659526,0.7710236706674503,0.0,45.06701850257481,0.0010022631228308197,0.9122906262868606,0.005065031636540936,0.2454359941680329,0.9754689597029619
1.317702127659526,0.77166875173672,0.0,45.06826342060341,0.0009966990984689476,0.9125818651579141,0.005064377444579075,0.24546308757294222,0.9756315998110041
1.318202127659526,0.7723138328059895,0.0,45.069531612103816,0.000991165969242819,0.9128731023838914,0.005063729824138433,0.24549018097785155,0.9757936980605616
1.3187021276595259,0.7729589138752593,0.0,45.070822359865254,0.0009856635234094563,0.9131643380155938,0.0050630887041962615,0.24551727438276089,0.9759552544889348
1.3192021276595258,0.773603994944529,0.0,45.07213494666997,0.0009801915492258812,0.9134555721038227,0.005062454014361277,0.24554436778767022,0.9761162691330464
1.3197021276595258,0.7742490760137986,0.0,45.0734686552619,0.0009747498349491164,0.913746804699379,0.005061825684869445,0.24557146119257953,0.9762767420294417
1.3202021276595257,0.7748941570830683,0.0,45.074871501384564,0.0009693485551122874,0.914038032406046,0.00506120495219418,0.24559855459748886,0.9764366713245408
1.3207021276595257,0.7755392381523378,0.0,45.076304056632374,0.0009639781341521097,0.9143292580128842,0.005060590558254167,0.24562564800239817,0.9765960585694421
1.3212021276595256,0.7761843192216076,0.0,45.07775884701348,0.0009586368386589565,0.9146204820486328,0.005059982243924562,0.24565274140730753,0.9767549040637505
1.3217021276595255,0.7768294002908773,0.0,45.07923558944043,0.0009533245458081914,0.9149117045333887,0.005059379953866533,0.24567983481221684,0.9769132078271258
1.3222021276595255,0.7774744813601469,0.0,45.080734000865554,0.0009480411327751775,0.9152029254872488,0.005058783633140046,0.24570692821712617,0.9770709698790782
1.3227021276595254,0.7781195624294166,0.0,45.08225379821686,0.0009427864767352784,0.9154941449303101,0.005058193227202007,0.2457340216220355,0.9772281902389687
1.3232021276595254,0.7787646434986861,0.0,45.08379469841858,0.0009375604548638573,0.9157853628826694,0.005057608681904403,0.2457611150269448,0.9773848689260087
1.3237021276595253,0.7794097245679559,0.0,45.0853564183946,0.000932362944336278,0.9160765793644239,0.005057029943492434,0.24578820843185414,0.9775410059592607
1.3242021276595253,0.7800548056372254,0.0,45.086938675063664,0.0009271938223279033,0.9163677943956703,0.005056456958602665,0.24581530183676348,0.9776966013576375
1.3247021276595252,0.7806998867064951,0.0,45.08854118533025,0.000922052966014097,0.9166590079965057,0.0050558896742611565,0.24584239524167278,0.9778516551399027
1.3252021276595252,0.7813449677757649,0.0,45.090163666105035,0.0009169402525702224,0.9169502201870269,0.005055328037881606,0.24586948864658212,0.9780061673246705
1.325702127659525,0.7819900488450344,0.0,45.091805834291605,0.0009118555591716428,0.9172414309873308,0.005054771997263485,0.24589658205149145,0.9781601379304058
1.326202127659525,0.7826351299143042,0.0,45.093467406760496,0.0009067987629937216,0.9175326404175146,0.005054221500590178,0.24592367545640076,0.9783135669754243
1.326702127659525,0.7832802109835737,0.0,45.095148100416125,0.0009017697412118224,0.917823848497675,0.005053676496427122,0.2459507688613101,0.9784664544778919
1.327202127659525,0.7839252920528434,0.0,45.09684763211598,0.0008967683710013083,0.9181150552479089,0.00505313693371994,0.24597786226621943,0.9786188004558258
1.3277021276595249,0.784570373122113,0.0,45.09856571873333,0.0008917945295375427,0.9184062606883134,0.005052602761792584,0.24600495567112873,0.9787706049270936
1.3282021276595248,0.7852154541913827,0.0,45.10030207711445,0.0008868480939958892,0.9186974648389854,0.005052073930345468,0.24603204907603807,0.9789218679094133
1.3287021276595248,0.7858605352606525,0.0,45.10205642410334,0.0008819289415517111,0.9189886677200219,0.005051550389453611,0.2460591424809474,0.9790725894203539
1.3292021276595247,0.786505616329922,0.0,45.103828476532726,0.0008770369493803717,0.9192798693515196,0.005051032089564768,0.2460862358858567,0.979222769477335
1.3297021276595247,0.7871506973991917,0.0,45.10561795122351,0.0008721719946572344,0.9195710697535756,0.005050518981497578,0.24611332929076604,0.9793724080976269
1.3302021276595246,0.7877957784684613,0.0,45.107424564975744,0.0008673339545576628,0.9198622689462869,0.005050011016439693,0.24614042269567538,0.9795215052983506
1.3307021276595246,0.788440859537731,0.0,45.10924803459346,0.00086252270625702,0.9201534669497503,0.005049508145945922,0.24616751610058468,0.9796700610964776
1.3312021276595245,0.7890859406070008,0.0,45.11108807684611,0.0008577381269306696,0.9204446637840629,0.005049010321936374,0.24619460950549402,0.9798180755088304
1.3317021276595244,0.7897310216762703,0.0,45.11294440851024,0.0008529800937539748,0.9207358594693215,0.005048517496694589,0.24622170291040335,0.9799655485520817
1.3322021276595244,0.79037610274554,0.0,45.11481674633103,0.0008482484839022991,0.921027054025623,0.005048029622865688,0.24624879631531268,0.9801124802427555
1.3327021276595243,0.7910211838148096,0.0,45.116704807047064,0.000843543174551006,0.9213182474730645,0.005047546653454508,0.246275889720222,0.980258870597226
1.3332021276595243,0.7916662648840793,0.0,45.118608307385664,0.0008388640428754586,0.9216094398317427,0.005047068541823748,0.24630298312513133,0.9804047196317183
1.3337021276595242,0.7923113459533488,0.0,45.12052696404123,0.0008342109660510205,0.9219006311217549,0.005046595241692112,0.24633007653004063,0.980550027362308
1.3342021276595242,0.7929564270226186,0.0,45.12246049371704,0.000829583821253055,0.9221918213631977,0.005046126707132449,0.24635716993494997,0.9806947938049217
1.3347021276595241,0.7936015080918883,0.0,45.12440861307407,0.0008249824856569256,0.9224830105761681,0.005045662892569903,0.2463842633398593,0.9808390189753365
1.335202127659524,0.7942465891611579,0.0,45.126371038768525,0.0008204068364379956,0.9227741987807633,0.005045203752780057,0.24641135674476863,0.9809827028891803
1.335702127659524,0.7948916702304276,0.0,45.12834748744299,0.0008158567507716284,0.9230653859970799,0.005044749242887081,0.24643845014967797,0.9811258455619314
1.336202127659524,0.7955367512996971,0.0,45.13033767570483,0.0008113321058331873,0.923356572245215,0.005044299318361879,0.24646554355458727,0.9812684470089191
1.336702127659524,0.7961818323689669,0.0,45.132341320163775,0.0008068327787980358,0.9236477575452654,0.005043853935020241,0.2464926369594966,0.9814105072453234
1.3372021276595238,0.7968269134382364,0.0,45.13435813739772,0.0008023586468415372,0.9239389419173283,0.005043413049020993,0.24651973036440591,0.9815520262861749
1.3377021276595238,0.7974719945075062,0.0,45.13638784396491,0.000797909587139055,0.9242301253815004,0.0050429766168641485,0.24654682376931525,0.9816930041463547
1.3382021276595237,0.7981170755767759,0.0,45.1384301564121,0.0007934854768659526,0.9245213079578787,0.005042544595389067,0.24657391717422458,0.9818334408405951
1.3387021276595237,0.7987621566460454,0.0,45.14048479126136,0.0007890861931975932,0.9248124896665603,0.005042116941772605,0.24660101057913392,0.9819733363834786
1.3392021276595236,0.7994072377153152,0.0,45.14255146499711,0.0007847116133093404,0.9251036705276419,0.005041693613527277,0.24662810398404322,0.9821126907894387
1.3397021276595236,0.8000523187845847,0.0,45.144629894112114,0.0007803616143765575,0.9253948505612205,0.0050412745684994134,0.24665519738895256,0.9822515040727595
1.3402021276595235,0.8006973998538544,0.0,45.14671979506073,0.0007760360735746077,0.925686029787393,0.005040859764867323,0.2466822907938619,0.9823897762475757
1.3407021276595235,0.8013424809231241,0.0,45.148820884275366,0.0007717348680788547,0.9259772082262565,0.005040449161139454,0.2467093841987712,0.9825275073278731
1.3412021276595234,0.8019875619923937,0.0,45.150932878174615,0.0007674578750646617,0.9262683858979079,0.005040042716152562,0.24673647760368053,0.9826646973274878
1.3417021276595233,0.8026326430616634,0.0,45.15305549314179,0.0007632049717073921,0.926559562822444,0.005039640389069877,0.24676357100858987,0.9828013462601066
1.3422021276595233,0.803277724130933,0.0,45.15518844554568,0.0007589760351824095,0.9268507390199618,0.0050392421393792705,0.24679066441349917,0.9829374541392675
1.3427021276595232,0.8039228052002027,0.0,45.157331451731814,0.000754770942665077,0.9271419145105584,0.005038847926891431,0.2468177578184085,0.9830730209783585
1.3432021276595232,0.8045678862694723,0.0,45.15948422802207,0.0007505895713307581,0.9274330893143304,0.005038457711738034,0.24684485122331784,0.9832080467906188
1.3437021276595231,0.805212967338742,0.0,45.16164649070602,0.0007464317983548162,0.927724263451375,0.005038071454369923,0.24687194462822715,0.9833425315891383
1.344202127659523,0.8058580484080117,0.0,45.16381795606586,0.0007422975009126146,0.9280154369417891,0.005037689115555287,0.24689903803313648,0.9834764753868573
1.344702127659523,0.8065031294772813,0.0,45.16599834034243,0.0007381865561795169,0.9283066098056697,0.0050373106563778415,0.24692613143804581,0.9836098781965673
1.345202127659523,0.807148210546551,0.0,45.168187359755976,0.0007340988413308861,0.9285977820631135,0.005036936038235015,0.24695322484295512,0.98374274003091
1.345702127659523,0.8077932916158206,0.0,45.17038473051012,0.0007300342335420861,0.9288889537342176,0.005036565222836133,0.24698031824786446,0.9838750609023781
1.3462021276595229,0.8084383726850902,0.0,45.172590168783174,0.0007259926099884798,0.929180124839079,0.005036198172200611,0.2470074116527738,0.9840068408233149
1.3467021276595228,0.80908345375436,0.0,45.17480339071095,0.0007219738478454311,0.9294712953977944,0.005035834848656148,0.24703450505768312,0.9841380798059146
1.3472021276595227,0.8097285348236296,0.0,45.177024112416085,0.0007179778242883028,0.9297624654304609,0.00503547521483692,0.24706159846259243,0.984268777862222
1.3477021276595227,0.8103736158928992,0.0,45.17925204999937,0.0007140044164924588,0.9300536349571755,0.005035119233681783,0.24708869186750176,0.9843989350041324
1.3482021276595226,0.8110186969621689,0.0,45.181486919522634,0.000710053501633262,0.9303448039980351,0.005034766868432471,0.24711578527241107,0.9845285512433923
1.3487021276595226,0.8116637780314385,0.0,45.183728437033835,0.0007061249568860763,0.9306359725731366,0.005034418082631805,0.2471428786773204,0.9846576265915986
1.3492021276595225,0.8123088591007082,0.0,45.185976318545734,0.0007022186594262648,0.9309271407025769,0.005034072840121901,0.24716997208222974,0.9847861610601989
1.3497021276595225,0.8129539401699778,0.0,45.1882302800484,0.0006983344864291909,0.9312183084064529,0.005033731105042384,0.24719706548713904,0.9849141546604916
1.3502021276595224,0.8135990212392475,0.0,45.19049003750475,0.000694472315070218,0.9315094757048618,0.005033392841828601,0.2472241588920484,0.9850416074036259
1.3507021276595224,0.8142441023085172,0.0,45.192755306837704,0.0006906320225247095,0.9318006426179002,0.005033058015209845,0.2472512522969577,0.9851685193006015
1.3512021276595223,0.8148891833777868,0.0,45.19502580397225,0.0006868134859680288,0.9320918091656651,0.005032726590207573,0.24727834570186705,0.985294890362269
1.3517021276595222,0.8155342644470565,0.0,45.19730124477194,0.0006830165825755393,0.9323829753682538,0.005032398532133641,0.24730543910677638,0.9854207205993298
1.3522021276595222,0.8161793455163261,0.0,45.19958134508937,0.0006792411895226043,0.9326741412457628,0.005032073806588529,0.2473325325116857,0.9855460100223358
1.3527021276595221,0.8168244265855957,0.0,45.20186582075765,0.0006754871839845873,0.9329653068182892,0.005031752379459578,0.24735962591659502,0.9856707586416897
1.353202127659522,0.8174695076548655,0.0,45.20415438756483,0.0006717544431368515,0.9332564721059299,0.005031434216919228,0.24738671932150436,0.9857949664676451
1.353702127659522,0.8181145887241351,0.0,45.20644676127497,0.0006680428441547607,0.9335476371287819,0.005031119285423266,0.24741381272641366,0.985918633510306
1.354202127659522,0.8187596697934048,0.0,45.208742657632214,0.0006643522642136778,0.9338388019069421,0.005030807551709069,0.247440906131323,0.9860417597796274
1.354702127659522,0.8194047508626744,0.0,45.21104179234377,0.0006606825804889666,0.9341299664605075,0.00503049898279386,0.24746799953623233,0.986164345285415
1.3552021276595219,0.820049831931944,0.0,45.21334388109249,0.0006570336701559902,0.9344211308095749,0.0050301935459729575,0.24749509294114164,0.986286390037325
1.3557021276595218,0.8206949130012137,0.0,45.215648639528304,0.0006534054103901119,0.9347122949742415,0.005029891208818048,0.24752218634605097,0.9864078940448646
1.3562021276595218,0.8213399940704834,0.0,45.21795578327662,0.0006497976783666954,0.9350034589746038,0.00502959193917544,0.2475492797509603,0.9865288573173916
1.3567021276595217,0.821985075139753,0.0,45.22026502792978,0.0006462103512611039,0.9352946228307591,0.005029295705164343,0.2475763731558696,0.9866492798641144
1.3572021276595216,0.8226301562090227,0.0,45.22257608905962,0.0006426433062487009,0.9355857865628043,0.00502900247517514,0.24760346656077895,0.9867691616940925
1.3577021276595216,0.8232752372782923,0.0,45.224888682200614,0.0006390964205048497,0.9358769501908363,0.005028712217867663,0.24763055996568828,0.9868885028162356
1.3582021276595215,0.823920318347562,0.0,45.227202522853936,0.0006355695712049137,0.9361681137349519,0.005028424902169488,0.24765765337059759,0.9870073032393047
1.3587021276595215,0.8245653994168316,0.0,45.229517326512855,0.0006320626355242562,0.9364592772152482,0.0050281404972742135,0.24768474677550692,0.9871255629719111
1.3592021276595214,0.8252104804861013,0.0,45.231832808616154,0.0006285754906382409,0.936750440651822,0.005027858972639769,0.24771184018041625,0.987243282022517
1.3597021276595214,0.825855561555371,0.0,45.234148684581974,0.0006251080137222307,0.9370416040647704,0.005027580297986702,0.24773893358532556,0.9873604603994351
1.3602021276595213,0.8265006426246406,0.0,45.236464669820435,0.0006216600819515894,0.9373327674741903,0.0050273044432964965,0.2477660269902349,0.9874770981108294
1.3607021276595213,0.8271457236939103,0.0,45.23878047967026,0.0006182315725016803,0.9376239309001785,0.005027031378809877,0.24779312039514423,0.9875931951647139
1.3612021276595212,0.8277908047631799,0.0,45.24109582947906,0.0006148223625478666,0.937915094362832,0.005026761075025125,0.24782021380005353,0.9877087515689539
1.3617021276595211,0.8284358858324495,0.0,45.243410434548395,0.000611432329265512,0.9382062578822479,0.0050264935026964105,0.24784730720496287,0.9878237673312651
1.362202127659521,0.8290809669017192,0.0,45.24572401015921,0.0006080613498299795,0.9384974214785229,0.0050262286328321085,0.2478744006098722,0.9879382424592141
1.362702127659521,0.8297260479709889,0.0,45.248036271546425,0.0006047093014166328,0.9387885851717541,0.005025966436693142,0.24790149401478154,0.9880521769602181
1.363202127659521,0.8303711290402586,0.0,45.250346933932846,0.0006013760612008351,0.9390797489820384,0.005025706885791323,0.24792858741969087,0.9881655708415451
1.363702127659521,0.8310162101095282,0.0,45.25265571250384,0.0005980615063579499,0.9393709129294726,0.00502544995188769,0.24795568082460018,0.9882784241103139
1.3642021276595209,0.8316612911787978,0.0,45.254962322420035,0.0005947655140633406,0.9396620770341538,0.005025195606990871,0.2479827742295095,0.9883907367734936
1.3647021276595208,0.8323063722480675,0.0,45.25726647881323,0.0005914879614923704,0.939953241316179,0.005024943823355436,0.24800986763441882,0.9885025088379049
1.3652021276595208,0.8329514533173371,0.0,45.25956789678218,0.0005882287258204031,0.9402444057956449,0.005024694573480266,0.24803696103932815,0.9886137403102183
1.3657021276595207,0.8335965343866069,0.0,45.26186629140537,0.0005849876842228016,0.9405355704926486,0.005024447830106918,0.2480640544442375,0.9887244311969554
1.3662021276595206,0.8342416154558765,0.0,45.26416137772,0.0005817647138749295,0.940826735427287,0.005024203566218013,0.24809114784914682,0.9888345815044889
1.3667021276595206,0.8348866965251461,0.0,45.26645287073898,0.0005785596919521503,0.941117900619657,0.005023961755035614,0.24811824125405613,0.9889441912390415
1.3672021276595205,0.8355317775944158,0.0,45.26874048546372,0.0005753724956298273,0.9414090660898556,0.005023722370019619,0.24814533465896546,0.9890532604066872
1.3677021276595205,0.8361768586636854,0.0,45.271023936837736,0.0005722030020833237,0.9417002318579798,0.0050234853848661574,0.2481724280638748,0.9891617890133504
1.3682021276595204,0.836821939732955,0.0,45.273302939797546,0.0005690510884880031,0.9419913979441265,0.005023250773506004,0.2481995214687841,0.9892697770648065
1.3687021276595204,0.8374670208022248,0.0,45.275577209247395,0.0005659166320192288,0.9422825643683924,0.005023018510102978,0.24822661487369344,0.9893772245666812
1.3692021276595203,0.8381121018714944,0.0,45.27784646006365,0.0005627995098523642,0.9425737311508747,0.005022788569052375,0.24825370827860277,0.9894841315244515
1.3697021276595203,0.8387571829407641,0.0,45.28011040709077,0.0005596995991627729,0.9428648983116702,0.005022560924979386,0.24828080168351208,0.9895904979434446
1.3702021276595202,0.8394022640100337,0.0,45.28236876514981,0.0005566167771258179,0.943156065870876,0.005022335552737536,0.2483078950884214,0.9896963238288387
1.3707021276595202,0.8400473450793033,0.0,45.28462124903029,0.0005535509209168628,0.9434472338485889,0.0050221124274071206,0.24833498849333074,0.9898016091856626
1.37120212765952,0.840692426148573,0.0,45.28689146021301,0.0005505075527113664,0.9437384005792934,0.005021891971356272,0.24836208189824005,0.9899063534139794
1.37170212765952,0.8413375072178427,0.0,45.289161811055834,0.0005474818177166142,0.944029567304159,0.005021673780998222,0.24838917530314938,0.9900105569637766
1.37220212765952,0.8419825882871124,0.0,45.29142755935586,0.0005444724915090473,0.9443207343578108,0.0050214577446794076,0.24841626870805872,0.9901142199539111
1.37270212765952,0.842627669356382,0.0,45.29368860071542,0.000541479504901845,0.944611901747591,0.005021243842793733,0.24844336211296802,0.990217342385145
1.3732021276595199,0.8432727504256516,0.0,45.29594483072719,0.0005385027887081867,0.9449030694808414,0.005021032055876775,0.24847045551787736,0.9903199242581856
1.3737021276595198,0.8439178314949213,0.0,45.29819614497424,0.0005355422737412516,0.9451942375649036,0.0050208223646051155,0.2484975489227867,0.9904219655736856
1.3742021276595198,0.8445629125641909,0.0,45.300442439025915,0.0005325978908142192,0.9454854060071198,0.00502061474979567,0.248524642327696,0.9905234663322431
1.3747021276595197,0.8452079936334606,0.0,45.30268360845472,0.0005296695707402685,0.9457765748148317,0.005020409192405016,0.24855173573260533,0.990624426534402
1.3752021276595197,0.8458530747027303,0.0,45.30491954880687,0.0005267572443325791,0.9460677439953812,0.00502020567352873,0.24857882913751467,0.9907248461806514
1.3757021276595196,0.8464981557719999,0.0,45.30715015562342,0.0005238608424043302,0.9463589135561102,0.00502000417440071,0.248605922542424,0.9908247252714258
1.3762021276595195,0.8471432368412696,0.0,45.30937532444035,0.0005209802957687012,0.9466500835043605,0.005019804676392509,0.2486330159473333,0.9909240638071055
1.3767021276595195,0.8477883179105392,0.0,45.3115949507929,0.0005181155352388713,0.9469412538474742,0.0050196071610126665,0.24866010935224264,0.991022861788016
1.3772021276595194,0.8484333989798089,0.0,45.31380893019019,0.00051526649162802,0.9472324245927929,0.005019411609906036,0.24868720275715198,0.9911211192144282
1.3777021276595194,0.8490784800490785,0.0,45.316017158136475,0.0005124330957493264,0.9475235957476585,0.005019218004853117,0.24871429616206128,0.9912188360865588
1.3782021276595193,0.8497235611183482,0.0,45.318219530135416,0.0005096152784159699,0.9478147673194132,0.005019026327769386,0.24874138956697062,0.9913160124045696
1.3787021276595193,0.8503686421876179,0.0,45.320415941677496,0.0005068129704411298,0.9481059393153984,0.005018836560704624,0.24876848297187995,0.9914126481685679
1.3792021276595192,0.8510137232568875,0.0,45.322606288235804,0.0005040261026379855,0.9483971117429564,0.00501864868584225,0.24879557637678928,0.9915087433786067
1.3797021276595192,0.8516588043261571,0.0,45.324790465287286,0.0005012546058197162,0.9486882846094287,0.0050184626854986505,0.2488226697816986,0.9916042980346843
1.380202127659519,0.8523038853954268,0.0,45.326968368300165,0.0004984984107995014,0.9489794579221574,0.005018278542122511,0.24884976318660793,0.9916993121367446
1.380702127659519,0.8529489664646964,0.0,45.329139892716995,0.0004957574483905202,0.9492706316884844,0.005018096238294145,0.24887685659151726,0.9917937856846767
1.381202127659519,0.8535940475339662,0.0,45.33130493398867,0.0004930316494059521,0.9495618059157515,0.005017915756724831,0.24890394999642657,0.9918877186783153
1.381702127659519,0.8542391286032358,0.0,45.33346338755328,0.0004903209446589763,0.9498529806113005,0.005017737080256135,0.2489310434013359,0.9919811111174407
1.3822021276595189,0.8548842096725054,0.0,45.33561514884048,0.0004876252649627721,0.9501441557824735,0.0050175601918592515,0.24895813680624523,0.9920739630017784
1.3827021276595188,0.8555292907417751,0.0,45.33776011326304,0.0004849445411305189,0.9504353314366121,0.00501738507463433,0.24898523021115454,0.9921662743309997
1.3832021276595188,0.8561743718110447,0.0,45.33989817624236,0.00048227870397539593,0.9507265075810583,0.005017211711809811,0.24901232361606387,0.9922580451047209
1.3837021276595187,0.8568194528803144,0.0,45.34202923318313,0.0004796276843105826,0.9510176842231539,0.005017040086741756,0.2490394170209732,0.9923492753225043
1.3842021276595187,0.8574645339495841,0.0,45.344153179464975,0.0004769914129492582,0.951308861370241,0.005016870182913181,0.24906651042588251,0.9924399649838571
1.3847021276595186,0.8581096150188537,0.0,45.34626991049328,0.00047436982070460197,0.9516000390296613,0.005016701983933393,0.24909360383079185,0.9925301140882324
1.3852021276595186,0.8587546960881234,0.0,45.34837932164005,0.0004717628383897933,0.9518912172087566,0.005016535473537324,0.24912069723570118,0.9926197226350286
1.3857021276595185,0.859399777157393,0.0,45.35048130827364,0.00046917039681801154,0.952182395914869,0.005016370635584858,0.2491477906406105,0.9927087906235895
1.3862021276595184,0.8600448582266627,0.0,45.35257576576302,0.00046659242680243594,0.9524735751553401,0.005016207454060179,0.24917488404551982,0.9927973180532044
1.3867021276595184,0.8606899392959323,0.0,45.35466258946522,0.00046402885915624583,0.952764754937512,0.005016045913071096,0.24920197745042916,0.9928853049231081
1.3872021276595183,0.8613350203652019,0.0,45.35674167472113,0.00046147962469262054,0.9530559352687265,0.005015885996848383,0.24922907085533846,0.9929727512324809
1.3877021276595183,0.8619801014344717,0.0,45.3588129168768,0.00045894465422473935,0.9533471161563255,0.005015727689745115,0.2492561642602478,0.9930596569804484
1.3882021276595182,0.8626251825037413,0.0,45.360876211266564,0.00045642387856578167,0.9536382976076507,0.005015570976236008,0.24928325766515713,0.9931460221660817
1.3887021276595182,0.863270263573011,0.0,45.362931453204695,0.0004539172285289267,0.9539294796300443,0.005015415840916753,0.24931035107006644,0.9932318467883976
1.3892021276595181,0.8639153446422806,0.0,45.36497853803204,0.0004514246349273538,0.9542206622308478,0.005015262268503357,0.24933744447497577,0.993317130846358
1.389702127659518,0.8645604257115502,0.0,45.36701736103991,0.0004489460285742424,0.9545118454174034,0.005015110243831481,0.2493645378798851,0.9934018743388705
1.390202127659518,0.8652055067808199,0.0,45.36904781754217,0.00044648134028277167,0.9548030291970527,0.00501495975185578,0.2493916312847944,0.9934860772647881
1.390702127659518,0.8658505878500896,0.0,45.37106980283721,0.0004440305008661209,0.9550942135771379,0.005014810777649247,0.24941872468970377,0.9935697396229091
1.391202127659518,0.8664956689193593,0.0,45.373083212203824,0.0004415934411374696,0.9553853985650006,0.005014663306402547,0.24944581809461308,0.9936528614119775
1.3917021276595178,0.8671407499886289,0.0,45.37508794093938,0.0004391700919099969,0.9556765841679827,0.005014517323423371,0.24947291149952242,0.9937354426306827
1.3922021276595178,0.8677858310578985,0.0,45.377083884317635,0.00043676038399688216,0.9559677703934262,0.005014372814135764,0.24950000490443175,0.9938174832776593
1.3927021276595177,0.8684309121271682,0.0,45.37907093759726,0.0004343642482113047,0.9562589572486728,0.005014229764079481,0.24952709830934106,0.9938989833514877
1.3932021276595177,0.8690759931964378,0.0,45.38104899606005,0.00043198161536644395,0.9565501447410646,0.00501408815890933,0.2495541917142504,0.9939799428506938
1.3937021276595176,0.8697210742657075,0.0,45.38301795495179,0.00042961241627547905,0.9568413328779434,0.00501394798439451,0.24958128511915972,0.9940603617737485
1.3942021276595176,0.8703661553349772,0.0,45.3849777095204,0.0004272565817515895,0.9571325216666509,0.005013809226417965,0.24960837852406903,0.9941402401190683
1.3947021276595175,0.8710112364042468,0.0,45.38692815502457,0.00042491404260795447,0.9574237111145291,0.0050136718709757324,0.24963547192897836,0.9942195778850157
1.3952021276595175,0.8716563174735165,0.0,45.38886918669574,0.00042258472965775326,0.9577149012289199,0.005013535904176285,0.2496625653338877,0.9942983750698979
1.3957021276595174,0.8723013985427861,0.0,45.390800699759374,0.00042026857371416527,0.9580060920171652,0.005013401312239884,0.249689658738797,0.9943766316719681
1.3962021276595173,0.8729464796120557,0.0,45.39272258945622,0.0004179655055903699,0.9582972834866068,0.005013268081497933,0.24971675214370634,0.9944543476894246
1.3967021276595173,0.8735915606813255,0.0,45.394634750995884,0.00041567545609954627,0.9585884756445866,0.005013136198392323,0.24974384554861567,0.9945315231204114
1.3972021276595172,0.8742366417505951,0.0,45.39653707960349,0.0004133983560548738,0.9588796684984464,0.005013005649474791,0.24977093895352498,0.9946081579630177
1.3977021276595172,0.8748817228198648,0.0,45.39842947047746,0.0004111341362695318,0.9591708620555283,0.00501287642140627,0.2497980323584343,0.9946842522152783
1.3982021276595171,0.8755268038891344,0.0,45.400311818836215,0.0004088827275566996,0.9594620563231739,0.005012748500956246,0.24982512576334365,0.9947598058751738
1.398702127659517,0.876171884958404,0.0,45.402184019867455,0.00040664406072955653,0.9597532513087252,0.005012621875002114,0.24985221916825295,0.9948348189406294
1.399202127659517,0.8768169660276737,0.0,45.404045968770625,0.0004044180666012818,0.9600444470195241,0.005012496530528535,0.2498793125731623,0.9949092914095166
1.399702127659517,0.8774620470969433,0.0,45.40589756074012,0.0004022046759850549,0.9603356434629124,0.005012372454626794,0.24990640597807162,0.9949832232796518
1.400202127659517,0.8781071281662131,0.0,45.4077386909442,0.00040000381969405505,0.960626840646232,0.005012249634494162,0.24993349938298093,0.9950566145487971
1.4007021276595168,0.8787522092354827,0.0,45.40956925458016,0.00039781542854146147,0.9609180385768249,0.005012128057433256,0.24996059278789026,0.9951294652146603
1.4012021276595168,0.8793972903047523,0.0,45.411389146806734,0.0003956394333404537,0.9612092372620329,0.005012007710851403,0.2499876861927996,0.995201775274894
1.4017021276595167,0.880042371374022,0.0,45.41319826280346,0.0003934757649042108,0.9615004367091977,0.005011888582259998,0.2500147795977089,0.9952735447270966
1.4022021276595167,0.8806874524432916,0.0,45.41499649774542,0.00039132435404591235,0.9617916369256614,0.005011770659273881,0.25004187300261826,0.9953447735688122
1.4027021276595166,0.8813325335125612,0.0,45.41678374676947,0.0003891851315787374,0.9620828379187657,0.005011653929610692,0.25006896640752757,0.99541546179753
1.4032021276595166,0.881977614581831,0.0,45.41855990505059,0.0003870580283158655,0.9623740396958526,0.005011538381090246,0.2500960598124369,0.9954856094106846
1.4037021276595165,0.8826226956511006,0.0,45.420324867734294,0.00038494297507047585,0.962665242264264,0.0050114240016339,0.25012315321734624,0.9955552164056566
1.4042021276595165,0.8832677767203703,0.0,45.4220785299706,0.00038283990265574783,0.9629564456313415,0.005011310779263928,0.25015024662225555,0.9956242827797712
1.4047021276595164,0.8839128577896399,0.0,45.423820786905665,0.0003807487418848606,0.9632476498044275,0.0050111987021028885,0.25017734002716485,0.9956928085302997
1.4052021276595164,0.8845579388589095,0.0,45.425551533690474,0.0003786694235709937,0.9635388547908633,0.005011087758373002,0.2502044334320742,0.9957607936544587
1.4057021276595163,0.8852030199281792,0.0,45.42727066544274,0.00037660187852732636,0.9638300605979911,0.005010977936395527,0.2502315268369835,0.9958282381494101
1.4062021276595162,0.8858481009974489,0.0,45.42897807731066,0.00037454603756703777,0.9641212672331527,0.005010869224590138,0.2502586202418928,0.9958951420122614
1.4067021276595162,0.8864931820667186,0.0,45.43067366442219,0.0003725018315033074,0.9644124747036901,0.0050107616114743025,0.2502857136468022,0.9959615052400653
1.4072021276595161,0.8871382631359882,0.0,45.43235732190634,0.0003704691911493145,0.9647036830169449,0.0050106550856626655,0.2503128070517115,0.9960273278298204
1.407702127659516,0.8877833442052578,0.0,45.43402894488487,0.00036844804731823847,0.9649948921802591,0.005010549635866429,0.2503399004566208,0.9960926097784704
1.408202127659516,0.8884284252745275,0.0,45.43568842848513,0.0003664383308232585,0.9652861022009748,0.005010445250892739,0.25036699386153016,0.9961573510829045
1.408702127659516,0.8890735063437971,0.0,45.437335667818985,0.000364439972477554,0.9655773130864335,0.005010341919644072,0.25039408726643947,0.9962215517399572
1.409202127659516,0.8897185874130669,0.0,45.43897055800419,0.00036245290309430423,0.9658685248439773,0.005010239631117618,0.2504211806713488,0.9962852117464088
1.4097021276595159,0.8903636684823365,0.0,45.44059299416872,0.00036047705348668855,0.9661597374809481,0.005010138374404681,0.25044827407625814,0.9963483310989849
1.4102021276595158,0.8910087495516061,0.0,45.442202871404334,0.00035851235446788626,0.9664509510046876,0.005010038138690058,0.25047536748116744,0.9964109097943563
1.4107021276595157,0.8916538306208758,0.0,45.443800084830286,0.00035655873685107667,0.9667421654225378,0.005009938913251447,0.25050246088607675,0.9964729478291395
1.4112021276595157,0.8922989116901454,0.0,45.44538452955953,0.0003546161314494391,0.9670333807418405,0.005009840687458829,0.2505295542909861,0.9965344451998965
1.4117021276595156,0.892943992759415,0.0,45.44695610069042,0.00035268446907615284,0.9673245969699377,0.005009743450773877,0.2505566476958954,0.9965954019031346
1.4122021276595156,0.8935890738286847,0.0,45.448514693328065,0.00035076368054439734,0.9676158141141711,0.005009647192749349,0.2505837411008047,0.9966558179353063
1.4127021276595155,0.8942341548979544,0.0,45.45006020257594,0.0003488536966673517,0.9679070321818828,0.005009551903028494,0.2506108345057141,0.9967156932928103
1.4132021276595155,0.8948792359672241,0.0,45.45159252353611,0.00034695444825819544,0.9681982511804144,0.005009457571344453,0.2506379279106234,0.9967750279719897
1.4137021276595154,0.8955243170364937,0.0,45.45311155130508,0.0003450658661301077,0.968489471117108,0.005009364187519667,0.25066502131553275,0.9968338219691341
1.4142021276595154,0.8961693981057633,0.0,45.45461718097822,0.000343187881096268,0.9687806919993054,0.005009271741465287,0.25069211472044206,0.9968920752804775
1.4147021276595153,0.896814479175033,0.0,45.45610930766264,0.00034132042396985547,0.9690719138343484,0.00500918022318058,0.25071920812535137,0.9969497879022003
1.4152021276595153,0.8974595602443026,0.0,45.45758782645612,0.0003394634255640495,0.969363136629579,0.005009089622752347,0.25074630153026073,0.9970069598304278
1.4157021276595152,0.8981046413135724,0.0,45.45905263243881,0.00033761681669202943,0.9696543603923389,0.005008999930354334,0.25077339493517004,0.9970635910612307
1.4162021276595151,0.898749722382842,0.0,45.46050362071578,0.0003357805281669745,0.9699455851299702,0.0050089111362466516,0.25080048834007934,0.9971196815906255
1.416702127659515,0.8993948034521116,0.0,45.46194068639595,0.00033395449080206405,0.9702368108498146,0.005008823230775195,0.2508275817449887,0.9971752314145736
1.417202127659515,0.9000398845213813,0.0,45.46336372454568,0.00033213863541047754,0.970528037559214,0.005008736204371065,0.250854675149898,0.9972302405289825
1.417702127659515,0.9006849655906509,0.0,45.464772630277885,0.0003303328928053941,0.9708192652655104,0.005008650047549991,0.2508817685548073,0.9972847089297046
1.418202127659515,0.9013300466599206,0.0,45.46616729869713,0.00032853719379999315,0.9711104939760455,0.005008564750911762,0.2509088619597167,0.997338636612538
1.4187021276595149,0.9019751277291903,0.0,45.46754762487435,0.000326751469207454,0.9714017236981614,0.005008480305139652,0.250935955364626,0.9973920235732261
1.4192021276595148,0.9026202087984599,0.0,45.468913503914834,0.0003249756498409559,0.9716929544391997,0.005008396700999857,0.2509630487695353,0.9974448698074578
1.4197021276595148,0.9032652898677296,0.0,45.47026483093295,0.0003232096665136782,0.9719841862065024,0.005008313929340923,0.25099014217444465,0.9974971753108676
1.4202021276595147,0.9039103709369992,0.0,45.47160150099299,0.00032145345003880025,0.9722754190074114,0.005008231981093187,0.25101723557935396,0.997548940079035
1.4207021276595146,0.9045554520062689,0.0,45.472923409219526,0.0003197069312295014,0.9725666528492686,0.005008150847268218,0.25104432898426327,0.9976001641074855
1.4212021276595146,0.9052005330755385,0.0,45.474230450704326,0.00031797004089896075,0.9728578877394158,0.005008070518958254,0.2510714223891726,0.9976508473916895
1.4217021276595145,0.9058456141448082,0.0,45.4755225205362,0.0003162427098603579,0.9731491236851949,0.005007990987335653,0.25109851579408193,0.9977009899270632
1.4222021276595145,0.9064906952140779,0.0,45.476810270389436,0.0003145312899798216,0.9734403599364778,0.005007912565417181,0.2511256091989913,0.9977505915806637
1.4227021276595144,0.9071357762833475,0.0,45.47808611707435,0.0003128306037529359,0.9737315970272461,0.005007834985404726,0.2511527026039006,0.9977996524402456
1.4232021276595144,0.9077808573526172,0.0,45.47934734285955,0.0003111389425223674,0.9740228351488409,0.005007758156426595,0.2511797960088099,0.9978481725328306
1.4237021276595143,0.9084259384218868,0.0,45.480593912598096,0.000309456271222604,0.9743140743036953,0.005007682071895599,0.25120688941371927,0.9978961518530737
1.4242021276595143,0.9090710194911564,0.0,45.48182579110583,0.0003077825547881335,0.9746053144942424,0.005007606725269979,0.2512339828186286,0.9979435903956112
1.4247021276595142,0.9097161005604261,0.0,45.483042943250496,0.0003061177581534438,0.974896555722915,0.005007532110053209,0.2512610762235379,0.9979904881550615
1.4252021276595142,0.9103611816296958,0.0,45.48424533389242,0.00030446184625302275,0.9751877979921463,0.005007458219793797,0.25128816962844724,0.9980368451260251
1.425702127659514,0.9110062626989655,0.0,45.485432927871855,0.00030281478402135813,0.9754790413043692,0.00500738504808509,0.25131526303335655,0.9980826613030841
1.426202127659514,0.9116513437682351,0.0,45.48660569006839,0.00030117653639293794,0.975770285662017,0.005007312588565073,0.25134235643826586,0.9981279366808027
1.426702127659514,0.9122964248375047,0.0,45.48776358535861,0.00029954706830224987,0.9760615310675222,0.005007240834916173,0.2513694498431752,0.998172671253727
1.427202127659514,0.9129415059067744,0.0,45.488906578599206,0.0002979263446837819,0.9763527775233184,0.005007169780865057,0.2513965432480845,0.998216865016385
1.4277021276595139,0.913586586976044,0.0,45.49003463468636,0.00029631433047202187,0.9766440250318382,0.005007099420182439,0.25142363665299383,0.9982605179632864
1.4282021276595138,0.9142316680453138,0.0,45.491147718513425,0.0002947109906014576,0.9769352735955149,0.0050070297466828775,0.2514507300579032,0.998303630088923
1.4287021276595138,0.9148767491145834,0.0,45.49224579496251,0.00029311629000657697,0.9772265232167813,0.005006960754224577,0.2514778234628125,0.9983462013877685
1.4292021276595137,0.915521830183853,0.0,45.493328828934175,0.0002915301936218678,0.9775177738980706,0.005006892436709191,0.2515049168677218,0.9983882318542785
1.4297021276595137,0.9161669112531227,0.0,45.494396785343326,0.00028995266638181795,0.9778090256418156,0.005006824788081623,0.25153201027263117,0.9984297214828903
1.4302021276595136,0.9168119923223923,0.0,45.495449629093734,0.00028838367322091534,0.9781002784504496,0.005006757802329827,0.2515591036775405,0.9984706702680235
1.4307021276595135,0.9174570733916619,0.0,45.49648732509512,0.00028682317907364774,0.9783915323264054,0.005006691473484608,0.2515861970824498,0.9985110782040791
1.4312021276595135,0.9181021544609317,0.0,45.49750983828864,0.0002852711488745031,0.9786827872721161,0.005006625795619424,0.25161329048735914,0.9985509452854405
1.4317021276595134,0.9187472355302013,0.0,45.49851713358758,0.0002837275475579692,0.9789740432900148,0.005006560762850188,0.25164038389226845,0.9985902715064726
1.4322021276595134,0.919392316599471,0.0,45.49950917592828,0.0002821923400585339,0.9792653003825345,0.005006496369335064,0.25166747729717776,0.9986290568615226
1.4327021276595133,0.9200373976687406,0.0,45.500485930270195,0.0002806654913106851,0.979556558552108,0.005006432609274277,0.2516945707020871,0.998667301344919
1.4332021276595133,0.9206824787380102,0.0,45.501447361540855,0.0002791469662489106,0.9798478178011685,0.005006369476909903,0.2517216641069964,0.9987050049509729
1.4337021276595132,0.9213275598072799,0.0,45.50239343469951,0.0002776367298076983,0.9801390781321491,0.005006306966525679,0.25174875751190573,0.9987421676739768
1.4342021276595132,0.9219726408765496,0.0,45.503324114711745,0.00027613474692153605,0.9804303395474826,0.005006245072446797,0.2517758509168151,0.9987787895082053
1.434702127659513,0.9226177219458193,0.0,45.50423936653258,0.00027464098252491173,0.9807216020496022,0.005006183789039711,0.2518029443217244,0.9988148704479148
1.435202127659513,0.9232628030150889,0.0,45.50513915514467,0.0002731554015523131,0.9810128656409409,0.005006123110711931,0.2518300377266337,0.9988504104873439
1.435702127659513,0.9239078840843585,0.0,45.50602344553722,0.00027167796893822816,0.9813041303239317,0.005006063031911831,0.25185713113154307,0.9988854096207126
1.436202127659513,0.9245529651536282,0.0,45.50689220266781,0.0002702086496171446,0.9815953961010077,0.005006003547128441,0.2518842245364524,0.9989198678422232
1.4367021276595129,0.9251980462228978,0.0,45.50774539155155,0.00026874740852355044,0.9818866629746017,0.0050059446508912584,0.2519113179413617,0.9989537851460597
1.4372021276595128,0.9258431272921676,0.0,45.50858297718904,0.0002672942105919334,0.9821779309471469,0.00500588633777004,0.25193841134627104,0.9989871615263882
1.4377021276595128,0.9264882083614372,0.0,45.509404924570674,0.00026584902075678146,0.9824692000210762,0.005005828602374607,0.25196550475118035,0.9990199969773564
1.4382021276595127,0.9271332894307068,0.0,45.51021119872331,0.00026441180395258234,0.9827604701988227,0.005005771439354645,0.25199259815608965,0.9990522914930942
1.4387021276595127,0.9277783704999765,0.0,45.51100176466373,0.000262982525113824,0.9830517414828195,0.0050057148433995035,0.252019691560999,0.9990840450677131
1.4392021276595126,0.9284234515692461,0.0,45.51177658741141,0.00026156114917499424,0.9833430138754995,0.005005658809238001,0.2520467849659083,0.9991152576953067
1.4397021276595126,0.9290685326385157,0.0,45.512535632009765,0.00026014764107058097,0.9836342873792958,0.00500560333163822,0.25207387837081763,0.9991459293699506
1.4402021276595125,0.9297136137077854,0.0,45.513278863500766,0.000258741965735072,0.9839255619966413,0.005005548405407316,0.252100971775727,0.9991760600857021
1.4407021276595124,0.9303586947770551,0.0,45.51400624691656,0.0002573440881029552,0.9842168377299692,0.005005494025391308,0.2521280651806363,0.9992056498366003
1.4412021276595124,0.9310037758463248,0.0,45.514717747334586,0.00025595397310871845,0.9845081145817123,0.005005440186474891,0.25215515858554566,0.9992346986166666
1.4417021276595123,0.9316488569155944,0.0,45.515413329797134,0.00025457158568684954,0.9847993925543038,0.005005386883581229,0.25218225199045496,0.9992632064199038
1.4422021276595123,0.932293937984864,0.0,45.516092959379215,0.00025319689077183636,0.9850906716501767,0.005005334111671759,0.25220934539536427,0.999291173240297
1.4427021276595122,0.9329390190541337,0.0,45.516756601171664,0.0002518298532981668,0.9853819518717639,0.005005281865745996,0.25223643880027363,0.9993185990718131
1.4432021276595122,0.9335841001234033,0.0,45.51740422023882,0.0002504704382003287,0.9856732332214986,0.005005230140841329,0.25226353220518294,0.9993454839084006
1.4437021276595121,0.9342291811926731,0.0,45.5180357816779,0.00024911861041280987,0.9859645157018136,0.005005178932032826,0.25229062561009225,0.9993718277439904
1.444202127659512,0.9348742622619427,0.0,45.51865125061066,0.0002477743348700982,0.9862557993151422,0.005005128234433035,0.2523177190150016,0.9993976305724948
1.444702127659512,0.9355193433312123,0.0,45.519250592107035,0.0002464375765066816,0.9865470840639172,0.005005078043191785,0.2523448124199109,0.9994228923878083
1.445202127659512,0.936164424400482,0.0,45.51983377130401,0.0002451083002570478,0.9868383699505717,0.005005028353495991,0.2523719058248202,0.9994476131838074
1.445702127659512,0.9368095054697516,0.0,45.52040075332931,0.00024378647105568482,0.9871296569775386,0.005004979160569453,0.2523989992297296,0.9994717929543501
1.4462021276595118,0.9374545865390213,0.0,45.52095150329299,0.00024247205383708036,0.9874209451472512,0.005004930459672661,0.2524260926346389,0.9994954316932766
1.4467021276595118,0.938099667608291,0.0,45.52148598634688,0.00024116501353572235,0.9877122344621423,0.0050048822461025945,0.2524531860395482,0.9995185293944089
1.4472021276595117,0.9387447486775606,0.0,45.522004167637974,0.00023986531508609862,0.9880035249246449,0.005004834515192527,0.25248027944445756,0.999541086051551
1.4477021276595117,0.9393898297468303,0.0,45.52250601231276,0.00023857292342269708,0.9882948165371921,0.005004787262311831,0.25250737284936686,0.9995631016584885
1.4482021276595116,0.9400349108160999,0.0,45.5229914855342,0.00023728780348000554,0.988586109302217,0.0050047404828657775,0.25253446625427617,0.9995845762089893
1.4487021276595116,0.9406799918853695,0.0,45.52346055248185,0.00023600992019251184,0.9888774032221525,0.005004694172295339,0.25256155965918553,0.999605509696803
1.4492021276595115,0.9413250729546392,0.0,45.52391317831797,0.0002347392384947039,0.9891686982994317,0.005004648326076998,0.25258865306409484,0.9996259021156609
1.4497021276595115,0.9419701540239089,0.0,45.524349328246934,0.00023347572332106949,0.9894599945364875,0.005004602939722545,0.2526157464690042,0.9996457534592765
1.4502021276595114,0.9426152350931786,0.0,45.524768967443244,0.00023221933960609653,0.989751291935753,0.005004558008778884,0.2526428398739135,0.9996650637213451
1.4507021276595113,0.9432603161624482,0.0,45.52517206111939,0.00023097005228427288,0.9900425904996613,0.0050045135288278395,0.2526699332788228,0.9996838328955439
1.4512021276595113,0.9439053972317178,0.0,45.52555857449631,0.0002297278262900863,0.9903338902306452,0.005004469495485956,0.2526970266837322,0.9997020609755318
1.4517021276595112,0.9445504783009875,0.0,45.525928472777906,0.00022849262655802482,0.9906251911311379,0.0050044259044043065,0.2527241200886415,0.99971974795495
1.4522021276595112,0.9451955593702571,0.0,45.52628172119783,0.00022726441802257613,0.9909164932035724,0.005004382751268294,0.2527512134935508,0.9997368938274211
1.4527021276595111,0.9458406404395268,0.0,45.52661828500258,0.00022604316561822816,0.9912077964503818,0.005004340031797461,0.25277830689846015,0.99975349858655
1.453202127659511,0.9464857215087965,0.0,45.526938129421815,0.00022482883427946877,0.991499100873999,0.00500429774174529,0.25280540030336945,0.9997695622259233
1.453702127659511,0.9471308025780661,0.0,45.52724121971091,0.0002236213889407858,0.9917904064768569,0.00500425587689901,0.25283249370827876,0.9997850847391095
1.454202127659511,0.9477758836473358,0.0,45.527527521155186,0.00022242079453666712,0.9920817132613888,0.005004214433079406,0.2528595871131881,0.9998000661196592
1.454702127659511,0.9484209647166054,0.0,45.52779699899796,0.00022122701600160055,0.9923730212300276,0.005004173406140622,0.25288668051809743,0.9998145063611046
1.4552021276595108,0.9490660457858751,0.0,45.52804961853381,0.00022004001827007397,0.9926643303852062,0.005004132791969965,0.25291377392300673,0.9998284054569598
1.4557021276595108,0.9497111268551447,0.0,45.52828534506207,0.00021885976627657525,0.9929556407293578,0.0050040925864877185,0.2529408673279161,0.9998417634007211
1.4562021276595107,0.9503562079244144,0.0,45.528504143861426,0.00021768622495559222,0.9932469522649153,0.005004052785646943,0.2529679607328254,0.9998545801858663
1.4567021276595107,0.9510012889936841,0.0,45.528705980245086,0.00021651935924161275,0.9935382649943119,0.005004013385433285,0.2529950541377347,0.9998668558058554
1.4572021276595106,0.9516463700629537,0.0,45.52889081954392,0.0002153591340691247,0.9938295789199804,0.0050039743818647885,0.25302214754264407,0.9998785902541303
1.4577021276595106,0.9522914511322234,0.0,45.529058627068316,0.00021420551437261593,0.9941208940443538,0.005003935770991698,0.2530492409475534,0.9998897835241144
1.4582021276595105,0.952936532201493,0.0,45.52920936815492,0.00021305846508657428,0.9944122103698654,0.005003897548896268,0.2530763343524627,0.9999004356092135
1.4587021276595105,0.9535816132707626,0.0,45.52934300816673,0.00021191795114548762,0.994703527898948,0.005003859711692575,0.25310342775737205,0.999910546502815
1.4592021276595104,0.9542266943400324,0.0,45.52945951243369,0.0002107839374838438,0.9949948466340346,0.0050038222555263195,0.25313052116228135,0.9999201161982881
1.4597021276595104,0.954871775409302,0.0,45.529558846329216,0.00020965638903613063,0.9952861665775584,0.005003785176574645,0.25315761456719066,0.9999291446889843
1.4602021276595103,0.9555168564785717,0.0,45.529640975236234,0.00020853527073683603,0.9955774877319523,0.005003748471045938,0.2531847079721,0.9999376319682365
1.4607021276595102,0.9561619375478413,0.0,45.529705864521866,0.00020742054752044786,0.9958688100996493,0.005003712135179645,0.2532118013770093,0.9999455780293598
1.4612021276595102,0.9568070186171109,0.0,45.529753479588344,0.00020631218432145393,0.9961601336830825,0.005003676165246078,0.25323889478191863,0.9999529828656512
1.4617021276595101,0.9574520996863806,0.0,45.52978378583916,0.00020521014607434212,0.9964514584846849,0.005003640557546233,0.253265988186828,0.9999598464703893
1.46220212765951,0.9580971807556503,0.0,45.529796748679146,0.00020411439771360028,0.9967427845068895,0.005003605308411591,0.2532930815917373,0.999966168836835
1.46270212765951,0.95874226182492,0.0,45.5297923335315,0.0002030249041737163,0.9970341117521292,0.0050035704142039365,0.2533201749966466,0.9999719499582307
1.46320212765951,0.9593873428941896,0.0,45.52977050583782,0.00020194163038917795,0.9973254402228373,0.00500353587131517,0.25334726840155597,0.9999771898278009
1.46370212765951,0.9600324239634592,0.0,45.52973123102428,0.00020086454129447317,0.9976167699214465,0.005003501676167117,0.2533743618064653,0.9999818884387521
1.4642021276595099,0.9606775050327289,0.0,45.529674474552586,0.0001997936018240898,0.9979081008503902,0.005003467825211342,0.2534014552113746,0.9999860457842725
1.4647021276595098,0.9613225861019985,0.0,45.529600201894574,0.0001987287769125157,0.998199433012101,0.005003434314928966,0.25342854861628394,0.9999896618575321
1.4652021276595097,0.9619676671712681,0.0,45.52950837850685,0.00019767003149423864,0.9984907664090122,0.005003401141830473,0.25345564202119325,0.9999927366516831
1.4657021276595097,0.9626127482405379,0.0,45.52939896987323,0.00019661733050374658,0.9987821010435568,0.005003368302455532,0.25348273542610256,0.9999952701598593
1.4662021276595096,0.9632578293098075,0.0,45.529271941500625,0.00019557063887552735,0.9990734369181677,0.005003335793372806,0.2535098288310119,0.9999972623751766
1.4667021276595096,0.9639029103790772,0.0,45.52912725887243,0.0001945299215440688,0.9993647740352781,0.005003303611179772,0.2535369222359212,0.9999987132907326
1.4672021276595095,0.9645479914483468,0.0,45.52896488751641,0.00019349514344385878,0.9996561123973209,0.0050032717525025335,0.25356401564083053,0.9999996228996069
1.4677021276595095,0.9651930725176164,0.0,45.52878479296242,0.0001924662695093851,0.999947452006729,0.005003240213995637,0.2535911090457399,0.9999999911948609
1.4682021276595094,0.9658381535868861,0.0,45.528586940725475,0.0001914432646751357,1.0002387928659355,0.005003208992341892,0.2536182024506492,0.9999998181695382
1.4687021276595094,0.9664832346561558,0.0,45.528371296373656,0.0001904260938755984,1.0005301349773736,0.005003178084252186,0.25364529585555856,0.9999991038166638
1.4692021276595093,0.9671283157254255,0.0,45.52813782543492,0.00018941472204526104,1.0008214783434763,0.005003147486465301,0.25367238926046787,0.9999978481292449
1.4697021276595092,0.9677733967946951,0.0,45.52788649350739,0.0001884091141186115,1.0011128229666764,0.0050031171957477345,0.2536994826653772,0.9999960511002706
1.4702021276595092,0.9684184778639647,0.0,45.52761726615343,0.00018740923503013764,1.001404168849407,0.00500308720889352,0.25372657607028654,0.9999937127227115
1.4707021276595091,0.9690635589332344,0.0,45.527330108963305,0.00018641504971432732,1.0016955159941012,0.005003057522724041,0.25375366947519584,0.9999908329895209
1.471202127659509,0.969708640002504,0.0,45.52702498753831,0.00018542652310566836,1.001986864403192,0.005003028134087858,0.25378076288010515,0.999987411893633
1.471702127659509,0.9703537210717738,0.0,45.526701867495056,0.00018444362013864859,1.0022782140791124,0.00500299903986052,0.2538078562850145,0.9999834494279647
1.472202127659509,0.9709988021410434,0.0,45.526360714444344,0.00018346630574775597,1.0025695650242954,0.0050029702369444005,0.2538349496899238,0.9999789455854142
1.472702127659509,0.971643883210313,0.0,45.52600149402515,0.0001824945448674783,1.002860917241174,0.005002941722268501,0.2538620430948331,0.9999739003588621
1.4732021276595089,0.9722889642795827,0.0,45.52562417188774,0.00018152830243230338,1.0031522707321814,0.00500291349278829,0.2538891364997425,0.9999683137411703
1.4737021276595088,0.9729340453488523,0.0,45.52522871368104,0.00018056754337671916,1.0034436254997503,0.005002885545485515,0.2539162299046518,0.9999621857251833
1.4742021276595088,0.9735791264181219,0.0,45.524815085073854,0.00017961223263521345,1.0037349815463141,0.005002857877368032,0.2539433233095611,0.9999555163037267
1.4747021276595087,0.9742242074873917,0.0,45.52438325175497,0.00017866233514227407,1.0040263388743056,0.005002830485469628,0.25397041671447046,0.9999483054696086
1.4752021276595086,0.9748692885566613,0.0,45.52393317940353,0.00017771781583238898,1.0043176974861576,0.0050028033668498475,0.25399751011937977,0.9999405532156187
1.4757021276595086,0.975514369625931,0.0,45.52346483371881,0.00017677863964004592,1.0046090573843036,0.005002776518593815,0.25402460352428907,0.9999322595345287
1.4762021276595085,0.9761594506952006,0.0,45.52297818043723,0.0001758447714997328,1.0049004185711763,0.005002749937812064,0.25405169692919843,0.9999234244190921
1.4767021276595085,0.9768045317644702,0.0,45.52247318525607,0.0001749161763459375,1.0051917810492088,0.005002723621640365,0.25407879033410774,0.9999140478620443
1.4772021276595084,0.9774496128337399,0.0,45.52194981392264,0.00017399281911314784,1.0054831448208343,0.00500269756723955,0.25410588373901705,0.9999041298561026
1.4777021276595084,0.9780946939030095,0.0,45.52140803220465,0.00017307466473585168,1.0057745098884854,0.005002671771795341,0.2541329771439264,0.9998936703939661
1.4782021276595083,0.9787397749722793,0.0,45.52084780583934,0.00017216167814853689,1.0060658762545955,0.005002646232518186,0.2541600705488357,0.9998826694683162
1.4787021276595083,0.9793848560415489,0.0,45.520269100618464,0.0001712538242856913,1.0063572439215975,0.005002620946643077,0.2541871639537451,0.9998711270718154
1.4792021276595082,0.9800299371108185,0.0,45.519671882307705,0.00017035106808180282,1.0066486128919245,0.005002595911429391,0.2542142573586544,0.9998590431971088
1.4797021276595081,0.9806750181800882,0.0,45.51905611671886,0.00016945337447135921,1.0069399831680093,0.0050025711241607155,0.2542413507635637,0.9998464178368232
1.480202127659508,0.9813200992493578,0.0,45.5184217696675,0.00016856070838884845,1.007231354752285,0.005002546582144684,0.25426844416847305,0.999833250983567
1.480702127659508,0.9819651803186275,0.0,45.51776880696458,0.00016767303476875829,1.0075227276471848,0.005002522282712807,0.25429553757338236,0.9998195426299308
1.481202127659508,0.9826102613878972,0.0,45.51709719444195,0.00016679031854557663,1.0078141018551416,0.005002498223220303,0.25432263097829166,0.9998052927684868
1.481702127659508,0.9832553424571668,0.0,45.51640689796512,0.00016591252465379138,1.0081054773785885,0.005002474401045937,0.254349724383201,0.9997905013917895
1.4822021276595079,0.9839004235264365,0.0,45.515697883378195,0.00016503961802789025,1.0083968542199582,0.005002450813591855,0.25437681778811033,0.9997751684923749
1.4827021276595078,0.9845455045957061,0.0,45.51497011655068,0.00016417156360236122,1.0086882323816841,0.0050024274582834176,0.25440391119301964,0.999759294062761
1.4832021276595078,0.9851905856649757,0.0,45.51422356339015,0.00016330832631169213,1.008979611866199,0.005002404332569039,0.254431004597929,0.9997428780954477
1.4837021276595077,0.9858356667342454,0.0,45.51345818977033,0.00016244987109037082,1.0092709926759362,0.005002381433920023,0.2544580980028383,0.9997259205829169
1.4842021276595077,0.9864807478035151,0.0,45.51267396161169,0.0001615961628728851,1.0095623748133282,0.005002358759830401,0.2544851914077476,0.9997084215176321
1.4847021276595076,0.9871258288727848,0.0,45.51187084484334,0.00016074716659372288,1.0098537582808087,0.005002336307816773,0.254512284812657,0.9996903808920389
1.4852021276595075,0.9877709099420544,0.0,45.511048805394665,0.00015990284718737197,1.0101451430808102,0.0050023140754181464,0.2545393782175663,0.9996717986985647
1.4857021276595075,0.988415991011324,0.0,45.51020780921234,0.00015906316958832033,1.0104365292157658,0.0050022920601957765,0.2545664716224756,0.9996526749296188
1.4862021276595074,0.9890610720805937,0.0,45.50934782227309,0.00015822809873105575,1.0107279166881087,0.005002270259733009,0.25459356502738495,0.9996330095775925
1.4867021276595074,0.9897061531498633,0.0,45.50846881053717,0.00015739759955006602,1.0110193055002719,0.005002248671635123,0.25462065843229426,0.9996128026348586
1.4872021276595073,0.9903512342191331,0.0,45.50757074000352,0.0001565716369798391,1.0113106956546882,0.005002227293529174,0.25464775183720356,0.9995920540937724
1.4877021276595073,0.9909963152884027,0.0,45.506653576671724,0.00015575017595486279,1.011602087153791,0.005002206123063836,0.2546748452421129,0.9995707639466704
1.4882021276595072,0.9916413963576723,0.0,45.50571728655897,0.00015493318140962495,1.0118934800000128,0.005002185157909252,0.25470193864702223,0.9995489321858715
1.4887021276595072,0.992286477426942,0.0,45.50476183569171,0.00015412061827861347,1.012184874195787,0.005002164395756874,0.25472903205193154,0.9995265588036761
1.489202127659507,0.9929315584962116,0.0,45.503787190122665,0.00015331245149631618,1.0124762697435468,0.0050021438343193165,0.2547561254568409,0.9995036437923669
1.489702127659507,0.9935766395654813,0.0,45.50279397647623,0.0001525091786668119,1.0127676665992202,0.005002123486104722,0.2547832188617502,0.9994801871479948
1.490202127659507,0.9942217206347509,0.0,45.50178575739837,0.00015171347040252841,1.01305906451204,0.005002103423405064,0.2548103122666595,0.999456188884153
1.490702127659507,0.9948668017040206,0.0,45.5007585760379,0.00015092198072656952,1.0133504637606083,0.005002083551799739,0.2548374056715689,0.9994316489712267
1.4912021276595069,0.9955118827732903,0.0,45.49971242292681,0.00015013469328990263,1.0136418643456353,0.005002063869628341,0.2548644990764782,0.9994065674017069
1.4917021276595068,0.9961569638425599,0.0,45.49864728864333,0.00014935159174349515,1.0139332662678309,0.0050020443752418695,0.2548915924813875,0.9993809441680794
1.4922021276595068,0.9968020449118296,0.0,45.49756316378232,0.00014857265973831446,1.0142246695279047,0.005002025067002679,0.25491868588629685,0.9993547792628249
1.4927021276595067,0.9974471259810992,0.0,45.496460038921306,0.000147797880925328,1.014516074126567,0.005002005943284426,0.25494577929120615,0.9993280726784184
1.4932021276595067,0.9980922070503688,0.0,45.49533790467568,0.00014702723895550318,1.014807480064528,0.00500198700247202,0.25497287269611546,0.9993008244073297
1.4937021276595066,0.9987372881196386,0.0,45.49419675167749,0.0001462607174798074,1.015098887342497,0.005001968242961574,0.2549999661010248,0.9992730344420235
1.4942021276595066,0.9993823691889082,0.0,45.49303657053733,0.00014549830014920804,1.0153902959611847,0.005001949663160354,0.25502705950593413,0.999244702774959
1.4947021276595065,1.0000274502581779,0.0,45.49185735190791,0.00014473997061467255,1.0156817059213006,0.005001931261486726,0.25505415291084343,0.9992158293985901
1.4952021276595064,1.0006725313274476,0.0,45.490659086454436,0.00014398571252716833,1.0159731172235549,0.005001913036370108,0.2550812463157528,0.9991864143053654
1.4957021276595064,1.0013176123967171,0.0,45.48944176483344,0.00014323550953766276,1.0162645298686575,0.005001894986250919,0.2551083397206621,0.9991564574877282
1.4962021276595063,1.0019626934659867,0.0,45.4882053777394,0.0001424893452971233,1.0165559438573182,0.00500187710958053,0.2551354331255714,0.9991259589381165
1.4967021276595063,1.0026077745352566,0.0,45.4869499158624,0.00014174720345651727,1.0168473591902472,0.005001859404821207,0.25516252653048077,0.999094918648963
1.4972021276595062,1.0032528556045262,0.0,45.485675369909316,0.00014100906766681217,1.0171387758681543,0.00500184187044607,0.2551896199353901,0.9990633366126951
1.4977021276595062,1.0038979366737957,0.0,45.48438173059119,0.00014027492157897537,1.0174301938917498,0.005001824504939035,0.2552167133402994,0.9990312128217347
1.498202127659506,1.0045430177430654,0.0,45.48306898866551,0.00013954474884397426,1.0177216132617433,0.005001807306794767,0.25524380674520875,0.9989985472684988
1.498702127659506,1.0051880988123352,0.0,45.48173713484738,0.00013881853311277628,1.018013033978845,0.005001790274518628,0.25527090015011805,0.9989653399453985
1.499202127659506,1.0058331798816047,0.0,45.48038615991958,0.00013809625803634884,1.0183044560437648,0.0050017734066266275,0.2552979935550274,0.9989315908448402
1.499702127659506,1.0064782609508744,0.0,45.47901605463103,0.0001373779072656593,1.0185958794572125,0.005001756701645369,0.2553250869599367,0.9988972999592246
1.500202127659506,1.0071233420201442,0.0,45.47762680978566,0.00013666346445167512,1.0188873042198985,0.005001740158112004,0.2553521803648461,0.9988624672809471
1.5007021276595058,1.0077684230894137,0.0,45.47621841615778,0.0001359529132453637,1.0191787303325324,0.005001723774574176,0.2553792737697554,0.998827092802398
1.5012021276595058,1.0084135041586832,0.0,45.47479086456833,0.0001352462372976924,1.0194701577958243,0.005001707549589978,0.2554063671746647,0.998791176515962
1.5017021276595057,1.009058585227953,0.0,45.47334414584254,0.0001345434202596287,1.019761586610484,0.005001691481727891,0.255433460579574,0.998754718414019
1.5022021276595057,1.0097036662972227,0.0,45.47187825081842,0.00013384444578213995,1.0200530167772217,0.005001675569566742,0.25546055398448336,0.9987177184889429
1.5027021276595056,1.0103487473664923,0.0,45.47039317032137,0.0001331492975161936,1.0203444482967474,0.005001659811695651,0.25548764738939267,0.9986801767331026
1.5032021276595056,1.010993828435762,0.0,45.46888889524046,0.000132457959112757,1.0206358811697709,0.005001644206713978,0.25551474079430203,0.9986420931388619
1.5037021276595055,1.0116389095050318,0.0,45.46736541641828,0.00013177041422279766,1.0209273153970022,0.005001628753231274,0.25554183419921134,0.9986034676985791
1.5042021276595055,1.0122839905743013,0.0,45.465822724752684,0.00013108664649728288,1.0212187509791515,0.005001613449867233,0.25556892760412064,0.998564300404607
1.5047021276595054,1.0129290716435708,0.0,45.46426081115015,0.0001304066395871801,1.0215101879169284,0.005001598295251638,0.25559602100902995,0.9985245912492935
1.5052021276595053,1.0135741527128406,0.0,45.46267966652159,0.00012973037714345678,1.0218016262110432,0.00500158328802431,0.2556231144139393,0.9984843402249807
1.5057021276595053,1.0142192337821103,0.0,45.46107928177818,0.00012905784281708025,1.0220930658622056,0.005001568426835061,0.2556502078188486,0.9984435473240059
1.5062021276595052,1.0148643148513798,0.0,45.45945964786521,0.00012838902025901798,1.022384506871126,0.0050015537103436395,0.2556773012237579,0.9984022125387007
1.5067021276595052,1.0155093959206496,0.0,45.45782075574093,0.00012772389312023735,1.0226759492385136,0.005001539137219684,0.2557043946286673,0.9983603358613914
1.5072021276595051,1.0161544769899193,0.0,45.4561625963512,0.00012706244505170577,1.022967392965079,0.005001524706142668,0.2557314880335766,0.9983179172843993
1.507702127659505,1.0167995580591889,0.0,45.45448516068875,0.00012640465970439066,1.0232588380515324,0.0050015104158018546,0.25575858143848595,0.9982749568000402
1.508202127659505,1.0174446391284584,0.0,45.452788439729744,0.00012575052072925943,1.023550284498583,0.00500149626489624,0.25578567484339526,0.9982314544006243
1.508702127659505,1.0180897201977281,0.0,45.45107242448879,0.00012510001177727943,1.0238417323069413,0.005001482252134508,0.25581276824830457,0.9981874100784571
1.509202127659505,1.018734801266998,0.0,45.449337105976646,0.00012445311649941814,1.0241331814773171,0.00500146837623498,0.25583986165321393,0.9981428238258383
1.5097021276595048,1.0193798823362674,0.0,45.447582475208705,0.00012380981854664296,1.0244246320104204,0.0050014546359255585,0.25586695505812324,0.9980976956350623
1.5102021276595048,1.0200249634055372,0.0,45.44580852324313,0.00012317010156992126,1.0247160839069613,0.005001441029943683,0.25589404846303254,0.9980520254984185
1.5107021276595047,1.020670044474807,0.0,45.444015241134295,0.00012253394922022047,1.0250075371676497,0.0050014275570362775,0.2559211418679419,0.9980058134081907
1.5112021276595047,1.0213151255440764,0.0,45.44220261994126,0.00012190134514850801,1.0252989917931954,0.0050014142159597,0.2559482352728512,0.9979590593566576
1.5117021276595046,1.021960206613346,0.0,45.440370650748996,0.00012127227300575127,1.0255904477843085,0.005001401005479691,0.2559753286777605,0.9979117633360924
1.5122021276595046,1.022605287682616,0.0,45.43851932465992,0.00012064671644291766,1.025881905141699,0.005001387924371327,0.2560024220826699,0.9978639253387631
1.5127021276595045,1.0232503687518855,0.0,45.4366486327685,0.00012002465911097458,1.0261733638660768,0.005001374971418966,0.2560295154875792,0.9978155453569322
1.5132021276595045,1.023895449821155,0.0,45.4347585661994,0.00011940608466088945,1.026464823958152,0.005001362145416202,0.2560566088924885,0.9977666233828573
1.5137021276595044,1.0245405308904247,0.0,45.43284911609903,0.00011879097674362968,1.0267562854186343,0.005001349445165807,0.25608370229739785,0.9977171594087901
1.5142021276595043,1.0251856119596945,0.0,45.43092027359321,0.00011817931901016265,1.027047748248234,0.0050013368694796926,0.25611079570230716,0.9976671534269775
1.5147021276595043,1.025830693028964,0.0,45.42897202985922,0.00011757109511145584,1.027339212447661,0.0050013244171788485,0.25613788910721647,0.9976166054296609
1.5152021276595042,1.0264757740982335,0.0,45.42700437607071,0.00011696628869847659,1.0276306780176252,0.0050013120870932995,0.2561649825121258,0.9975655154090763
1.5157021276595042,1.0271208551675035,0.0,45.42501730340201,0.00011636488342219232,1.0279221449588365,0.005001299878062054,0.25619207591703513,0.9975138833574545
1.5162021276595041,1.027765936236773,0.0,45.423010803066234,0.00011576686293357044,1.028213613272005,0.0050012877889330535,0.25621916932194444,0.9974617092670208
1.516702127659504,1.0284110173060426,0.0,45.42098486628143,0.00011517221088357837,1.0285050829578406,0.005001275818563123,0.2562462627268538,0.9974089931299956
1.517202127659504,1.0290560983753123,0.0,45.41893948425368,0.00011458091092318351,1.0287965540170534,0.00500126396581792,0.2562733561317631,0.9973557349385935
1.517702127659504,1.029701179444582,0.0,45.41687464824906,0.00011399294670335329,1.029088026450353,0.005001252229571889,0.2563004495366724,0.9973019346850241
1.518202127659504,1.0303462605138516,0.0,45.41479034951329,0.00011340830187505509,1.0293795002584498,0.005001240608708205,0.2563275429415818,0.9972475923614915
1.5187021276595039,1.0309913415831213,0.0,45.41268657930554,0.00011282696008925631,1.0296709754420537,0.005001229102118732,0.2563546363464911,0.9971927079601947
1.5192021276595038,1.031636422652391,0.0,45.41056332892393,0.00011224890499692439,1.0299624520018744,0.005001217708703967,0.25638172975140044,0.997137281473327
1.5197021276595037,1.0322815037216606,0.0,45.40842058965045,0.00011167412024902672,1.0302539299386222,0.005001206427372992,0.25640882315630975,0.997081312893077
1.5202021276595037,1.0329265847909301,0.0,45.40625835278913,0.00011110258949653071,1.030545409253007,0.005001195257043429,0.25643591656121906,0.9970248022116273
1.5207021276595036,1.0335716658601999,0.0,45.40407660967451,0.00011053429639040375,1.0308368899457385,0.005001184196641383,0.25646300996612836,0.9969677494211556
1.5212021276595036,1.0342167469294696,0.0,45.40187535165051,0.00010996922458161329,1.031128372017527,0.005001173245101401,0.2564901033710377,0.9969101545138344
1.5217021276595035,1.0348618279987392,0.0,45.399654570045016,0.0001094073577211267,1.0314198554690823,0.005001162401366415,0.25651719677594703,0.9968520174818303
1.5222021276595035,1.035506909068009,0.0,45.397414256229204,0.00010884867945991142,1.0317113403011147,0.005001151664387698,0.25654429018085634,0.9967933383173052
1.5227021276595034,1.0361519901372787,0.0,45.39515440159638,0.00010829317344893482,1.0320028265143335,0.005001141033124815,0.2565713835857657,0.9967341170124154
1.5232021276595034,1.0367970712065482,0.0,45.39287499750697,0.00010774082333916434,1.0322943141094492,0.0050011305065455714,0.256598476990675,0.996674353559312
1.5237021276595033,1.0374421522758177,0.0,45.390576035381685,0.00010719161278156736,1.0325858030871717,0.005001120083625965,0.2566255703955843,0.9966140479501405
1.5242021276595032,1.0380872333450875,0.0,45.38825750665071,0.00010664552542711132,1.0328772934482109,0.005001109763350138,0.2566526638004937,0.9965532001770415
1.5247021276595032,1.0387323144143572,0.0,45.38591940272414,0.0001061025449267636,1.0331687851932767,0.00500109954471033,0.256679757205403,0.99649181023215
1.5252021276595031,1.0393773954836267,0.0,45.38356171505548,0.00010556265493149162,1.033460278323079,0.005001089426706824,0.2567068506103123,0.996429878107596
1.525702127659503,1.0400224765528965,0.0,45.381184435112,0.00010502583909226281,1.0337517728383283,0.005001079408347901,0.25673394401522165,0.9963674037955035
1.526202127659503,1.0406675576221662,0.0,45.37878755435365,0.00010449208106004453,1.0340432687397338,0.005001069488649796,0.25676103742013096,0.9963043872879919
1.526702127659503,1.0413126386914358,0.0,45.37637106427962,0.00010396136448580424,1.0343347660280062,0.005001059666636641,0.2567881308250403,0.996240828577175
1.527202127659503,1.0419577197607053,0.0,45.3739349563733,0.00010343367302050929,1.034626264703855,0.005001049941340424,0.2568152242299496,0.9961767276551612
1.5277021276595029,1.042602800829975,0.0,45.37147922216586,0.00010290899031512713,1.0349177647679904,0.005001040311800936,0.25684231763485893,0.9961120845140539
1.5282021276595028,1.0432478818992448,0.0,45.369003853189675,0.00010238730002062516,1.0352092662211223,0.005001030777065726,0.2568694110397683,0.9960468991459507
1.5287021276595028,1.0438929629685143,0.0,45.366508840965615,0.00010186858578797079,1.0355007690639606,0.005001021336190051,0.2568965044446776,0.9959811715429443
1.5292021276595027,1.044538044037784,0.0,45.36399417706242,0.00010135283126813142,1.0357922732972151,0.005001011988236831,0.2569235978495869,0.995914901697122
1.5297021276595026,1.0451831251070538,0.0,45.36145985306274,0.00010084002011207448,1.0360837789215964,0.005001002732276598,0.25695069125449627,0.9958480896005656
1.5302021276595026,1.0458282061763233,0.0,45.3589058605294,0.00010033013597076733,1.036375285937814,0.00500099356738745,0.2569777846594056,0.9957807352453516
1.5307021276595025,1.0464732872455929,0.0,45.35633219106883,9.982316249517743e-05,1.0366667943465777,0.005000984492655003,0.2570048780643149,0.9957128386235515
1.5312021276595025,1.0471183683148628,0.0,45.35373883630577,9.931908333627216e-05,1.036958304148598,0.005000975507172344,0.25703197146922424,0.9956443997272313
1.5317021276595024,1.0477634493841324,0.0,45.35112578784515,9.881788214501892e-05,1.0372498153445844,0.005000966610039984,0.25705906487413355,0.9955754185484514
1.5322021276595024,1.0484085304534019,0.0,45.34849303734403,9.831954257238514e-05,1.037541327935247,0.0050009578003658095,0.25708615827904285,0.9955058950792673
1.5327021276595023,1.0490536115226716,0.0,45.345840576452474,9.782404826933822e-05,1.037832841921296,0.005000949077265037,0.2571132516839522,0.995435829311729
1.5332021276595023,1.0496986925919414,0.0,45.34316839683885,9.733138288684557e-05,1.038124357303441,0.0050009404398601645,0.2571403450888615,0.9953652212378813
1.5337021276595022,1.050343773661211,0.0,45.34047649018993,9.68415300758746e-05,1.0384158740823926,0.005000931887280927,0.2571674384937709,0.9952940708497633
1.5342021276595021,1.0509888547304806,0.0,45.33776484819396,9.63544734873927e-05,1.03870739225886,0.0050009234186642465,0.2571945318986802,0.9952223781394093
1.534702127659502,1.0516339357997504,0.0,45.33503346256184,9.58701967723673e-05,1.0389989118335536,0.0050009150331541885,0.2572216253035895,0.995150143098848
1.535202127659502,1.05227901686902,0.0,45.33228232503559,9.538868358176579e-05,1.0392904328071835,0.0050009067299019135,0.25724871870849886,0.9950773657201026
1.535702127659502,1.0529240979382894,0.0,45.329511427337636,9.490991756655561e-05,1.0395819551804593,0.005000898508065632,0.25727581211340816,0.9950040459951917
1.536202127659502,1.0535691790075592,0.0,45.32672076122579,9.443388237770413e-05,1.039873478954091,0.005000890366810557,0.25730290551831747,0.9949301839161278
1.5367021276595019,1.054214260076829,0.0,45.32391031848066,9.396056166617878e-05,1.0401650041287889,0.00500088230530886,0.25732999892322683,0.9948557794749183
1.5372021276595018,1.0548593411460985,0.0,45.321080090867454,9.348993908294696e-05,1.040456530705263,0.005000874322739622,0.25735709232813614,0.9947808326635654
1.5377021276595018,1.0555044222153682,0.0,45.31823007019116,9.302199827897607e-05,1.0407480586842226,0.005000866418288792,0.25738418573304545,0.9947053434740661
1.5382021276595017,1.056149503284638,0.0,45.31536024827108,9.255672290523354e-05,1.0410395880663783,0.005000858591149138,0.2574112791379548,0.994629311898412
1.5387021276595017,1.0567945843539075,0.0,45.31247061691549,9.209409661268674e-05,1.0413311188524401,0.0050008508405202,0.2574383725428641,0.9945527379285889
1.5392021276595016,1.057439665423177,0.0,45.30956116797246,9.163410305230312e-05,1.0416226510431177,0.005000843165608251,0.2574654659477734,0.994475621556578
1.5397021276595015,1.0580847464924468,0.0,45.3066318933087,9.117672587505009e-05,1.0419141846391209,0.005000835565626246,0.2574925593526828,0.9943979627743549
1.5402021276595015,1.0587298275617165,0.0,45.303682784771496,9.072194873189502e-05,1.0422057196411603,0.005000828039793778,0.2575196527575921,0.9943197615738896
1.5407021276595014,1.059374908630986,0.0,45.30071383425643,9.026975527380533e-05,1.0424972560499453,0.005000820587337037,0.2575467461625014,0.9942410179471473
1.5412021276595014,1.0600199897002558,0.0,45.29772503366935,8.982012915174846e-05,1.042788793866186,0.00500081320748876,0.25757383956741076,0.9941617318860875
1.5417021276595013,1.0606650707695255,0.0,45.2947163749052,8.937305401669178e-05,1.0430803330905924,0.0050008058994881885,0.25760093297232006,0.9940819033826646
1.5422021276595013,1.061310151838795,0.0,45.291687849894615,8.892851351960271e-05,1.0433718737238746,0.005000798662581026,0.25762802637722937,0.9940015324288274
1.5427021276595012,1.0619552329080646,0.0,45.288639450595454,8.848649131144866e-05,1.0436634157667426,0.0050007914960193914,0.25765511978213873,0.9939206190165197
1.5432021276595012,1.0626003139773343,0.0,45.28557116894208,8.804697104319703e-05,1.0439549592199062,0.005000784399061775,0.25768221318704804,0.9938391631376798
1.543702127659501,1.063245395046604,0.0,45.28248299691303,8.760993636581526e-05,1.0442465040840754,0.005000777370972997,0.25770930659195734,0.9937571647842408
1.544202127659501,1.0638904761158736,0.0,45.27937492650572,8.71753709302707e-05,1.0445380503599602,0.005000770411024159,0.2577363999968667,0.9936746239481302
1.544702127659501,1.0645355571851434,0.0,45.276246949698326,8.674325838753082e-05,1.0448295980482705,0.0050007635184926074,0.257763493401776,0.9935915406212708
1.545202127659501,1.0651806382544131,0.0,45.273099058517545,8.631358238856298e-05,1.0451211471497164,0.005000756692661884,0.2577905868066853,0.9935079147955792
1.5457021276595009,1.0658257193236826,0.0,45.269931245000485,8.588632658433459e-05,1.0454126976650078,0.005000749932821683,0.2578176802115947,0.9934237464629675
1.5462021276595008,1.0664708003929522,0.0,45.26674350116939,8.546147462581313e-05,1.0457042495948548,0.0050007432382678145,0.257844773616504,0.9933390356153419
1.5467021276595008,1.0671158814622221,0.0,45.263535819103474,8.503901016396592e-05,1.0459958029399672,0.005000736608302152,0.25787186702141335,0.9932537822446037
1.5472021276595007,1.0677609625314917,0.0,45.26030819085868,8.461891684976039e-05,1.046287357701055,0.0050007300422325995,0.25789896042632265,0.9931679863426486
1.5477021276595007,1.0684060436007612,0.0,45.25706060853951,8.420117833416398e-05,1.0465789138788282,0.00500072353937304,0.25792605383123196,0.9930816479013671
1.5482021276595006,1.069051124670031,0.0,45.25379306423144,8.378577826814407e-05,1.0468704714739967,0.0050007170990433005,0.25795314723614127,0.9929947669126443
1.5487021276595005,1.0696962057393007,0.0,45.250505550077044,8.337270030266808e-05,1.0471620304872706,0.0050007107205691055,0.25798024064105063,0.9929073433683602
1.5492021276595005,1.0703412868085702,0.0,45.247198058182974,8.296192808870339e-05,1.04745359091936,0.005000704403282037,0.25800733404595994,0.9928193772603892
1.5497021276595004,1.07098636787784,0.0,45.24387058071306,8.255344527721745e-05,1.0477451527709745,0.005000698146519493,0.2580344274508693,0.9927308685806004
1.5502021276595004,1.0716314489471097,0.0,45.24052310982058,8.214723551917766e-05,1.0480367160428243,0.0050006919496246435,0.2580615208557786,0.992641817320858
1.5507021276595003,1.0722765300163792,0.0,45.237155637677986,8.17432824655514e-05,1.0483282807356196,0.005000685811946392,0.2580886142606879,0.9925522234730202
1.5512021276595003,1.0729216110856488,0.0,45.23376815649378,8.134156976730611e-05,1.0486198468500698,0.005000679732839334,0.2581157076655972,0.9924620870289406
1.5517021276595002,1.0735666921549185,0.0,45.230360658474495,8.094208107540916e-05,1.0489114143868852,0.0050006737116637156,0.2581428010705066,0.9923714079804669
1.5522021276595002,1.0742117732241883,0.0,45.226933135824716,8.054480004082799e-05,1.0492029833467758,0.005000667747785392,0.2581698944754159,0.9922801863194417
1.5527021276595,1.0748568542934578,0.0,45.2234855807894,8.014971031453002e-05,1.0494945537304516,0.005000661840575788,0.25819698788032525,0.9921884220377023
1.5532021276595,1.0755019353627275,0.0,45.22001798562426,7.975679554748261e-05,1.0497861255386225,0.005000655989411858,0.25822408128523455,0.9920961151270807
1.5537021276595,1.0761470164319973,0.0,45.21653034259162,7.93660393906532e-05,1.0500776987719984,0.0050006501936760445,0.25825117469014386,0.9920032655794037
1.5542021276595,1.0767920975012668,0.0,45.21302264398152,7.89774254950092e-05,1.0503692734312895,0.005000644452756242,0.2582782680950532,0.9919098733864923
1.5547021276594999,1.0774371785705363,0.0,45.209494882082176,7.859093751151801e-05,1.0506608495172054,0.00500063876604575,0.2583053614999625,0.9918159385401628
1.5552021276594998,1.078082259639806,0.0,45.20594704920538,7.820655909114703e-05,1.0509524270304564,0.005000633132943244,0.25833245490487183,0.9917214610322258
1.5557021276594998,1.0787273407090758,0.0,45.202379137690684,7.78242738848637e-05,1.0512440059717523,0.005000627552852728,0.2583595483097812,0.9916264408544867
1.5562021276594997,1.0793724217783454,0.0,45.198791139863246,7.744406554363538e-05,1.0515355863418032,0.0050006220251834965,0.2583866417146905,0.9915308779987454
1.5567021276594997,1.080017502847615,0.0,45.19518304808874,7.706591771842951e-05,1.0518271681413192,0.005000616549350101,0.2584137351195998,0.9914347724567967
1.5572021276594996,1.0806625839168849,0.0,45.191554854748006,7.66898140602135e-05,1.0521187513710097,0.005000611124772307,0.25844082852450917,0.9913381242204301
1.5577021276594996,1.0813076649861544,0.0,45.18790735889655,7.631789922345904e-05,1.0524103359745984,0.005000605785045682,0.2584679219294185,0.9912409333004774
1.5582021276594995,1.081952746055424,0.0,45.18424068057044,7.595021538969144e-05,1.0527019219437708,0.0050006005301219845,0.2584950153343278,0.9911431996920685
1.5587021276594994,1.0825978271246937,0.0,45.18055397161703,7.558439399375315e-05,1.052993509338616,0.005000595322124482,0.25852210873923714,0.9910449233672768
1.5592021276594994,1.0832429081939634,0.0,45.17684722874448,7.522042870874557e-05,1.05328509815954,0.005000590160677892,0.25854920214414645,0.9909461043180108
1.5597021276594993,1.083887989263233,0.0,45.17312044870922,7.485831320777008e-05,1.0535766884069486,0.005000585045409284,0.25857629554905576,0.9908467425361758
1.5602021276594993,1.0845330703325027,0.0,45.16937362827372,7.449804116392804e-05,1.0538682800812467,0.005000579975948065,0.2586033889539651,0.9907468380136746
1.5607021276594992,1.0851781514017724,0.0,45.165606764198024,7.413960625032082e-05,1.05415987318284,0.0050005749519259745,0.2586304823588744,0.9906463907424065
1.5612021276594992,1.085823232471042,0.0,45.161819853286275,7.378300214004981e-05,1.0544514677121344,0.005000569972977075,0.2586575757637838,0.9905454007142678
1.5617021276594991,1.0864683135403115,0.0,45.15801289232333,7.342822250621638e-05,1.054743063669535,0.005000565038737741,0.2586846691686931,0.9904438679211519
1.562202127659499,1.0871133946095815,0.0,45.15418587814236,7.307526102192189e-05,1.0550346610554473,0.005000560148846652,0.2587117625736024,0.9903417923549491
1.562702127659499,1.087758475678851,0.0,45.15033880757419,7.272411136026774e-05,1.055326259870277,0.005000555302944787,0.25873885597851176,0.9902391740075465
1.563202127659499,1.0884035567481205,0.0,45.14647167745154,7.23747671943553e-05,1.05561786011443,0.005000550500675404,0.25876594938342107,0.9901360128708281
1.563702127659499,1.0890486378173903,0.0,45.142584484638576,7.202722219728594e-05,1.0559094617883111,0.005000545741684045,0.2587930427883304,0.9900323089366753
1.5642021276594988,1.08969371888666,0.0,45.13867722603518,7.168147004216103e-05,1.0562010648923261,0.0050005410256185176,0.25882013619323974,0.989928062196966
1.5647021276594988,1.0903387999559295,0.0,45.1347498985009,7.133750440208195e-05,1.0564926694268806,0.005000536352128888,0.25884722959814904,0.9898232726435753
1.5652021276594987,1.090983881025199,0.0,45.13080249894372,7.099531895015008e-05,1.0567842753923802,0.005000531720867475,0.25887432300305835,0.9897179402683748
1.5657021276594987,1.091628962094469,0.0,45.12683502431155,7.06549073594668e-05,1.0570758827892301,0.0050005271314888374,0.2589014164079677,0.9896120650632336
1.5662021276594986,1.0922740431637386,0.0,45.12284747149936,7.031626330313346e-05,1.0573674916178362,0.005000522583649766,0.258928509812877,0.9895056470200175
1.5667021276594986,1.092919124233008,0.0,45.11883983747592,6.997938045425145e-05,1.057659101878604,0.005000518077009275,0.2589556032177863,0.9893986861305892
1.5672021276594985,1.0935642053022778,0.0,45.11481211921617,6.964425248592216e-05,1.0579507135719386,0.005000513611228591,0.2589826966226957,0.9892911823868085
1.5677021276594985,1.0942092863715476,0.0,45.11076431367598,6.931087307124694e-05,1.0582423266982457,0.005000509185971148,0.259009790027605,0.989183135780532
1.5682021276594984,1.094854367440817,0.0,45.10669641785122,6.89792358833272e-05,1.058533941257931,0.0050005048009025745,0.2590368834325143,0.9890745463036131
1.5687021276594983,1.0954994485100868,0.0,45.102608428769344,6.864933459526427e-05,1.0588255572514003,0.005000500455690685,0.25906397683742366,0.9889654139479025
1.5692021276594983,1.0961445295793566,0.0,45.09850034342609,6.832116288015957e-05,1.0591171746790584,0.005000496150005472,0.25909107024233297,0.9888557387052478
1.5697021276594982,1.0967896106486261,0.0,45.094372158869916,6.799471441111443e-05,1.0594087935413112,0.005000491883519095,0.25911816364724227,0.9887455205674932
1.5702021276594982,1.0974346917178956,0.0,45.09022387216398,6.766998286123026e-05,1.0597004138385642,0.005000487655905875,0.25914525705215163,0.9886347595264802
1.5707021276594981,1.0980797727871654,0.0,45.086055480352464,6.734696190360843e-05,1.059992035571223,0.005000483466842281,0.25917235045706094,0.988523455574047
1.571202127659498,1.0987248538564351,0.0,45.08186698052385,6.702564521135029e-05,1.0602836587396929,0.005000479316006923,0.25919944386197025,0.9884116087020288
1.571702127659498,1.0993699349257047,0.0,45.0776583697898,6.670602645755726e-05,1.0605752833443796,0.0050004752030805445,0.2592265372668796,0.988299218902258
1.572202127659498,1.1000150159949744,0.0,45.07342964523461,6.638809931533067e-05,1.0608669093856886,0.005000471127746007,0.2592536306717889,0.9881862861665637
1.572702127659498,1.1006600970642442,0.0,45.06918080399956,6.607185745777193e-05,1.0611585368640255,0.005000467089688289,0.2592807240766982,0.9880728104867718
1.5732021276594979,1.1013051781335137,0.0,45.0649118432365,6.575729455798239e-05,1.0614501657797955,0.005000463088594472,0.2593078174816076,0.9879587918547056
1.5737021276594978,1.1019502592027832,0.0,45.06062276006994,6.544440428906344e-05,1.0617417961334046,0.005000459124153731,0.2593349108865169,0.9878442302621847
1.5742021276594977,1.102595340272053,0.0,45.05631355168985,6.513318032411645e-05,1.062033427925258,0.005000455196057329,0.2593620042914262,0.9877291257010262
1.5747021276594977,1.1032404213413227,0.0,45.051984215284186,6.48236163362428e-05,1.062325061155761,0.005000451303998603,0.25938909769633556,0.9876134781630441
1.5752021276594976,1.1038855024105922,0.0,45.04763474803467,6.451570599854386e-05,1.0626166958253196,0.005000447447672957,0.25941619110124486,0.9874972876400491
1.5757021276594976,1.104530583479862,0.0,45.04326514717163,6.4209442984121e-05,1.062908331934339,0.005000443626777854,0.25944328450615417,0.9873805541238488
1.5762021276594975,1.1051756645491317,0.0,45.038875409923456,6.390482096607561e-05,1.063199969483225,0.005000439841012806,0.25947037791106353,0.9872632776062482
1.5767021276594975,1.1058207456184013,0.0,45.034465533524966,6.360183361750906e-05,1.063491608472383,0.005000436090079362,0.25949747131597284,0.9871454580790485
1.5772021276594974,1.1064658266876708,0.0,45.030035515238566,6.330047461152272e-05,1.0637832489022185,0.005000432373681104,0.25952456472088214,0.9870270955340485
1.5777021276594974,1.1071109077569405,0.0,45.025585352345814,6.300073762121797e-05,1.064074890773137,0.005000428691523633,0.2595516581257915,0.9869081899630439
1.5782021276594973,1.1077559888262103,0.0,45.02111504212634,6.270261631969618e-05,1.064366534085544,0.0050004250433145605,0.2595787515307008,0.9867887413578269
1.5787021276594972,1.1084010698954798,0.0,45.01662458188315,6.240610438005873e-05,1.064658178839845,0.0050004214287635036,0.2596058449356101,0.9866687497101869
1.5792021276594972,1.1090461509647496,0.0,45.012113968955326,6.2111195475407e-05,1.0649498250364455,0.005000417847582069,0.2596329383405195,0.9865482150119105
1.5797021276594971,1.1096912320340193,0.0,45.00758320064631,6.181788327884234e-05,1.0652414726757513,0.005000414299483849,0.2596600317454288,0.9864271372547806
1.580202127659497,1.1103363131032888,0.0,45.003032274333584,6.152616146346617e-05,1.0655331217581676,0.005000410784184411,0.25968712515033815,0.9863055164305777
1.580702127659497,1.1109813941725584,0.0,44.998461187359034,6.123602370237982e-05,1.0658247722840999,0.005000407301401285,0.25971421855524746,0.986183352531079
1.581202127659497,1.1116264752418283,0.0,44.99386993711332,6.094746366868469e-05,1.066116424253954,0.00500040385085396,0.25974131196015676,0.9860606455480585
1.581702127659497,1.1122715563110979,0.0,44.989258520989445,6.066047503548215e-05,1.0664080776681353,0.005000400432263868,0.2597684053650661,0.9859373954732874
1.5822021276594969,1.1129166373803674,0.0,44.98462693638706,6.0375051475873576e-05,1.0666997325270493,0.005000397045354382,0.25979549876997543,0.9858136022985334
1.5827021276594968,1.1135617184496371,0.0,44.97997518073774,6.009118666296035e-05,1.0669913888311016,0.005000393689850801,0.25982259217488474,0.9856892660155617
1.5832021276594967,1.1142067995189069,0.0,44.975303251488114,5.980887426984384e-05,1.0672830465806975,0.005000390365480343,0.2598496855797941,0.9855643866161342
1.5837021276594967,1.1148518805881764,0.0,44.970611146078824,5.952810796962541e-05,1.0675747057762426,0.005000387071972137,0.2598767789847034,0.9854389640920097
1.5842021276594966,1.1154969616574462,0.0,44.965898861990915,5.9248881435406454e-05,1.0678663664181425,0.005000383809057209,0.2599038723896127,0.9853129984349439
1.5847021276594966,1.116142042726716,0.0,44.961166396703675,5.897118834028834e-05,1.0681580285068029,0.0050003805764684784,0.2599309657945221,0.9851864896366895
1.5852021276594965,1.1167871237959854,0.0,44.9564137477073,5.869502235737244e-05,1.068449692042629,0.005000377373940746,0.2599580591994314,0.9850594376889964
1.5857021276594965,1.117432204865255,0.0,44.95164091253243,5.8420377159760135e-05,1.0687413570260262,0.005000374201210683,0.2599851526043407,0.984931842583611
1.5862021276594964,1.1180772859345247,0.0,44.94684788870375,5.81472464205528e-05,1.0690330234574006,0.005000371058016827,0.26001224600925005,0.9848037043122767
1.5867021276594964,1.1187223670037945,0.0,44.94203467376114,5.787562381285181e-05,1.0693246913371572,0.0050003679440995645,0.26003933941415935,0.9846750228667343
1.5872021276594963,1.119367448073064,0.0,44.93720126526386,5.7605503009758535e-05,1.0696163606657019,0.005000364859201132,0.26006643281906866,0.984545798238721
1.5877021276594963,1.1200125291423337,0.0,44.93234766080321,5.733687768437435e-05,1.06990803144344,0.005000361803065598,0.260093526223978,0.9844160304199714
1.5882021276594962,1.1206576102116035,0.0,44.927473857947774,5.7069741509800636e-05,1.0701997036707769,0.005000358775438855,0.26012061962888733,0.9842857194022165
1.5887021276594961,1.121302691280873,0.0,44.92257985432349,5.680408815913877e-05,1.0704913773481184,0.005000355776068616,0.2601477130337967,0.9841548651771849
1.589202127659496,1.1219477723501425,0.0,44.91766564752939,5.6539911305490124e-05,1.07078305247587,0.0050003528047044,0.260174806438706,0.9840234677366015
1.589702127659496,1.1225928534194123,0.0,44.912731235221884,5.627720462195607e-05,1.0710747290544367,0.005000349861097522,0.2602018998436153,0.9838915270721889
1.590202127659496,1.123237934488682,0.0,44.90777661504735,5.6015961781637986e-05,1.0713664070842248,0.005000346945001087,0.26022899324852466,0.9837590431756655
1.590702127659496,1.1238830155579516,0.0,44.90280178466744,5.575617645763725e-05,1.0716580865656393,0.005000344056169981,0.26025608665343397,0.9836260160387479
1.5912021276594959,1.1245280966272213,0.0,44.8978067417633,5.549784232305523e-05,1.0719497674990859,0.005000341194360859,0.2602831800583433,0.9834924456531489
1.5917021276594958,1.125173177696491,0.0,44.892791484044,5.5240953050993315e-05,1.0722414498849702,0.005000338359332135,0.26031027346325264,0.9833583320105783
1.5922021276594958,1.1258182587657606,0.0,44.88775600920867,5.4985502314552864e-05,1.0725331337236974,0.005000335550843977,0.26033736686816195,0.9832236751027431
1.5927021276594957,1.12646333983503,0.0,44.88270031498857,5.473148378683526e-05,1.0728248190156735,0.005000332768658295,0.26036446027307125,0.983088474921347
1.5932021276594956,1.1271084209042999,0.0,44.87762439913875,5.4478891140941884e-05,1.0731165057613035,0.00500033001253873,0.2603915536779806,0.9829527314580908
1.5937021276594956,1.1277535019735696,0.0,44.87252825940011,5.4227718049974095e-05,1.0734081939609934,0.005000327282250651,0.2604186470828899,0.9828164447046721
1.5942021276594955,1.1283985830428391,0.0,44.867411893554184,5.3977958187033286e-05,1.0736998836151483,0.005000324577561137,0.2604457404877992,0.9826796146527856
1.5947021276594955,1.1290436641121089,0.0,44.86227529940208,5.372960522522082e-05,1.0739915747241742,0.005000321898238976,0.2604728338927086,0.9825422412941229
1.5952021276594954,1.1296887451813786,0.0,44.85711847473082,5.3482652837638075e-05,1.0742832672884761,0.005000319244054649,0.2604999272976179,0.9824043246203725
1.5957021276594954,1.1303338262506482,0.0,44.85194141736388,5.323709469738644e-05,1.0745749613084599,0.005000316614780327,0.2605270207025272,0.9822658646232197
1.5962021276594953,1.1309789073199177,0.0,44.84674412514859,5.299292447756726e-05,1.0748666567845309,0.005000314010189855,0.26055411410743656,0.9821268612943471
1.5967021276594953,1.1316239883891877,0.0,44.8415265959266,5.2750135851281946e-05,1.0751583537170946,0.005000311430058749,0.26058120751234587,0.981987314625434
1.5972021276594952,1.1322690694584572,0.0,44.83628882756348,5.250872249163185e-05,1.0754500521065569,0.005000308874164185,0.2606083009172552,0.9818472246081564
1.5977021276594952,1.1329141505277267,0.0,44.83103081795283,5.226867807171836e-05,1.0757417519533228,0.005000306342284986,0.26063539432216454,0.9817065912341879
1.598202127659495,1.1335592315969965,0.0,44.82575256497009,5.202999626464283e-05,1.0760334532577982,0.005000303834201619,0.26066248772707384,0.9815654144951984
1.598702127659495,1.1342043126662662,0.0,44.82045406654821,5.179267074350666e-05,1.0763251560203884,0.005000301349696179,0.26068958113198315,0.9814236943828551
1.599202127659495,1.1348493937355357,0.0,44.815135320610416,5.155669518141121e-05,1.0766168602414992,0.005000298888552386,0.2607166745368925,0.981281430888822
1.599702127659495,1.1354944748048055,0.0,44.809796325091234,5.1322063251457865e-05,1.0769085659215358,0.005000296450555574,0.2607437679418018,0.9811386240047602
1.6002021276594949,1.1361395558740752,0.0,44.804437077957516,5.1088768626748e-05,1.0772002730609038,0.005000294035492679,0.2607708613467111,0.9809952737223274
1.6007021276594948,1.1367846369433448,0.0,44.799057577200074,5.085680498038298e-05,1.0774919816600088,0.005000291643152232,0.2607979547516205,0.9808513800331787
1.6012021276594948,1.1374297180126143,0.0,44.79365782077477,5.062616598546418e-05,1.0777836917192565,0.00500028927332435,0.2608250481565298,0.9807069429289658
1.6017021276594947,1.138074799081884,0.0,44.78823780671191,5.0396845315093e-05,1.078075403239052,0.005000286925800728,0.2608521415614391,0.9805619624013374
1.6022021276594947,1.1387198801511538,0.0,44.78279753304057,5.0168836642370785e-05,1.078367116219801,0.005000284600374627,0.26087923496634846,0.9804164384419395
1.6027021276594946,1.1393649612204233,0.0,44.77733699777173,4.9942133640398915e-05,1.0786588306619092,0.005000282296840868,0.26090632837125777,0.9802703710424142
1.6032021276594945,1.140010042289693,0.0,44.771856198969836,4.971672998227878e-05,1.0789505465657818,0.00500028001499582,0.2609334217761671,0.9801237601944015
1.6037021276594945,1.1406551233589628,0.0,44.76635513471494,4.9492619341111755e-05,1.0792422639318247,0.005000277754637391,0.26096051518107644,0.9799766058895377
1.6042021276594944,1.1413002044282323,0.0,44.76083380306907,4.9269795389999204e-05,1.0795339827604433,0.0050002755155650214,0.26098760858598574,0.9798289081194563
1.6047021276594944,1.1419452854975018,0.0,44.75529220215194,4.9048251802042496e-05,1.0798257030520428,0.005000273297579676,0.26101470199089505,0.9796806668757879
1.6052021276594943,1.1425903665667716,0.0,44.74973033007368,4.8827982250343025e-05,1.080117424807029,0.0050002711004838276,0.2610417953958044,0.9795318821501595
1.6057021276594943,1.1432354476360413,0.0,44.74414818495589,4.860898040800216e-05,1.0804091480258076,0.005000268924081457,0.2610688888007137,0.9793825539341957
1.6062021276594942,1.1438805287053109,0.0,44.73854576495265,4.8391239948121266e-05,1.0807008727087837,0.005000266768178038,0.261095982205623,0.9792326822195175
1.6067021276594942,1.1445256097745806,0.0,44.73292306822952,4.817475454380174e-05,1.0809925988563631,0.005000264632580531,0.2611230756105324,0.9790822669977431
1.607202127659494,1.1451706908438504,0.0,44.72728009295516,4.7959517868144925e-05,1.0812843264689511,0.005000262517097373,0.2611501690154417,0.9789313082604878
1.607702127659494,1.14581577191312,0.0,44.72161683733916,4.774552359425223e-05,1.0815760555469536,0.0050002604215384685,0.26117726242035105,0.9787798059993633
1.608202127659494,1.1464608529823894,0.0,44.71593329956482,4.753276539522501e-05,1.0818677860907757,0.005000258345715181,0.26120435582526036,0.978627760205979
1.608702127659494,1.1471059340516592,0.0,44.71022947787738,4.732123694416465e-05,1.0821595181008232,0.005000256289440323,0.26123144923016967,0.9784751708719404
1.6092021276594939,1.147751015120929,0.0,44.70450537052524,4.711093191417252e-05,1.0824512515775015,0.005000254252528151,0.261258542635079,0.9783220379888506
1.6097021276594938,1.1483960961901984,0.0,44.69876097573898,4.690184397834999e-05,1.0827429865212161,0.00500025223479435,0.26128563603998833,0.9781683615483094
1.6102021276594938,1.1490411772594682,0.0,44.692996291811134,4.669396680979844e-05,1.0830347229323727,0.00500025023605603,0.26131272944489764,0.9780141415419136
1.6107021276594937,1.149686258328738,0.0,44.687211317029046,4.648729408161926e-05,1.0833264608113766,0.005000248256131715,0.261339822849807,0.9778593779612568
1.6112021276594937,1.1503313393980075,0.0,44.68140604968325,4.62818194669138e-05,1.0836182001586336,0.0050002462948413335,0.2613669162547163,0.9777040707979294
1.6117021276594936,1.150976420467277,0.0,44.67558048809693,4.607753663878346e-05,1.083909940974549,0.005000244352006211,0.2613940096596256,0.9775482200435195
1.6122021276594936,1.151621501536547,0.0,44.66973463063007,4.587443927032959e-05,1.084201683259528,0.00500024242744906,0.261421103064535,0.9773918256896114
1.6127021276594935,1.1522665826058165,0.0,44.66386847560393,4.567252103465358e-05,1.0844934270139768,0.005000240520993973,0.2614481964694443,0.9772348877277863
1.6132021276594934,1.152911663675086,0.0,44.657982021393394,4.547177560485681e-05,1.0847851722383006,0.0050002386324664114,0.2614752898743536,0.9770774061496228
1.6137021276594934,1.1535567447443558,0.0,44.652075266397645,4.5272196654040636e-05,1.0850769189329048,0.005000236761693197,0.26150238327926295,0.9769193809466963
1.6142021276594933,1.1542018258136255,0.0,44.64614820899814,4.507377785530645e-05,1.0853686670981952,0.005000234908502506,0.26152947668417226,0.9767608121105789
1.6147021276594933,1.154846906882895,0.0,44.64020084761325,4.487651288175563e-05,1.085660416734577,0.005000233072723855,0.26155657008908156,0.9766016996328399
1.6152021276594932,1.1554919879521646,0.0,44.63423318068145,4.468039540648954e-05,1.085952167842456,0.005000231254188099,0.2615836634939909,0.9764420435050455
1.6157021276594932,1.1561370690214345,0.0,44.628245206640315,4.4485419102609556e-05,1.0862439204222376,0.005000229452727417,0.26161075689890023,0.9762818437187588
1.6162021276594931,1.156782150090704,0.0,44.62223692396859,4.4291577643217066e-05,1.086535674474327,0.005000227668175305,0.2616378503038096,0.9761211002655399
1.616702127659493,1.1574272311599736,0.0,44.616208331123175,4.409886470141343e-05,1.0868274299991305,0.00500022590036657,0.2616649437087189,0.9759598131369455
1.617202127659493,1.1580723122292433,0.0,44.610159426610515,4.3907273950300024e-05,1.087119186997053,0.005000224149137315,0.2616920371136282,0.9757979823245297
1.617702127659493,1.158717393298513,0.0,44.60409020894883,4.371679906297824e-05,1.0874109454685001,0.0050002224143249376,0.26171913051853757,0.9756356078198434
1.618202127659493,1.1593624743677826,0.0,44.59800067664717,4.352743371254944e-05,1.0877027054138775,0.005000220695768117,0.2617462239234469,0.9754726896144343
1.6187021276594928,1.1600075554370524,0.0,44.59189082826412,4.333917157211499e-05,1.0879944668335906,0.005000218993306807,0.2617733173283562,0.9753092276998474
1.6192021276594928,1.160652636506322,0.0,44.58576066234916,4.315200631477629e-05,1.0882862297280451,0.005000217306782227,0.26180041073326554,0.9751452220676239
1.6197021276594927,1.1612977175755916,0.0,44.57961017748036,4.296593161363469e-05,1.088577994097646,0.005000215636036852,0.26182750413817485,0.9749806727093029
1.6202021276594927,1.1619427986448612,0.0,44.57343937224763,4.278094114179159e-05,1.0888697599427997,0.005000213980914408,0.26185459754308416,0.9748155796164195
1.6207021276594926,1.162587879714131,0.0,44.56724824526534,4.2597028572348344e-05,1.0891615272639108,0.005000212341259858,0.2618816909479935,0.9746499427805067
1.6212021276594926,1.1632329607834007,0.0,44.56103679514297,4.241418757840634e-05,1.0894532960613854,0.005000210716919398,0.2619087843529028,0.9744837621930935
1.6217021276594925,1.1638780418526702,0.0,44.55480502052283,4.223241183306694e-05,1.089745066335629,0.005000209107740447,0.26193587775781213,0.9743170378457064
1.6222021276594925,1.16452312292194,0.0,44.54855292008014,4.205169500943154e-05,1.0900368380870467,0.005000207513571638,0.2619629711627215,0.9741497697298691
1.6227021276594924,1.1651682039912097,0.0,44.54228049245588,4.187203078060149e-05,1.0903286113160444,0.005000205934262811,0.2619900645676308,0.9739819578371013
1.6232021276594923,1.1658132850604792,0.0,44.53598773635329,4.169341281967819e-05,1.0906203860230275,0.005000204369665003,0.2620171579725401,0.9738136021589205
1.6237021276594923,1.1664583661297487,0.0,44.52967465047918,4.1515834799763006e-05,1.0909121622084017,0.0050002028196304395,0.26204425137744947,0.9736447026868408
1.6242021276594922,1.1671034471990185,0.0,44.523341233543896,4.13392903939573e-05,1.0912039398725721,0.00500020128401253,0.2620713447823588,0.9734752594123732
1.6247021276594922,1.1677485282682882,0.0,44.516987484286574,4.116377327536247e-05,1.0914957190159447,0.0050001997626658535,0.2620984381872681,0.9733052723270258
1.6252021276594921,1.1683936093375578,0.0,44.51061340147088,4.098927711707988e-05,1.0917874996389247,0.005000198255446154,0.26212553159217744,0.9731347414223035
1.625702127659492,1.1690386904068275,0.0,44.50421898383894,4.0815795592210894e-05,1.0920792817419178,0.005000196762210333,0.26215262499708675,0.9729636666897084
1.626202127659492,1.1696837714760973,0.0,44.497804230199414,4.0643322373856915e-05,1.0923710653253293,0.00500019528281644,0.26217971840199605,0.9727920481207389
1.626702127659492,1.1703288525453668,0.0,44.49136913934781,4.047185113511928e-05,1.092662850389565,0.005000193817123663,0.2622068118069054,0.9726198857068913
1.627202127659492,1.1709739336146363,0.0,44.484913710095874,4.03013755490994e-05,1.0929546369350303,0.005000192364992321,0.2622339052118147,0.9724471794396579
1.6277021276594918,1.171619014683906,0.0,44.47843794127161,4.013188928889863e-05,1.0932464249621305,0.005000190926283858,0.26226099861672403,0.9722739293105286
1.6282021276594918,1.1722640957531758,0.0,44.471941831744395,3.996338602761836e-05,1.0935382144712715,0.005000189500860833,0.2622880920216334,0.9721001353109898
1.6287021276594917,1.1729091768224453,0.0,44.46542538034963,3.979585943835995e-05,1.0938300054628587,0.005000188088586911,0.2623151854265427,0.9719257974325253
1.6292021276594917,1.173554257891715,0.0,44.45888858599762,3.962930319422479e-05,1.0941217979372975,0.005000186689326859,0.262342278831452,0.9717509156666153
1.6297021276594916,1.1741993389609848,0.0,44.45233144757729,3.946371096831424e-05,1.0944135918949935,0.005000185302946531,0.26236937223636136,0.9715754900047373
1.6302021276594916,1.1748444200302544,0.0,44.445753963993866,3.929907643372968e-05,1.0947053873363524,0.005000183929312866,0.26239646564127067,0.9713995204383656
1.6307021276594915,1.1754895010995239,0.0,44.43915613418564,3.91353932635725e-05,1.0949971842617792,0.005000182568293881,0.26242355904618,0.9712230069589719
1.6312021276594915,1.1761345821687939,0.0,44.43253795711146,3.897265513094405e-05,1.0952889826716798,0.005000181219758655,0.26245065245108934,0.9710459495580239
1.6317021276594914,1.1767796632380634,0.0,44.42589943171298,3.881085570894572e-05,1.0955807825664599,0.00500017988357733,0.26247774585599865,0.970868348226987
1.6322021276594914,1.177424744307333,0.0,44.419240556981755,3.86499886706789e-05,1.0958725839465246,0.005000178559621098,0.26250483926090795,0.9706902029573233
1.6327021276594913,1.1780698253766027,0.0,44.41256133191733,3.8490047689244934e-05,1.09616438681228,0.005000177247762195,0.2625319326658173,0.9705115137404917
1.6332021276594912,1.1787149064458724,0.0,44.40586175552308,3.833102643774521e-05,1.0964561911641308,0.005000175947873893,0.2625590260707266,0.9703322805679485
1.6337021276594912,1.179359987515142,0.0,44.399141826831325,3.817291858928111e-05,1.0967479970024832,0.005000174659830492,0.2625861194756359,0.9701525034311465
1.6342021276594911,1.1800050685844117,0.0,44.39240154489921,3.801571781695401e-05,1.0970398043277423,0.005000173383507311,0.2626132128805453,0.9699721823215354
1.634702127659491,1.1806501496536814,0.0,44.3856409087668,3.785941779386528e-05,1.097331613140314,0.005000172118780683,0.2626403062854546,0.9697913172305621
1.635202127659491,1.181295230722951,0.0,44.37885991754083,3.7704012193116285e-05,1.0976234234406033,0.005000170865527946,0.26266739969036396,0.9696099081496705
1.635702127659491,1.1819403117922205,0.0,44.372058570285915,3.754949468780842e-05,1.0979152352290162,0.005000169623627435,0.26269449309527326,0.9694279550703011
1.636202127659491,1.1825853928614902,0.0,44.365236866124974,3.739585895104305e-05,1.0982070485059583,0.005000168392958474,0.26272158650018257,0.9692454579838914
1.6367021276594909,1.18323047393076,0.0,44.35839480419742,3.724309865592155e-05,1.0984988632718347,0.00500016717340137,0.26274867990509193,0.9690624168818763
1.6372021276594908,1.1838755550000295,0.0,44.351532383634044,3.7091207475545304e-05,1.098790679527051,0.005000165964837404,0.26277577331000124,0.9688788317556872
1.6377021276594907,1.1845206360692992,0.0,44.3446496035989,3.694017908301567e-05,1.099082497272013,0.005000164767148826,0.26280286671491054,0.9686947025967524
1.6382021276594907,1.185165717138569,0.0,44.33774646328093,3.6790007151434025e-05,1.099374316507126,0.005000163580218843,0.2628299601198199,0.9685100293964973
1.6387021276594906,1.1858107982078385,0.0,44.330822961847964,3.664068535390177e-05,1.0996661372327956,0.0050001624039316146,0.2628570535247292,0.9683248121463442
1.6392021276594906,1.186455879277108,0.0,44.32387909853039,3.649220736352026e-05,1.0999579594494273,0.005000161238172248,0.2628841469296385,0.9681390508377126
1.6397021276594905,1.1871009603463778,0.0,44.31691487255843,3.6344566853390876e-05,1.1002497831574265,0.0050001600828267845,0.2629112403345479,0.9679527454620184
1.6402021276594905,1.1877460414156475,0.0,44.30993028316216,3.619775749661499e-05,1.1005416083571988,0.0050001589377821985,0.2629383337394572,0.9677658960106749
1.6407021276594904,1.188391122484917,0.0,44.30292532960497,3.605177296629396e-05,1.10083343504915,0.005000157802926386,0.2629654271443665,0.967578502475092
1.6412021276594904,1.1890362035541868,0.0,44.29590001117523,3.590660693552919e-05,1.1011252632336852,0.005000156678148159,0.26299252054927585,0.9673905648466768
1.6417021276594903,1.1896812846234566,0.0,44.28885432714864,3.576225307742204e-05,1.1014170929112101,0.005000155563337239,0.26301961395418516,0.9672020831168334
1.6422021276594903,1.190326365692726,0.0,44.281788276850996,3.56187050650739e-05,1.1017089240821303,0.005000154458384247,0.2630467073590945,0.9670130572769625
1.6427021276594902,1.1909714467619956,0.0,44.27470185959547,3.5475956571586124e-05,1.102000756746851,0.005000153363180701,0.26307380076400383,0.9668234873184621
1.6432021276594901,1.1916165278312654,0.0,44.267595074732775,3.5334001270060104e-05,1.1022925909057784,0.005000152277619005,0.26310089416891314,0.9666333732327266
1.64370212765949,1.1922616089005351,0.0,44.26046792162616,3.519283283359721e-05,1.1025844265593172,0.005000151201592443,0.2631279875738225,0.9664427150111481
1.64420212765949,1.1929066899698046,0.0,44.253320399647144,3.505244493529882e-05,1.1028762637078735,0.005000150134995173,0.2631550809787318,0.966251512645115
1.64470212765949,1.1935517710390744,0.0,44.246152508184004,3.4912831248266306e-05,1.1031681023518525,0.005000149077722221,0.2631821743836411,0.9660597661260131
1.64520212765949,1.1941968521083441,0.0,44.23896424666675,3.477398544560103e-05,1.1034599424916598,0.0050001480296694685,0.26320926778855047,0.9658674754452247
1.6457021276594899,1.1948419331776137,0.0,44.231755614492,3.46359012004044e-05,1.1037517841277011,0.005000146990733655,0.2632363611934598,0.9656746405941291
1.6462021276594898,1.1954870142468832,0.0,44.22452661112327,3.4498572185777756e-05,1.1040436272603817,0.005000145960812362,0.2632634545983691,0.9654812615641032
1.6467021276594898,1.1961320953161532,0.0,44.21727723602824,3.4361992074822485e-05,1.1043354718901073,0.005000144939804013,0.26329054800327845,0.9652873383465199
1.6472021276594897,1.1967771763854227,0.0,44.21000748866216,3.422615454063998e-05,1.1046273180172832,0.005000143927607862,0.26331764140818775,0.9650928709327496
1.6477021276594896,1.1974222574546922,0.0,44.20271736853046,3.4091053256331605e-05,1.1049191656423152,0.00500014292412399,0.26334473481309706,0.9648978593141595
1.6482021276594896,1.198067338523962,0.0,44.19540687515119,3.395668189499873e-05,1.1052110147656087,0.005000141929253298,0.2633718282180064,0.9647023034821137
1.6487021276594895,1.1987124195932317,0.0,44.18807600803833,3.3823034129742724e-05,1.105502865387569,0.005000140942897498,0.2633989216229157,0.9645062034279736
1.6492021276594895,1.1993575006625012,0.0,44.18072476673518,3.3690103633664975e-05,1.1057947175086018,0.00500013996495911,0.26342601502782503,0.9643095591430968
1.6497021276594894,1.2000025817317712,0.0,44.1733531508228,3.3557884079866854e-05,1.1060865711291128,0.005000138995341453,0.2634531084327344,0.9641123706188384
1.6502021276594894,1.2006476628010407,0.0,44.16596115985311,3.3426369141449736e-05,1.1063784262495073,0.005000138033948639,0.2634802018376437,0.9639146378465502
1.6507021276594893,1.2012927438703103,0.0,44.1585487934367,3.329555249151501e-05,1.1066702828701909,0.005000137080685569,0.263507295242553,0.9637163608175812
1.6512021276594893,1.2019378249395798,0.0,44.15111605119264,3.3165427803164027e-05,1.106962140991569,0.005000136135457923,0.26353438864746237,0.9635175395232771
1.6517021276594892,1.2025829060088498,0.0,44.14366293272768,3.303598874949817e-05,1.1072540006140472,0.005000135198172156,0.2635614820523717,0.9633181739549808
1.6522021276594892,1.2032279870781193,0.0,44.13618943769887,3.290722900361882e-05,1.1075458617380312,0.005000134268735491,0.263588575457281,0.9631182641040316
1.652702127659489,1.2038730681473888,0.0,44.12869556577182,3.277914223862736e-05,1.1078377243639264,0.005000133347055914,0.26361566886219034,0.9629178099617661
1.653202127659489,1.2045181492166588,0.0,44.12118131662072,3.2651722127625156e-05,1.108129588492138,0.0050001324330421655,0.26364276226709965,0.9627168115195182
1.653702127659489,1.2051632302859283,0.0,44.113646689945064,3.252496234371358e-05,1.108421454123072,0.005000131526603738,0.26366985567200896,0.962515268768618
1.654202127659489,1.2058083113551978,0.0,44.10609168545711,3.2398856559994e-05,1.1087133212571336,0.005000130627650866,0.2636969490769183,0.962313181700393
1.6547021276594889,1.2064533924244674,0.0,44.09851630287773,3.227339844956781e-05,1.1090051898947286,0.005000129736094525,0.2637240424818276,0.9621105503061675
1.6552021276594888,1.2070984734937373,0.0,44.09092054197818,3.2148581685536365e-05,1.1092970600362624,0.005000128851846418,0.263751135886737,0.9619073745772629
1.6557021276594888,1.2077435545630069,0.0,44.08330440249246,3.202439994100106e-05,1.1095889316821403,0.005000127974818979,0.2637782292916463,0.9617036545049974
1.6562021276594887,1.2083886356322764,0.0,44.07566753924867,3.19012013189503e-05,1.1098808048574438,0.005000127107738603,0.2638053226965556,0.961499390063394
1.6567021276594887,1.2090337167015464,0.0,44.06801013974347,3.177880941059794e-05,1.110172679549158,0.005000126249148324,0.26383241610146496,0.9612945812530566
1.6572021276594886,1.2096787977708159,0.0,44.06033235301347,3.1657070656685566e-05,1.1104645557470143,0.005000125397788208,0.26385950950637427,0.9610892280727512
1.6577021276594885,1.2103238788400854,0.0,44.05263417744089,3.153598246940551e-05,1.1107564334515234,0.005000124553600553,0.2638866029112836,0.9608833305137062
1.6582021276594885,1.210968959909355,0.0,44.04491561139219,3.1415542260950095e-05,1.1110483126631963,0.0050001237165280335,0.2639136963161929,0.9606768885671461
1.6587021276594884,1.211614040978625,0.0,44.03717665328059,3.129574744351164e-05,1.1113401933825438,0.005000122886513697,0.26394078972110224,0.9604699022242913
1.6592021276594884,1.2122591220478944,0.0,44.029417301511955,3.117659542928247e-05,1.1116320756100762,0.005000122063500964,0.26396788312601155,0.9602623714763592
1.6597021276594883,1.212904203117164,0.0,44.021637554518115,3.105808363045492e-05,1.1119239593463046,0.005000121247433625,0.26399497653092086,0.9600542963145624
1.6602021276594883,1.213549284186434,0.0,44.01383741076939,3.0940209459221294e-05,1.1122158445917398,0.005000120438255842,0.2640220699358302,0.95984567673011
1.6607021276594882,1.2141943652557035,0.0,44.00601686871211,3.0822970327773925e-05,1.1125077313468925,0.005000119635912138,0.2640491633407395,0.9596365127142075
1.6612021276594882,1.214839446324973,0.0,43.99817592684363,3.070636364830514e-05,1.1127996196122736,0.005000118840347407,0.26407625674564883,0.959426804258056
1.661702127659488,1.2154845273942425,0.0,43.99031458367902,3.059038683300726e-05,1.1130915093883937,0.005000118051506901,0.2641033501505582,0.9592165513528534
1.662202127659488,1.2161296084635125,0.0,43.98243283772609,3.0475037294072607e-05,1.1133834006757635,0.0050001172693362374,0.2641304435554675,0.9590057539897936
1.662702127659488,1.216774689532782,0.0,43.97453068753535,3.036031244369351e-05,1.113675293474894,0.0050001164937813905,0.26415753696037686,0.9587944121600661
1.663202127659488,1.2174197706020515,0.0,43.96660813165428,3.024620969406229e-05,1.1139671877862958,0.005000115724788693,0.26418463036528617,0.9585825258548571
1.6637021276594879,1.2180648516713215,0.0,43.958665168673136,3.0132726457371267e-05,1.1142590836104798,0.005000114962304833,0.26421172377019553,0.9583700950653489
1.6642021276594878,1.218709932740591,0.0,43.95070179717077,3.001986014581277e-05,1.1145509809479563,0.005000114206276853,0.26423881717510483,0.9581571197827199
1.6647021276594878,1.2193550138098606,0.0,43.942718015760555,2.990760817157912e-05,1.114842879799237,0.005000113456652146,0.26426591058001414,0.9579435999981443
1.6652021276594877,1.2200000948791305,0.0,43.934713823094484,2.979596794686264e-05,1.1151347801648317,0.005000112713378456,0.2642930039849235,0.957729535702793
1.6657021276594877,1.2206451759484,0.0,43.926689217784116,2.9684936883855658e-05,1.1154266820452519,0.005000111976403878,0.2643200973898328,0.9575149268878327
1.6662021276594876,1.2212902570176696,0.0,43.91864419851715,2.9574512394750495e-05,1.1157185854410077,0.005000111245676848,0.2643471907947421,0.9572997735444267
1.6667021276594876,1.221935338086939,0.0,43.91057876397421,2.9464691891739473e-05,1.1160104903526105,0.00500011052114615,0.2643742841996514,0.9570840756637337
1.6672021276594875,1.222580419156209,0.0,43.90249291285796,2.935547278701492e-05,1.1163023967805707,0.0050001098027609115,0.2644013776045608,0.956867833236909
1.6677021276594874,1.2232255002254786,0.0,43.894386643880665,2.9246852492769154e-05,1.1165943047253992,0.0050001090904706,0.2644284710094701,0.9566510462551044
1.6682021276594874,1.2238705812947481,0.0,43.88625995578084,2.9138828421194505e-05,1.1168862141876066,0.0050001083842250195,0.2644555644143794,0.9564337147094674
1.6687021276594873,1.224515662364018,0.0,43.87811284731495,2.9031397984483294e-05,1.117178125167704,0.005000107683974316,0.26448265781928876,0.9562158385911412
1.6692021276594873,1.2251607434332876,0.0,43.86994531725744,2.8924558594827843e-05,1.1174700376662017,0.005000106989668966,0.26450975122419806,0.9559974178912665
1.6697021276594872,1.2258058245025572,0.0,43.861757364400724,2.8818307664420478e-05,1.117761951683611,0.005000106301259784,0.2645368446291074,0.9557784526009785
1.6702021276594872,1.2264509055718271,0.0,43.85354898753858,2.8712642605453525e-05,1.1180538672204423,0.005000105618697914,0.26456393803401673,0.95555894271141
1.6707021276594871,1.2270959866410966,0.0,43.84532018551193,2.8607560830119303e-05,1.1183457842772064,0.00500010494193483,0.26459103143892604,0.9553388882136892
1.671202127659487,1.2277410677103662,0.0,43.83707095717141,2.8503059750610138e-05,1.118637702854414,0.005000104270922333,0.2646181248438354,0.9551182890989405
1.671702127659487,1.2283861487796357,0.0,43.82880130136075,2.8399136779118356e-05,1.1189296229525763,0.005000103605612552,0.2646452182487447,0.9548971453582846
1.672202127659487,1.2290312298489057,0.0,43.82051121697087,2.8295789327836273e-05,1.1192215445722036,0.005000102945957941,0.264672311653654,0.9546754569828383
1.672702127659487,1.2296763109181752,0.0,43.8122007029066,2.8193014808956222e-05,1.119513467713807,0.005000102291911273,0.2646994050585634,0.9544532239637143
1.6732021276594868,1.2303213919874447,0.0,43.803869758070114,2.8090810634670525e-05,1.119805392377897,0.005000101643425646,0.2647264984634727,0.9542304462920221
1.6737021276594868,1.2309664730567147,0.0,43.795518381410794,2.79891742171715e-05,1.1200973185649845,0.005000101000454474,0.264753591868382,0.9540071239588668
1.6742021276594867,1.2316115541259842,0.0,43.78714657187953,2.7888102968651476e-05,1.1203892462755802,0.005000100362951488,0.26478068527329135,0.9537832569553498
1.6747021276594867,1.2322566351952537,0.0,43.77875432844122,2.7787594301302777e-05,1.1206811755101949,0.005000099730870737,0.26480777867820066,0.9535588452725687
1.6752021276594866,1.2329017162645233,0.0,43.77034165008724,2.7687645627317722e-05,1.1209731062693393,0.005000099104166581,0.26483487208310996,0.9533338889016172
1.6757021276594866,1.2335467973337932,0.0,43.76190853583131,2.758825435888864e-05,1.1212650385535243,0.005000098482793691,0.2648619654880193,0.953108387833585
1.6762021276594865,1.2341918784030628,0.0,43.75345498469291,2.748941790820785e-05,1.1215569723632608,0.00500009786670705,0.26488905889292863,0.9528823420595582
1.6767021276594865,1.2348369594723323,0.0,43.74498099571389,2.739113368746768e-05,1.1218489076990592,0.005000097255861948,0.26491615229783794,0.9526557515706191
1.6772021276594864,1.2354820405416023,0.0,43.736486567970964,2.7293399108860453e-05,1.1221408445614305,0.005000096650213981,0.2649432457027473,0.9524286163578459
1.6777021276594863,1.2361271216108718,0.0,43.72797170053001,2.7196211584578493e-05,1.1224327829508853,0.005000096049719047,0.2649703391076566,0.9522009364123132
1.6782021276594863,1.2367722026801413,0.0,43.71943639249182,2.7099568526814123e-05,1.1227247228679347,0.005000095454333353,0.2649974325125659,0.9519727117250913
1.6787021276594862,1.2374172837494108,0.0,43.710880642992095,2.7003467347759662e-05,1.123016664313089,0.005000094864013399,0.2650245259174753,0.9517439422872473
1.6792021276594862,1.2380623648186808,0.0,43.70230445113914,2.6907905459607444e-05,1.1233086072868594,0.005000094278715988,0.2650516193223846,0.951514628089844
1.6797021276594861,1.2387074458879503,0.0,43.69370781609699,2.6812880274549786e-05,1.1236005517897565,0.005000093698398221,0.2650787127272939,0.9512847691239404
1.680202127659486,1.2393525269572199,0.0,43.685090737056335,2.671838920477901e-05,1.123892497822291,0.005000093123017491,0.26510580613220325,0.9510543653805918
1.680702127659486,1.2399976080264898,0.0,43.67645321317635,2.6624429662487444e-05,1.1241844453849739,0.005000092552531486,0.26513289953711255,0.9508234168508496
1.681202127659486,1.2406426890957594,0.0,43.667795243688644,2.6530999059867412e-05,1.1244763944783154,0.005000091986898187,0.26515999294202186,0.9505919235257615
1.681702127659486,1.241287770165029,0.0,43.65911682781826,2.6438094809111232e-05,1.124768345102827,0.005000091426075864,0.2651870863469312,0.9503598853963707
1.6822021276594858,1.2419328512342984,0.0,43.65041796480037,2.6345714322411235e-05,1.125060297259019,0.005000090870023073,0.26521417975184053,0.9501273024537176
1.6827021276594858,1.2425779323035684,0.0,43.64169865390933,2.6253855011959742e-05,1.1253522509474023,0.005000090318698659,0.2652412731567499,0.9498941746888376
1.6832021276594857,1.243223013372838,0.0,43.632958894421364,2.616251428994908e-05,1.1256442061684877,0.00500008977206175,0.2652683665616592,0.9496605020927632
1.6837021276594857,1.2438680944421074,0.0,43.62419868563944,2.6071689568571563e-05,1.125936162922786,0.005000089230071758,0.2652954599665685,0.9494262846565227
1.6842021276594856,1.2445131755113774,0.0,43.61541802689332,2.5981378260019523e-05,1.1262281212108076,0.005000088692688373,0.26532255337147787,0.9491915223711405
1.6847021276594856,1.245158256580647,0.0,43.60661691750222,2.5891577776485282e-05,1.1265200810330638,0.005000088159871569,0.26534964677638717,0.9489562152276371
1.6852021276594855,1.2458033376499165,0.0,43.59779535683293,2.5802285530161165e-05,1.1268120423900652,0.005000087631581593,0.2653767401812965,0.9487203632170291
1.6857021276594855,1.2464484187191864,0.0,43.58895334427077,2.5713498933239497e-05,1.1271040052823225,0.005000087107778969,0.26540383358620584,0.9484839663303295
1.6862021276594854,1.247093499788456,0.0,43.580090879190564,2.5625215397912593e-05,1.1273959697103464,0.005000086588424496,0.26543092699111515,0.9482470245585475
1.6867021276594854,1.2477385808577255,0.0,43.571207961014764,2.5537432336372787e-05,1.1276879356746476,0.005000086073479243,0.26545802039602445,0.9480095378926883
1.6872021276594853,1.248383661926995,0.0,43.562304589171966,2.5450147160812397e-05,1.1279799031757372,0.00500008556290455,0.26548511380093376,0.9477715063237531
1.6877021276594852,1.249028742996265,0.0,43.55338076312181,2.536335728342375e-05,1.1282718722141258,0.005000085056662026,0.2655122072058431,0.9475329298427391
1.6882021276594852,1.2496738240655345,0.0,43.544436482321814,2.527706011639917e-05,1.128563842790324,0.005000084554713547,0.2655393006107524,0.9472938084406405
1.6887021276594851,1.250318905134804,0.0,43.5354717462606,2.5191253071930975e-05,1.1288558149048429,0.005000084057021253,0.2655663940156618,0.9470541421084466
1.689202127659485,1.250963986204074,0.0,43.526486554437135,2.5105933562211495e-05,1.1291477885581929,0.005000083563547549,0.2655934874205711,0.9468139308371438
1.689702127659485,1.2516090672733435,0.0,43.51748090638982,2.502109899943305e-05,1.1294397637508848,0.0050000830742550975,0.2656205808254804,0.9465731746177141
1.690202127659485,1.252254148342613,0.0,43.50845480165499,2.493674679578797e-05,1.12973174048343,0.005000082589106825,0.26564767423038976,0.9463318734411351
1.690702127659485,1.2528992294118826,0.0,43.49940823978771,2.485287436346857e-05,1.1300237187563384,0.005000082108065914,0.26567476763529907,0.946090027298382
1.6912021276594849,1.2535443104811526,0.0,43.490341220386654,2.476947911466718e-05,1.1303156985701213,0.005000081631095805,0.26570186104020843,0.9458476361804251
1.6917021276594848,1.254189391550422,0.0,43.481253743027764,2.468655846157612e-05,1.130607679925289,0.00500008115816019,0.26572895444511774,0.9456047000782309
1.6922021276594847,1.2548344726196916,0.0,43.47214580733478,2.4604109816387717e-05,1.130899662822353,0.005000080689223016,0.26575604785002704,0.9453612189827624
1.6927021276594847,1.2554795536889616,0.0,43.463017412966806,2.4522130591294292e-05,1.1311916472618235,0.0050000802242484805,0.2657831412549364,0.9451171928849785
1.6932021276594846,1.256124634758231,0.0,43.45386855954371,2.4440618198488172e-05,1.1314836332442115,0.005000079763201031,0.2658102346598457,0.9448726217758344
1.6937021276594846,1.2567697158275006,0.0,43.4446992467622,2.435957005016168e-05,1.1317756207700276,0.005000079306045361,0.265837328064755,0.9446275056462815
1.6942021276594845,1.2574147968967702,0.0,43.43550947431295,2.4278983558507135e-05,1.1320676098397828,0.0050000788527464115,0.2658644214696643,0.9443818444872669
1.6947021276594845,1.2580598779660401,0.0,43.426299241913775,2.4198856135716866e-05,1.1323596004539875,0.005000078403269367,0.2658915148745737,0.9441356382897347
1.6952021276594844,1.2587049590353097,0.0,43.4170685492765,2.4119185193983193e-05,1.1326515926131528,0.005000077957579655,0.265918608279483,0.9438888870446241
1.6957021276594844,1.2593500401045792,0.0,43.40781739616086,2.4039968145498447e-05,1.1329435863177895,0.005000077515642943,0.2659457016843923,0.9436415907428714
1.6962021276594843,1.2599951211738492,0.0,43.39854578234544,2.396120240245494e-05,1.133235581568408,0.005000077077425137,0.26597279508930166,0.9433937493754084
1.6967021276594842,1.2606402022431187,0.0,43.389253707602926,2.388288537704501e-05,1.1335275783655197,0.005000076642892383,0.26599988849421097,0.9431453629331633
1.6972021276594842,1.2612852833123882,0.0,43.37994117174981,2.380501448146097e-05,1.1338195767096346,0.005000076212011061,0.26602698189912033,0.9428964314070606
1.6977021276594841,1.2619303643816577,0.0,43.37060817460081,2.372758712789515e-05,1.134111576601264,0.005000075784747784,0.26605407530402964,0.9426469547880207
1.698202127659484,1.2625754454509277,0.0,43.36125471601445,2.365060072853987e-05,1.1344035780409183,0.005000075361069399,0.26608116870893894,0.9423969330669604
1.698702127659484,1.2632205265201972,0.0,43.351880795843435,2.357405269558745e-05,1.1346955810291086,0.0050000749409429834,0.2661082621138483,0.9421463662347922
1.699202127659484,1.2638656075894668,0.0,43.342486413967755,2.349794044123022e-05,1.1349875855663456,0.005000074524335843,0.2661353555187576,0.9418952542824252
1.699702127659484,1.2645106886587367,0.0,43.33307157029881,2.3422261377660503e-05,1.13527959165314,0.005000074111215512,0.2661624489236669,0.9416435972007644
1.7002021276594839,1.2651557697280063,0.0,43.323636264758804,2.3347012917070623e-05,1.1355715992900024,0.005000073701549749,0.2661895423285763,0.9413913949807111
1.7007021276594838,1.2658008507972758,0.0,43.31418049727243,2.3272192471652904e-05,1.1358636084774438,0.005000073295306537,0.2662166357334856,0.9411386476131628
1.7012021276594838,1.2664459318665457,0.0,43.304704267808305,2.3197797453599667e-05,1.136155619215975,0.0050000728924540815,0.2662437291383949,0.9408853550890128
1.7017021276594837,1.2670910129358153,0.0,43.29520757634583,2.3123825275103235e-05,1.1364476315061067,0.00500007249296081,0.26627082254330425,0.9406315173991509
1.7022021276594836,1.2677360940050848,0.0,43.2856904228753,2.3050273348355938e-05,1.1367396453483496,0.005000072096795366,0.26629791594821356,0.9403771345344629
1.7027021276594836,1.2683811750743543,0.0,43.27615280741436,2.297713908555009e-05,1.1370316607432145,0.005000071703926615,0.26632500935312287,0.9401222064858309
1.7032021276594835,1.2690262561436243,0.0,43.26659473000811,2.2904419898878027e-05,1.1373236776912121,0.005000071314323634,0.2663521027580322,0.939866733244133
1.7037021276594835,1.2696713372128938,0.0,43.25701619069188,2.2832113200532065e-05,1.1376156961928534,0.005000070927955715,0.26637919616294153,0.9396107148002433
1.7042021276594834,1.2703164182821634,0.0,43.24741718955322,2.2760216402704532e-05,1.137907716248649,0.005000070544792366,0.26640628956785084,0.9393541511450322
1.7047021276594834,1.2709614993514333,0.0,43.23779772669064,2.2688726917587745e-05,1.1381997378591096,0.005000070164803303,0.2664333829727602,0.9390970422693667
1.7052021276594833,1.2716065804207028,0.0,43.22815780219294,2.2617642157374032e-05,1.138491761024746,0.0050000697879584504,0.2664604763776695,0.9388393881641092
1.7057021276594833,1.2722516614899724,0.0,43.21849741620948,2.254695953425572e-05,1.1387837857460692,0.005000069414227944,0.2664875697825788,0.9385811888201185
1.7062021276594832,1.272896742559242,0.0,43.20881656888822,2.2476676460425123e-05,1.1390758120235898,0.005000069043582122,0.2665146631874882,0.9383224442282497
1.7067021276594831,1.2735418236285119,0.0,43.19911526039223,2.2406790348074576e-05,1.1393678398578184,0.005000068675991529,0.2665417565923975,0.9380631543793542
1.707202127659483,1.2741869046977814,0.0,43.18939349091631,2.23372986093964e-05,1.139659869249266,0.005000068311426914,0.2665688499973068,0.9378033192642791
1.707702127659483,1.274831985767051,0.0,43.17965126067453,2.2268198656582908e-05,1.1399519001984433,0.005000067949859225,0.26659594340221615,0.9375429388738679
1.708202127659483,1.275477066836321,0.0,43.169888569875525,2.219948790182644e-05,1.140243932705861,0.005000067591259611,0.26662303680712546,0.9372820131989601
1.708702127659483,1.2761221479055904,0.0,43.160105418780304,2.2131163757319308e-05,1.14053596677203,0.005000067235599419,0.26665013021203476,0.9370205422303918
1.7092021276594829,1.27676722897486,0.0,43.15030180766098,2.206322363525384e-05,1.140828002397461,0.005000066882850194,0.2666772236169441,0.9367585259589946
1.7097021276594828,1.2774123100441295,0.0,43.14047773678427,2.1995664947822365e-05,1.1411200395826648,0.005000066532983675,0.26670431702185343,0.9364959643755967
1.7102021276594828,1.2780573911133994,0.0,43.13063320647344,2.1928485107217198e-05,1.141412078328152,0.005000066185971794,0.2667314104267628,0.9362328574710223
1.7107021276594827,1.278702472182669,0.0,43.120768217042276,2.1861681525630665e-05,1.1417041186344337,0.0050000658417866765,0.2667585038316721,0.9359692052360917
1.7112021276594827,1.2793475532519385,0.0,43.11088276883226,2.179525161525509e-05,1.1419961605020204,0.005000065500400638,0.2667855972365814,0.9357050076616215
1.7117021276594826,1.2799926343212085,0.0,43.10097686222082,2.1729192788282803e-05,1.1422882039314228,0.005000065161786184,0.26681269064149077,0.9354402647384242
1.7122021276594825,1.280637715390478,0.0,43.09105049757183,2.166350245690612e-05,1.142580248923152,0.005000064825916007,0.2668397840464001,0.9351749764573087
1.7127021276594825,1.2812827964597475,0.0,43.08110367530168,2.159817803331737e-05,1.1428722954777184,0.0050000644927629834,0.2668668774513094,0.9349091428090801
1.7132021276594824,1.281927877529017,0.0,43.07113639582561,2.153321692970887e-05,1.1431643435956331,0.005000064162300179,0.2668939708562187,0.9346427637845393
1.7137021276594824,1.282572958598287,0.0,43.061148659594906,2.146861655827295e-05,1.1434563932774067,0.005000063834500838,0.26692106426112805,0.9343758393744835
1.7142021276594823,1.2832180396675565,0.0,43.051140467055625,2.1404374331201934e-05,1.14374844452355,0.005000063509338388,0.26694815766603736,0.9341083695697062
1.7147021276594823,1.283863120736826,0.0,43.04111181869813,2.134048766068814e-05,1.1440404973345735,0.005000063186786439,0.26697525107094666,0.9338403543609972
1.7152021276594822,1.284508201806096,0.0,43.03106271502409,2.1276953958923897e-05,1.1443325517109884,0.005000062866818774,0.267002344475856,0.9335717937391418
1.7157021276594822,1.2851532828753656,0.0,43.02099315653832,2.121377063810153e-05,1.1446246076533053,0.005000062549409359,0.26702943788076533,0.9333026876949219
1.716202127659482,1.285798363944635,0.0,43.010903143806416,2.1150935110413357e-05,1.1449166651620348,0.005000062234532332,0.2670565312856747,0.9330330362191157
1.716702127659482,1.2864434450139046,0.0,43.00079267735594,2.1088444788051705e-05,1.145208724237688,0.005000061922162008,0.267083624690584,0.932762839302497
1.717202127659482,1.2870885260831746,0.0,42.990661757783506,2.1026297083208896e-05,1.1455007848807754,0.005000061612272872,0.2671107180954933,0.9324920969358365
1.717702127659482,1.2877336071524441,0.0,42.98051038568895,2.0964489408077254e-05,1.145792847091808,0.0050000613048395825,0.26713781150040267,0.9322208091099002
1.7182021276594819,1.2883786882217136,0.0,42.97033856168351,2.090301917484911e-05,1.146084910871296,0.005000060999836967,0.267164904905312,0.9319489758154512
1.7187021276594818,1.2890237692909836,0.0,42.9601462864064,2.084188379571678e-05,1.146376976219751,0.005000060697240022,0.26719199831022133,0.9316765970432476
1.7192021276594818,1.2896688503602531,0.0,42.94993356051239,2.0781080682872584e-05,1.1466690431376834,0.005000060397023911,0.26721909171513064,0.9314036727840446
1.7197021276594817,1.2903139314295227,0.0,42.93969996766517,2.072085107595998e-05,1.1469611116558243,0.005000060100572816,0.26724618512003995,0.931130203000269
1.7202021276594817,1.2909590124987926,0.0,42.929445525854625,2.066117521857718e-05,1.1472531817734437,0.0050000598077547375,0.2672732785249493,0.9308561876836644
1.7207021276594816,1.2916040935680622,0.0,42.91917064489529,2.0601808826368696e-05,1.1475452534614068,0.00500005951714658,0.2673003719298586,0.9305816268527081
1.7212021276594816,1.2922491746373317,0.0,42.908875322702464,2.054275077945752e-05,1.147837326720429,0.0050000592287332,0.2673274653347679,0.9303065204979502
1.7217021276594815,1.2928942557066012,0.0,42.898559557212565,2.0483999957966643e-05,1.1481294015512256,0.005000058942499539,0.26735455873967723,0.9300308686099356
1.7222021276594814,1.2935393367758712,0.0,42.888223346383235,2.042555524201907e-05,1.148421477954512,0.005000058658430625,0.2673816521445866,0.9297546711792037
1.7227021276594814,1.2941844178451407,0.0,42.877866688172666,2.03674155117378e-05,1.1487135559310042,0.005000058376511571,0.2674087455494959,0.9294779281962885
1.7232021276594813,1.2948294989144102,0.0,42.86748958058503,2.0309579647245822e-05,1.149005635481417,0.005000058096727579,0.2674358389544052,0.929200639651719
1.7237021276594813,1.2954745799836802,0.0,42.85709202163748,2.025204652866614e-05,1.1492977166064666,0.0050000578190639335,0.26746293235931456,0.9289228055360178
1.7242021276594812,1.2961196610529497,0.0,42.8466740093602,2.019481503612174e-05,1.1495897993068678,0.0050000575435060046,0.26749002576422387,0.9286444258397035
1.7247021276594812,1.2967647421222193,0.0,42.83623554182529,2.0137884049735632e-05,1.1498818835833364,0.0050000572700392475,0.26751711916913323,0.9283655005532883
1.725202127659481,1.2974098231914888,0.0,42.82577661709321,2.0081252449630803e-05,1.1501739694365878,0.005000056998649201,0.26754421257404254,0.9280860296672794
1.725702127659481,1.2980549042607588,0.0,42.815297233270506,2.0024919115930253e-05,1.1504660568673375,0.005000056729321487,0.26757130597895185,0.9278060131721785
1.726202127659481,1.2986999853300283,0.0,42.80479738849737,1.996888292875698e-05,1.1507581458763008,0.005000056462041813,0.2675983993838612,0.9275254510584822
1.726702127659481,1.2993450663992978,0.0,42.79427708089432,1.991314276823398e-05,1.1510502364641932,0.005000056196795966,0.2676254927887705,0.9272443433166815
1.727202127659481,1.2999901474685678,0.0,42.783736308636165,1.9857697514484248e-05,1.1513423286317306,0.005000055933569817,0.2676525861936798,0.9269626899372617
1.7277021276594808,1.3006352285378373,0.0,42.77317506992738,1.9802546047630785e-05,1.1516344223796278,0.00500005567234932,0.2676796795985892,0.9266804909107036
1.7282021276594808,1.301280309607107,0.0,42.7625933629405,1.9747687247796584e-05,1.1519265177086009,0.00500005541312051,0.2677067730034985,0.9263977462274815
1.7287021276594807,1.3019253906763766,0.0,42.75199118592709,1.9693119995104642e-05,1.1522186146193647,0.005000055155869501,0.2677338664084078,0.9261144558780655
1.7292021276594807,1.3025704717456463,0.0,42.741368537143764,1.963884316967796e-05,1.1525107131126353,0.005000054900582491,0.26776095981331716,0.9258306198529191
1.7297021276594806,1.303215552814916,0.0,42.73072541485231,1.9584855651639526e-05,1.152802813189128,0.005000054647245756,0.26778805321822646,0.9255462381425015
1.7302021276594806,1.3038606338841856,0.0,42.72006181734425,1.9531156321112345e-05,1.153094914849558,0.0050000543958456534,0.26781514662313577,0.9252613107372659
1.7307021276594805,1.3045057149534554,0.0,42.70937774294919,1.9477744058219412e-05,1.1533870180946408,0.00500005414636862,0.26784224002804513,0.9249758376276604
1.7312021276594804,1.3051507960227249,0.0,42.698673189989535,1.9424617743083722e-05,1.1536791229250922,0.00500005389880117,0.26786933343295444,0.9246898188041275
1.7317021276594804,1.3057958770919946,0.0,42.68794815683406,1.9371776255828274e-05,1.1539712293416273,0.005000053653129897,0.26789642683786374,0.9244032542571046
1.7322021276594803,1.3064409581612642,0.0,42.67720264186905,1.9319218476576063e-05,1.1542633373449618,0.005000053409341475,0.2679235202427731,0.9241161439770234
1.7327021276594803,1.307086039230534,0.0,42.66643664347788,1.9266943285450084e-05,1.1545554469358112,0.005000053167422653,0.2679506136476824,0.92382848795431
1.7332021276594802,1.3077311202998037,0.0,42.655650160098496,1.921494956257334e-05,1.154847558114891,0.0050000529273602585,0.2679777070525917,0.9235402861793861
1.7337021276594802,1.3083762013690732,0.0,42.64484319018645,1.916323618806882e-05,1.1551396708829162,0.005000052689141196,0.2680048004575011,0.9232515386426672
1.7342021276594801,1.309021282438343,0.0,42.63401573218629,1.9111802042059527e-05,1.1554317852406029,0.005000052452752447,0.2680318938624104,0.9229622453345635
1.73470212765948,1.3096663635076125,0.0,42.62316778460537,1.9060646004668454e-05,1.155723901188666,0.005000052218181068,0.2680589872673197,0.9226724062454802
1.73520212765948,1.3103114445768822,0.0,42.61229934595234,1.90097669560186e-05,1.1560160187278214,0.005000051985414193,0.26808608067222905,0.9223820213658165
1.73570212765948,1.310956525646152,0.0,42.60141041475362,1.8959163776232958e-05,1.1563081378587843,0.00500005175443903,0.26811317407713836,0.9220910906859672
1.73620212765948,1.3116016067154215,0.0,42.59050098956982,1.890883534543453e-05,1.1566002585822703,0.005000051525242861,0.26814026748204767,0.9217996141963204
1.7367021276594798,1.3122466877846912,0.0,42.57957106897932,1.885878054374631e-05,1.156892380898995,0.005000051297813044,0.26816736088695703,0.9215075918872597
1.7372021276594798,1.3128917688539608,0.0,42.568620651574236,1.8808998251291298e-05,1.1571845048096736,0.005000051072137012,0.26819445429186634,0.9212150237491635
1.7377021276594797,1.3135368499232305,0.0,42.557649735989145,1.8759487348192487e-05,1.1574766303150217,0.0050000508482022695,0.2682215476967757,0.9209219097724043
1.7382021276594797,1.3141819309925,0.0,42.5466583208478,1.8710246714572873e-05,1.157768757415755,0.005000050625996394,0.268248641101685,0.9206282499473492
1.7387021276594796,1.3148270120617698,0.0,42.53564640482874,1.8661275230555455e-05,1.1580608861125883,0.005000050405507039,0.2682757345065943,0.9203340442643604
1.7392021276594796,1.3154720931310395,0.0,42.524613986624345,1.8612571776263232e-05,1.1583530164062377,0.005000050186721928,0.26830282791150367,0.9200392927137941
1.7397021276594795,1.316117174200309,0.0,42.51356106492445,1.8564135231819195e-05,1.1586451482974183,0.005000049969628855,0.268329921316413,0.9197439952860018
1.7402021276594795,1.3167622552695788,0.0,42.50248763847376,1.8515964477346344e-05,1.1589372817868457,0.0050000497542156885,0.2683570147213223,0.9194481519713291
1.7407021276594794,1.3174073363388483,0.0,42.49139370602678,1.846805839296768e-05,1.1592294168752355,0.005000049540470368,0.26838410812623165,0.9191517627601163
1.7412021276594793,1.318052417408118,0.0,42.48027926635194,1.8420415858806192e-05,1.1595215535633032,0.005000049328380901,0.26841120153114095,0.9188548276426983
1.7417021276594793,1.3186974984773876,0.0,42.46914431824396,1.837303575498488e-05,1.1598136918517639,0.0050000491179353675,0.26843829493605026,0.9185573466094052
1.7422021276594792,1.3193425795466573,0.0,42.457988860544276,1.8325916961626744e-05,1.1601058317413333,0.005000048909121918,0.2684653883409596,0.9182593196505608
1.7427021276594792,1.319987660615927,0.0,42.44681289206739,1.8279058358854776e-05,1.160397973232727,0.00500004870192877,0.2684924817458689,0.9179607467564841
1.7432021276594791,1.3206327416851966,0.0,42.43561641168691,1.8232458826791974e-05,1.16069011632666,0.005000048496344213,0.26851957515077823,0.9176616279174887
1.743702127659479,1.3212778227544664,0.0,42.42439941829867,1.8186117245561335e-05,1.1609822610238485,0.0050000482923566025,0.2685466685556876,0.9173619631238824
1.744202127659479,1.321922903823736,0.0,42.413161910804426,1.814003249528586e-05,1.1612744073250072,0.005000048089954364,0.2685737619605969,0.9170617523659683
1.744702127659479,1.3225679848930056,0.0,42.40190388813642,1.8094203456088538e-05,1.161566555230852,0.0050000478891259895,0.26860085536550626,0.9167609956340435
1.745202127659479,1.3232130659622754,0.0,42.39062534923696,1.804862900809237e-05,1.1618587047420985,0.00500004768986004,0.26862794877041557,0.9164596929183998
1.7457021276594789,1.323858147031545,0.0,42.37932629309527,1.8003308031420358e-05,1.1621508558594618,0.005000047492145142,0.2686550421753249,0.9161578442093241
1.7462021276594788,1.3245032281008147,0.0,42.368006718714724,1.795823940619549e-05,1.1624430085836577,0.0050000472959699895,0.26868213558023424,0.9158554494970973
1.7467021276594787,1.3251483091700842,0.0,42.35666662509663,1.7913422012540764e-05,1.1627351629154012,0.005000047101323342,0.26870922898514354,0.9155525087719956
1.7472021276594787,1.325793390239354,0.0,42.34530601128921,1.786885473057918e-05,1.1630273188554083,0.005000046908194025,0.26873632239005285,0.915249022024289
1.7477021276594786,1.3264384713086235,0.0,42.33392487637955,1.7824536440433734e-05,1.1633194764043941,0.00500004671657093,0.2687634157949622,0.9149449892442428
1.7482021276594786,1.3270835523778932,0.0,42.32252321942811,1.7780466022227426e-05,1.1636116355630741,0.0050000465264430135,0.2687905091998715,0.9146404104221167
1.7487021276594785,1.327728633447163,0.0,42.31110103955061,1.7736642356083246e-05,1.1639037963321641,0.005000046337799294,0.2688176026047808,0.9143352855481648
1.7492021276594785,1.3283737145164325,0.0,42.29965833589753,1.7693064322124194e-05,1.1641959587123791,0.005000046150628858,0.2688446960096902,0.9140296146126361
1.7497021276594784,1.3290187955857022,0.0,42.28819510760108,1.764973080047327e-05,1.164488122704435,0.005000045964920851,0.2688717894145995,0.913723397605774
1.7502021276594784,1.3296638766549718,0.0,42.2767113538487,1.7606640671253466e-05,1.164780288309047,0.005000045780664488,0.2688988828195088,0.9134166345178167
1.7507021276594783,1.3303089577242415,0.0,42.26520707385866,1.7563792814587778e-05,1.1650724555269305,0.005000045597849039,0.26892597622441816,0.9131093253389972
1.7512021276594782,1.3309540387935113,0.0,42.253682266818736,1.752118611059921e-05,1.1653646243588014,0.005000045416463845,0.26895306962932747,0.9128014700595425
1.7517021276594782,1.3315991198627808,0.0,42.242136932004726,1.747881943941075e-05,1.1656567948053747,0.005000045236498302,0.2689801630342368,0.9124930686696747
1.7522021276594781,1.3322442009320505,0.0,42.23057106867428,1.74366916811454e-05,1.165948966867366,0.005000045057941872,0.26900725643914614,0.9121841211596106
1.752702127659478,1.33288928200132,0.0,42.21898467611592,1.7394801715926156e-05,1.1662411405454907,0.0050000448807840745,0.26903434984405544,0.9118746275195613
1.753202127659478,1.3335343630705898,0.0,42.2073777536491,1.7353148423876015e-05,1.1665333158404645,0.005000044705014494,0.26906144324896475,0.9115645877397325
1.753702127659478,1.3341794441398593,0.0,42.195750300616005,1.7311730685117972e-05,1.1668254927530026,0.005000044530622773,0.2690885366538741,0.9112540018103248
1.754202127659478,1.334824525209129,0.0,42.184102316357134,1.7270547379775027e-05,1.1671176712838207,0.005000044357598613,0.2691156300587834,0.9109428697215334
1.7547021276594779,1.3354696062783988,0.0,42.17243380026847,1.7229597387970174e-05,1.1674098514336344,0.005000044185931779,0.2691427234636927,0.9106311914635474
1.7552021276594778,1.3361146873476684,0.0,42.16074475176066,1.718887958982641e-05,1.1677020332031587,0.00500004401561209,0.2691698168686021,0.9103189670265519
1.7557021276594778,1.336759768416938,0.0,42.149035170250905,1.714839286546673e-05,1.1679942165931092,0.005000043846629428,0.2691969102735114,0.9100061964007256
1.7562021276594777,1.3374048494862076,0.0,42.13730505519154,1.7108136095014137e-05,1.1682864016042016,0.005000043678973731,0.2692240036784207,0.9096928795762416
1.7567021276594776,1.3380499305554774,0.0,42.125554406065966,1.706810815859162e-05,1.1685785882371513,0.005000043512634996,0.26925109708333006,0.9093790165432685
1.7572021276594776,1.338695011624747,0.0,42.11378322236016,1.7028307936322183e-05,1.1688707764926738,0.005000043347603278,0.26927819048823937,0.9090646072919688
1.7577021276594775,1.3393400926940167,0.0,42.10199150359937,1.698873430832882e-05,1.1691629663714842,0.005000043183868687,0.2693052838931487,0.9087496518125003
1.7582021276594775,1.3399851737632864,0.0,42.09017924933185,1.6949386154734528e-05,1.1694551578742984,0.0050000430214213925,0.26933237729805803,0.9084341500950146
1.7587021276594774,1.340630254832556,0.0,42.078346459112524,1.69102623556623e-05,1.1697473510018317,0.005000042860251618,0.26935947070296734,0.9081181021296587
1.7592021276594774,1.3412753359018257,0.0,42.066493132531676,1.6871361791235135e-05,1.1700395457547996,0.005000042700349644,0.26938656410787665,0.9078015079065733
1.7597021276594773,1.3419204169710952,0.0,42.05461926921075,1.6832683341576033e-05,1.1703317421339174,0.005000042541705808,0.269413657512786,0.907484367415895
1.7602021276594773,1.342565498040365,0.0,42.042724868773945,1.6794225886807993e-05,1.170623940139901,0.0050000423843105,0.2694407509176953,0.9071666806477534
1.7607021276594772,1.3432105791096347,0.0,42.030809930897085,1.6755988307053998e-05,1.1709161397734653,0.005000042228154166,0.2694678443226047,0.9068484475922745
1.7612021276594771,1.3438556601789042,0.0,42.01887445523844,1.671796948243706e-05,1.1712083410353262,0.005000042073227307,0.269494937727514,0.9065296682395773
1.761702127659477,1.344500741248174,0.0,42.006918441512006,1.668016829308017e-05,1.171500543926199,0.005000041919520476,0.2695220311324233,0.9062103425797765
1.762202127659477,1.3451458223174435,0.0,41.994941889446885,1.664258361910632e-05,1.1717927484467991,0.005000041767024281,0.2695491245373326,0.9058904706029809
1.762702127659477,1.3457909033867133,0.0,41.98294479880757,1.6605214340638514e-05,1.172084954597842,0.0050000416157293835,0.26957621794224196,0.9055700522992942
1.763202127659477,1.3464359844559828,0.0,41.97092716934113,1.6568059337799747e-05,1.1723771623800434,0.005000041465626498,0.26960331134715126,0.9052490876588143
1.7637021276594769,1.3470810655252525,0.0,41.95888900087084,1.6531117490713015e-05,1.1726693717941186,0.005000041316706388,0.2696304047520606,0.9049275766716341
1.7642021276594768,1.3477261465945223,0.0,41.94683029319849,1.6494387679501313e-05,1.172961582840783,0.005000041168959874,0.26965749815696993,0.9046055193278412
1.7647021276594768,1.3483712276637918,0.0,41.93475104617362,1.6457868784287643e-05,1.173253795520752,0.005000041022377824,0.26968459156187924,0.9042829156175174
1.7652021276594767,1.3490163087330616,0.0,41.922651259677295,1.6421559685194994e-05,1.1735460098347412,0.005000040876951159,0.2697116849667886,0.9039597655307395
1.7657021276594767,1.349661389802331,0.0,41.91053093358545,1.6385459262346367e-05,1.173838225783466,0.005000040732670851,0.2697387783716979,0.9036360690575787
1.7662021276594766,1.3503064708716008,0.0,41.89839006780965,1.634956639586476e-05,1.1741304433676423,0.005000040589527922,0.2697658717766072,0.9033118261881006
1.7667021276594765,1.3509515519408704,0.0,41.886228662297114,1.6313879965873173e-05,1.1744226625879848,0.005000040447513443,0.2697929651815165,0.9029870369123661
1.7672021276594765,1.35159663301014,0.0,41.87404671701444,1.6278398852494593e-05,1.1747148834452095,0.005000040306618536,0.2698200585864259,0.9026617012204301
1.7677021276594764,1.3522417140794099,0.0,41.8618442319273,1.6243121935852027e-05,1.1750071059400318,0.005000040166834371,0.2698471519913352,0.9023358191023422
1.7682021276594764,1.3528867951486794,0.0,41.84962120706966,1.620804809606846e-05,1.175299330073167,0.005000040028152169,0.26987424539624455,0.902009390548147
1.7687021276594763,1.3535318762179491,0.0,41.837377642446114,1.61731762132669e-05,1.1755915558453307,0.0050000398905631965,0.26990133880115386,0.901682415547883
1.7692021276594763,1.3541769572872187,0.0,41.82511353812957,1.6138505167570342e-05,1.1758837832572382,0.005000039754058771,0.26992843220606316,0.9013548940915844
1.7697021276594762,1.3548220383564884,0.0,41.81282889420027,1.610403383910178e-05,1.1761760123096052,0.005000039618630254,0.2699555256109725,0.9010268261692788
1.7702021276594762,1.3554671194257581,0.0,41.800523710745814,1.6069761107984205e-05,1.176468243003147,0.005000039484269058,0.26998261901588183,0.9006982117709894
1.770702127659476,1.3561122004950277,0.0,41.788197987901825,1.6035685854340624e-05,1.1767604753385792,0.0050000393509666416,0.27000971242079114,0.9003690508867332
1.771202127659476,1.3567572815642974,0.0,41.77585172582759,1.600180695829403e-05,1.1770527093166172,0.005000039218714508,0.2700368058257005,0.9000393435065225
1.771702127659476,1.357402362633567,0.0,41.76348492468175,1.596812329996742e-05,1.1773449449379765,0.005000039087504207,0.2700638992306098,0.8997090896203638
1.772202127659476,1.3580474437028367,0.0,41.751097584670994,1.593463375948379e-05,1.1776371822033724,0.005000038957327337,0.27009099263551917,0.8993782892182585
1.7727021276594759,1.3586925247721062,0.0,41.73868970600956,1.590133721696614e-05,1.1779294211135205,0.005000038828175538,0.2701180860404285,0.8990469422902024
1.7732021276594758,1.359337605841376,0.0,41.726261288939476,1.586823255253746e-05,1.1782216616691363,0.005000038700040497,0.2701451794453378,0.8987150488261859
1.7737021276594758,1.3599826869106457,0.0,41.71381233374692,1.583531864632075e-05,1.1785139038709354,0.005000038572913945,0.27017227285024714,0.898382608816194
1.7742021276594757,1.3606277679799152,0.0,41.70134284070532,1.5802594378439007e-05,1.178806147719633,0.005000038446787658,0.27019936625515645,0.8980496222502066
1.7747021276594757,1.361272849049185,0.0,41.68885281013633,1.577005862901523e-05,1.1790983932159447,0.005000038321653455,0.27022645966006575,0.8977160891181979
1.7752021276594756,1.3619179301184545,0.0,41.67634224238956,1.5737710278172414e-05,1.1793906403605858,0.005000038197503199,0.2702535530649751,0.897382009410137
1.7757021276594755,1.3625630111877243,0.0,41.663811137818186,1.5705548206033556e-05,1.1796828891542719,0.005000038074328796,0.2702806464698844,0.8970473831159874
1.7762021276594755,1.363208092256994,0.0,41.65125949681154,1.567357129272165e-05,1.1799751395977187,0.005000037952122194,0.27030773987479373,0.8967122102257068
1.7767021276594754,1.3638531733262635,0.0,41.63868731979506,1.56417784183597e-05,1.1802673916916413,0.0050000378308753856,0.2703348332797031,0.8963764907292486
1.7772021276594754,1.3644982543955333,0.0,41.626094607185706,1.5610168463070697e-05,1.1805596454367553,0.005000037710580402,0.2703619266846124,0.89604022461656
1.7777021276594753,1.3651433354648028,0.0,41.613481359448805,1.557874030697764e-05,1.1808519008337761,0.0050000375912293196,0.2703890200895217,0.895703411877583
1.7782021276594753,1.3657884165340726,0.0,41.600847577085865,1.554749283020352e-05,1.1811441578834192,0.005000037472814254,0.27041611349443107,0.8953660525022541
1.7787021276594752,1.366433497603342,0.0,41.58819326057788,1.551642491287134e-05,1.1814364165864004,0.00500003735532736,0.27044320689934037,0.8950281464805043
1.7792021276594752,1.3670785786726118,0.0,41.57551841047046,1.5485535435104096e-05,1.1817286769434345,0.005000037238760838,0.2704703003042497,0.8946896938022603
1.779702127659475,1.3677236597418816,0.0,41.562823027325216,1.5454823277024784e-05,1.1820209389552376,0.005000037123106924,0.27049739370915904,0.8943506944574415
1.780202127659475,1.3683687408111511,0.0,41.55010711171171,1.54242873187564e-05,1.182313202622525,0.005000037008357896,0.27052448711406835,0.8940111484359635
1.780702127659475,1.3690138218804209,0.0,41.537370664239845,1.5393926440421943e-05,1.1826054679460118,0.005000036894506069,0.27055158051897765,0.8936710557277361
1.781202127659475,1.3696589029496904,0.0,41.52461368555186,1.536373952214441e-05,1.1828977349264138,0.005000036781543801,0.270578673923887,0.8933304163226635
1.7817021276594749,1.3703039840189601,0.0,41.51183617627368,1.5333725444046794e-05,1.1831900035644465,0.005000036669463487,0.2706057673287963,0.8929892302106445
1.7822021276594748,1.3709490650882297,0.0,41.49903813709195,1.5303883086252096e-05,1.1834822738608253,0.005000036558257558,0.2706328607337056,0.8926474973815725
1.7827021276594748,1.3715941461574994,0.0,41.486219568725666,1.527421132888331e-05,1.1837745458162656,0.0050000364479184855,0.270659954138615,0.8923052178253358
1.7832021276594747,1.3722392272267692,0.0,41.47338047187764,1.524470905206343e-05,1.184066819431483,0.00500003633843878,0.2706870475435243,0.8919623915318171
1.7837021276594747,1.3728843082960387,0.0,41.46052084731146,1.521537513591546e-05,1.1843590947071927,0.005000036229810986,0.2707141409484336,0.891619018490894
1.7842021276594746,1.3735293893653084,0.0,41.44764069580288,1.5186208460562394e-05,1.1846513716441105,0.005000036122027685,0.27074123435334296,0.8912750986924382
1.7847021276594746,1.374174470434578,0.0,41.4347400181359,1.5157207906127224e-05,1.1849436502429518,0.0050000360150815,0.27076832775825227,0.8909306321263161
1.7852021276594745,1.3748195515038477,0.0,41.42181881515126,1.5128372352732955e-05,1.1852359305044318,0.005000035908965084,0.2707954211631616,0.8905856187823894
1.7857021276594744,1.3754646325731175,0.0,41.4088770876939,1.5099700680502577e-05,1.1855282124292663,0.0050000358036711295,0.27082251456807094,0.8902400586505135
1.7862021276594744,1.376109713642387,0.0,41.39591483662515,1.507119176955909e-05,1.1858204960181704,0.0050000356991923645,0.27084960797298024,0.8898939517205393
1.7867021276594743,1.3767547947116567,0.0,41.382932062847,1.504284450002549e-05,1.18611278127186,0.00500003559552155,0.27087670137788955,0.8895472979823114
1.7872021276594743,1.3773998757809263,0.0,41.369928767285906,1.5014657752024775e-05,1.1864050681910503,0.0050000354926514855,0.2709037947827989,0.8892000974256693
1.7877021276594742,1.378044956850196,0.0,41.35690495088483,1.4986630405679939e-05,1.1866973567764567,0.005000035390575001,0.2709308881877082,0.8888523500404478
1.7882021276594742,1.3786900379194655,0.0,41.34386061461127,1.4958761341113981e-05,1.1869896470287948,0.005000035289284964,0.2709579815926175,0.8885040558164755
1.7887021276594741,1.3793351189887353,0.0,41.33079575946541,1.4931049438449895e-05,1.1872819389487803,0.005000035188774273,0.2709850749975269,0.8881552147435756
1.789202127659474,1.379980200058005,0.0,41.31771038645586,1.4903493577810685e-05,1.1875742325371283,0.005000035089035862,0.2710121684024362,0.8878058268115667
1.789702127659474,1.3806252811272746,0.0,41.30460449663206,1.487609263931934e-05,1.1878665277945544,0.005000034990062698,0.2710392618073455,0.8874558920102613
1.790202127659474,1.3812703621965443,0.0,41.291478091076186,1.4848845503098859e-05,1.188158824721774,0.00500003489184778,0.27106635521225486,0.8871054103294665
1.790702127659474,1.3819154432658138,0.0,41.27833117087088,1.4821751049272242e-05,1.1884511233195025,0.0050000347943841405,0.27109344861716417,0.8867543817589849
1.7912021276594738,1.3825605243350836,0.0,41.26516373713156,1.479480815796248e-05,1.1887434235884557,0.005000034697664843,0.27112054202207353,0.8864028062886121
1.7917021276594738,1.3832056054043531,0.0,41.25197579099843,1.4768015709292575e-05,1.1890357255293489,0.005000034601682984,0.27114763542698284,0.8860506839081399
1.7922021276594737,1.3838506864736229,0.0,41.23876733364453,1.474137258338552e-05,1.1893280291428974,0.005000034506431692,0.27117472883189214,0.885698014607354
1.7927021276594737,1.3844957675428926,0.0,41.22553836627172,1.4714877660364315e-05,1.1896203344298169,0.005000034411904124,0.2712018222368015,0.8853447983760345
1.7932021276594736,1.3851408486121621,0.0,41.21228889008248,1.4688529820351954e-05,1.1899126413908225,0.00500003431809347,0.2712289156417108,0.8849910352039567
1.7937021276594736,1.3857859296814319,0.0,41.199018906320305,1.4662327943471435e-05,1.1902049500266303,0.005000034224992952,0.2712560090466201,0.8846367250808899
1.7942021276594735,1.3864310107507014,0.0,41.18572841626969,1.4636270909845755e-05,1.190497260337955,0.0050000341325958176,0.2712831024515295,0.8842818679965987
1.7947021276594735,1.3870760918199712,0.0,41.172417421195654,1.4610357599597914e-05,1.1907895723255129,0.005000034040895349,0.2713101958564388,0.8839264639408415
1.7952021276594734,1.387721172889241,0.0,41.15908592243659,1.4584586892850902e-05,1.1910818859900187,0.005000033949884857,0.2713372892613481,0.8835705129033721
1.7957021276594733,1.3883662539585104,0.0,41.1457339213316,1.455895766972772e-05,1.1913742013321884,0.005000033859557678,0.27136438266625745,0.8832140148739382
1.7962021276594733,1.3890113350277802,0.0,41.13236141923676,1.4533468810351364e-05,1.191666518352737,0.005000033769907182,0.27139147607116676,0.8828569698422829
1.7967021276594732,1.3896564160970497,0.0,41.118968417545226,1.4508119194844832e-05,1.1919588370523806,0.0050000336809267664,0.27141856947607607,0.8824993777981429
1.7972021276594732,1.3903014971663195,0.0,41.10555491769132,1.4482907703331117e-05,1.1922511574318342,0.005000033592609856,0.2714456628809854,0.8821412387312504
1.7977021276594731,1.390946578235589,0.0,41.092120921098164,1.4457833215933221e-05,1.1925434794918133,0.005000033504949903,0.27147275628589473,0.8817825526313319
1.798202127659473,1.3915916593048587,0.0,41.07866642923816,1.4432894612774136e-05,1.1928358032330333,0.00500003341794039,0.27149984969080404,0.8814233194881087
1.798702127659473,1.3922367403741285,0.0,41.06519144361285,1.4408090773976862e-05,1.19312812865621,0.005000033331574824,0.2715269430957134,0.8810635392912958
1.799202127659473,1.392881821443398,0.0,41.05169596572877,1.4383420579664394e-05,1.1934204557620587,0.0050000332458467415,0.2715540365006227,0.8807032120306043
1.799702127659473,1.3935269025126678,0.0,41.03817999713778,1.435888290995973e-05,1.1937127845512947,0.005000033160749705,0.27158112990553207,0.8803423376957388
1.8002021276594729,1.3941719835819373,0.0,41.024643539392784,1.4334476644985866e-05,1.1940051150246336,0.005000033076277303,0.2716082233104414,0.879980916276399
1.8007021276594728,1.394817064651207,0.0,41.011086594096064,1.43102006648658e-05,1.194297447182791,0.00500003299242315,0.2716353167153507,0.8796189477622786
1.8012021276594727,1.3954621457204768,0.0,40.99750916287113,1.4286053849722528e-05,1.1945897810264823,0.005000032909180889,0.27166241012026004,0.8792564321430666
1.8017021276594727,1.3961072267897463,0.0,40.98391124735068,1.4262035079679047e-05,1.1948821165564227,0.005000032826544186,0.27168950352516935,0.8788933694084466
1.8022021276594726,1.396752307859016,0.0,40.9702928492088,1.4238143234858353e-05,1.195174453773328,0.005000032744506733,0.27171659693007866,0.8785297595480965
1.8027021276594726,1.3973973889282856,0.0,40.95665397014494,1.4214377195383441e-05,1.1954667926779134,0.005000032663062246,0.271743690334988,0.8781656025516889
1.8032021276594725,1.3980424699975553,0.0,40.94299185643643,1.4191131659535166e-05,1.1957591334753919,0.005000032584014954,0.2717707837398973,0.8778008981535833
1.8037021276594725,1.3986875510668249,0.0,40.92930831845625,1.416814614859431e-05,1.19605147603233,0.005000032506168956,0.27179787714480663,0.8774356465100279
1.8042021276594724,1.3993326321360946,0.0,40.91560439101148,1.4145271147682877e-05,1.1963438202727856,0.005000032428838913,0.271824970549716,0.8770698477062757
1.8047021276594724,1.3999777132053643,0.0,40.90188006987869,1.4122506323942987e-05,1.1966361661979177,0.0050000323520224006,0.2718520639546253,0.876703501731457
1.8052021276594723,1.4006227942746339,0.0,40.88813535085583,1.4099851344516768e-05,1.1969285138088859,0.005000032275717007,0.2718791573595346,0.8763366085746921
1.8057021276594722,1.4012678753439036,0.0,40.874370229798316,1.407730587654634e-05,1.1972208631068495,0.00500003219992033,0.27190625076444397,0.8759691682250935
1.8062021276594722,1.4019129564131732,0.0,40.860584702558874,1.4054869587173827e-05,1.1975132140929674,0.005000032124629975,0.2719333441693533,0.8756011806717654
1.8067021276594721,1.402558037482443,0.0,40.846778765039765,1.4032542143541352e-05,1.1978055667683993,0.005000032049843561,0.2719604375742626,0.875232645903802
1.807202127659472,1.4032031185517124,0.0,40.83295241318085,1.401032321279104e-05,1.1980979211343041,0.0050000319755587165,0.27198753097917194,0.8748635639102903
1.807702127659472,1.4038481996209822,0.0,40.819105642911346,1.3988212462065011e-05,1.1983902771918415,0.0050000319017730775,0.27201462438408125,0.874493934680307
1.808202127659472,1.404493280690252,0.0,40.805238450230256,1.396620955850539e-05,1.1986826349421704,0.005000031828484293,0.27204171778899056,0.8741237582029218
1.808702127659472,1.4051383617595214,0.0,40.791350831162205,1.39443141692543e-05,1.1989749943864505,0.00500003175569002,0.2720688111938999,0.8737530344671939
1.8092021276594719,1.4057834428287912,0.0,40.77744278173744,1.3922525961453864e-05,1.1992673555258404,0.005000031683387928,0.2720959045988092,0.8733817634621758
1.8097021276594718,1.4064285238980607,0.0,40.763514298031986,1.3900844602246205e-05,1.1995597183615,0.005000031611575692,0.27212299800371853,0.8730099451769093
1.8102021276594717,1.4070736049673305,0.0,40.74956537615968,1.3879269758773447e-05,1.1998520828945884,0.005000031540251002,0.2721500914086279,0.8726375796004291
1.8107021276594717,1.4077186860366002,0.0,40.73559601224812,1.3857801098177713e-05,1.2001444491262647,0.005000031469411553,0.2721771848135372,0.8722646667217603
1.8112021276594716,1.4083637671058697,0.0,40.721606202454794,1.3836438287601124e-05,1.2004368170576885,0.005000031399055054,0.2722042782184465,0.8718912065299195
1.8117021276594716,1.4090088481751395,0.0,40.70759594299516,1.3815180994185806e-05,1.2007291866900187,0.005000031329179221,0.27223137162335587,0.8715171990139146
1.8122021276594715,1.409653929244409,0.0,40.693565230070526,1.379402888507388e-05,1.2010215580244148,0.005000031259781779,0.2722584650282652,0.871142644162745
1.8127021276594715,1.4102990103136788,0.0,40.67951405994427,1.377298162740747e-05,1.201313931062036,0.005000031190860465,0.2722855584331745,0.8707675419654013
1.8132021276594714,1.4109440913829483,0.0,40.6654424289018,1.37520388883287e-05,1.2016063058040416,0.0050000311224130236,0.27231265183808384,0.870391892410865
1.8137021276594714,1.411589172452218,0.0,40.65135033325459,1.3731200334979692e-05,1.201898682251591,0.005000031054437211,0.27233974524299315,0.8700156954881095
1.8142021276594713,1.4122342535214878,0.0,40.63723776934027,1.371046563450257e-05,1.2021910604058432,0.00500003098693079,0.27236683864790245,0.869638951186099
1.8147021276594713,1.4128793345907573,0.0,40.62310473355062,1.3689834454039457e-05,1.2024834402679578,0.005000030919891535,0.2723939320528118,0.8692616594937894
1.8152021276594712,1.413524415660027,0.0,40.60895122227566,1.3669306460732475e-05,1.2027758218390938,0.005000030853317229,0.2724210254577211,0.8688838204001278
1.8157021276594711,1.4141694967292966,0.0,40.59477723195164,1.364888132172375e-05,1.2030682051204107,0.005000030787205665,0.27244811886263043,0.8685054338940523
1.816202127659471,1.4148145777985663,0.0,40.58058275905315,1.3628558704155401e-05,1.2033605901130677,0.005000030721554643,0.2724752122675398,0.8681264999644925
1.816702127659471,1.415459658867836,0.0,40.56636780005711,1.3608338275169555e-05,1.203652976818224,0.005000030656361975,0.2725023056724491,0.8677470186003696
1.817202127659471,1.4161047399371056,0.0,40.55213235150684,1.3588219701908333e-05,1.2039453652370389,0.00500003059162548,0.2725293990773584,0.8673669897905958
1.817702127659471,1.4167498210063754,0.0,40.53787640996009,1.3568202651513859e-05,1.2042377553706716,0.005000030527342989,0.27255649248226776,0.8669864135240744
1.8182021276594709,1.417394902075645,0.0,40.5235999719851,1.3548286791128255e-05,1.2045301472202816,0.005000030463512337,0.27258358588717707,0.8666052897897001
1.8187021276594708,1.4180399831449146,0.0,40.50930303421663,1.3528471787893646e-05,1.204822540787028,0.005000030400131373,0.27261067929208643,0.8662236185763591
1.8192021276594708,1.4186850642141842,0.0,40.49498559329201,1.3508757308952153e-05,1.2051149360720703,0.005000030337197953,0.27263777269699574,0.865841399872929
1.8197021276594707,1.419330145283454,0.0,40.480647645899175,1.34891430214459e-05,1.2054073330765673,0.0050000302747099405,0.27266486610190505,0.8654586336682785
1.8202021276594706,1.4199752263527237,0.0,40.466289188744746,1.3469628592517013e-05,1.2056997318016789,0.00500003021266521,0.2726919595068144,0.8650753199512672
1.8207021276594706,1.4206203074219932,0.0,40.45191021855802,1.345021368930761e-05,1.2059921322485638,0.005000030151061645,0.2727190529117237,0.8646914587107468
1.8212021276594705,1.421265388491263,0.0,40.43751073211506,1.3430897978959818e-05,1.2062845344183817,0.005000030089897135,0.272746146316633,0.8643070499355596
1.8217021276594705,1.4219104695605325,0.0,40.423090726230676,1.341168112861576e-05,1.2065769383122917,0.005000030029169581,0.2727732397215424,0.8639220936145395
1.8222021276594704,1.4225555506298022,0.0,40.40865019771858,1.3392562805417557e-05,1.206869343931453,0.0050000299688768915,0.2728003331264517,0.863536589736512
1.8227021276594704,1.4232006316990717,0.0,40.39418914344731,1.3373542676507332e-05,1.2071617512770252,0.005000029909016984,0.272827426531361,0.8631505382902932
1.8232021276594703,1.4238457127683415,0.0,40.37970756032434,1.3354620409027212e-05,1.207454160350167,0.005000029849587783,0.27285451993627036,0.8627639392646914
1.8237021276594703,1.4244907938376112,0.0,40.36520544525214,1.3335795670119316e-05,1.2077465711520383,0.005000029790587224,0.27288161334117966,0.8623767926485048
1.8242021276594702,1.4251358749068808,0.0,40.350682795204136,1.3317068126925769e-05,1.208038983683798,0.005000029732013249,0.27290870674608897,0.8619890984305245
1.8247021276594702,1.4257809559761505,0.0,40.33613960716487,1.3298437446588695e-05,1.2083313979466053,0.00500002967386381,0.27293580015099833,0.8616008565995319
1.82520212765947,1.42642603704542,0.0,40.321575878141964,1.3279903296250215e-05,1.2086238139416199,0.005000029616136865,0.27296289355590764,0.8612120671442997
1.82570212765947,1.4270711181146898,0.0,40.30699160519018,1.3261465343052453e-05,1.2089162316700006,0.005000029558830383,0.27298998696081694,0.8608227300535926
1.82620212765947,1.4277161991839595,0.0,40.29238678539944,1.3243123254137533e-05,1.209208651132907,0.005000029501942339,0.2730170803657263,0.8604328453161658
1.82670212765947,1.428361280253229,0.0,40.27776141586698,1.3224876696647577e-05,1.2095010723314983,0.005000029445470718,0.2730441737706356,0.8600424129207663
1.8272021276594699,1.4290063613224988,0.0,40.263115493749225,1.320672533772471e-05,1.2097934952669338,0.005000029389413512,0.273071267175545,0.8596514328561321
1.8277021276594698,1.4296514423917683,0.0,40.248449016206024,1.3188668844511053e-05,1.2100859199403726,0.0050000293337687214,0.2730983605804543,0.8592599051109928
1.8282021276594698,1.430296523461038,0.0,40.23376198044852,1.317070688414873e-05,1.2103783463529743,0.005000029278534355,0.2731254539853636,0.8588678296740689
1.8287021276594697,1.4309416045303076,0.0,40.21905438372324,1.3152839123779864e-05,1.2106707745058978,0.005000029223708428,0.2731525473902729,0.8584752065340726
1.8292021276594697,1.4315866855995774,0.0,40.20432622329624,1.313506523054658e-05,1.2109632044003025,0.005000029169288967,0.27317964079518225,0.8580820356797073
1.8297021276594696,1.432231766668847,0.0,40.189577496453104,1.3117384871590998e-05,1.2112556360373479,0.005000029115274003,0.27320673420009156,0.8576883170996672
1.8302021276594695,1.4328768477381166,0.0,40.174808200542856,1.3099797714055242e-05,1.211548069418193,0.005000029061661575,0.2732338276050009,0.8572940507826383
1.8307021276594695,1.4335219288073864,0.0,40.160018332914234,1.3082303425081436e-05,1.2118405045439973,0.005000029008449733,0.27326092100991023,0.8568992367172981
1.8312021276594694,1.434167009876656,0.0,40.14520789097151,1.3064901671811704e-05,1.2121329414159199,0.005000028955636532,0.27328801441481954,0.8565038748923148
1.8317021276594694,1.4348120909459257,0.0,40.13037687214267,1.3047592121388168e-05,1.2124253800351201,0.0050000289032200345,0.2733151078197289,0.8561079652963481
1.8322021276594693,1.4354571720151952,0.0,40.11552527387549,1.303037444095295e-05,1.2127178204027573,0.005000028851198313,0.2733422012246382,0.8557115079180494
1.8327021276594693,1.436102253084465,0.0,40.10065309366943,1.3013248297648176e-05,1.2130102625199906,0.0050000287995694455,0.2733692946295475,0.8553145027460609
1.8332021276594692,1.4367473341537347,0.0,40.08576032904777,1.2996213358615967e-05,1.2133027063879793,0.0050000287483315175,0.27339638803445687,0.8549169497690162
1.8337021276594692,1.4373924152230042,0.0,40.07084697755775,1.2979269290998447e-05,1.213595152007883,0.005000028697482624,0.2734234814393662,0.8545188489755402
1.834202127659469,1.438037496292274,0.0,40.05591303678244,1.2962415761937738e-05,1.2138875993808604,0.005000028647020865,0.2734505748442755,0.8541202003542492
1.834702127659469,1.4386825773615435,0.0,40.04095850435283,1.2945652438575966e-05,1.2141800485080714,0.005000028596944349,0.27347766824918485,0.8537210038937506
1.835202127659469,1.4393276584308132,0.0,40.025983377904005,1.292897898805525e-05,1.2144724993906748,0.005000028547251193,0.27350476165409415,0.8533212595826435
1.835702127659469,1.439972739500083,0.0,40.010987655119045,1.2912395077517718e-05,1.2147649520298303,0.00500002849793952,0.27353185505900346,0.8529209674095176
1.8362021276594689,1.4406178205693525,0.0,39.99597133372901,1.2895900374105487e-05,1.2150574064266966,0.005000028449007458,0.2735589484639128,0.8525201273629549
1.8367021276594688,1.4412629016386223,0.0,39.980934411457326,1.2879494544960688e-05,1.2153498625824335,0.005000028400453147,0.2735860418688221,0.8521187394315275
1.8372021276594688,1.4419079827078918,0.0,39.96587688609537,1.2863177257225437e-05,1.2156423204981999,0.005000028352274731,0.27361313527373143,0.8517168036037999
1.8377021276594687,1.4425530637771615,0.0,39.95079875545088,1.284694817804186e-05,1.2159347801751554,0.005000028304470361,0.2736402286786408,0.8513143198683268
1.8382021276594687,1.443198144846431,0.0,39.93570001736381,1.2830806974552081e-05,1.216227241614459,0.005000028257038198,0.2736673220835501,0.8509112882136555
1.8387021276594686,1.4438432259157008,0.0,39.920580669702495,1.2814753313898223e-05,1.2165197048172705,0.005000028209976405,0.2736944154884594,0.8505077086283229
1.8392021276594686,1.4444883069849705,0.0,39.90544071039542,1.2798786863222407e-05,1.2168121697847483,0.005000028163283157,0.27372150889336877,0.8501035811008594
1.8397021276594685,1.44513338805424,0.0,39.89028013735581,1.2782907289666759e-05,1.2171046365180525,0.005000028116956633,0.2737486022982781,0.8496989056197842
1.8402021276594684,1.4457784691235098,0.0,39.875098948577005,1.27671142603734e-05,1.2173971050183419,0.005000028070995018,0.2737756957031874,0.8492936821736098
1.8407021276594684,1.4464235501927794,0.0,39.85989714205702,1.2751407442484454e-05,1.2176895752867758,0.005000028025396508,0.27380278910809674,0.8488879107508392
1.8412021276594683,1.447068631262049,0.0,39.84467471582248,1.2735786503142044e-05,1.2179820473245138,0.0050000279801593,0.27382988251300605,0.8484815913399664
1.8417021276594683,1.4477137123313188,0.0,39.829431667956385,1.2720251109488295e-05,1.2182745211327148,0.005000027935281603,0.27385697591791536,0.8480747239294771
1.8422021276594682,1.4483587934005884,0.0,39.81416799655849,1.2704800928665326e-05,1.2185669967125383,0.005000027890761628,0.2738840693228247,0.8476673085078484
1.8427021276594682,1.4490038744698581,0.0,39.79888369975727,1.2689435627815264e-05,1.2188594740651435,0.005000027846597598,0.273911162727734,0.8472593450635484
1.8432021276594681,1.4496489555391276,0.0,39.783578775721864,1.2674154874080231e-05,1.21915195319169,0.005000027802787736,0.27393825613264333,0.8468508335850362
1.843702127659468,1.4502940366083974,0.0,39.76825322267001,1.265895833460235e-05,1.2194444340933364,0.005000027759330278,0.2739653495375527,0.8464417740607633
1.844202127659468,1.450939117677667,0.0,39.75290703880472,1.2643845676523743e-05,1.2197369167712424,0.0050000277162234605,0.273992442942462,0.8460321664791712
1.844702127659468,1.4515841987469367,0.0,39.73754022240941,1.2628816566986535e-05,1.2200294012265673,0.005000027673465531,0.2740195363473713,0.8456220108286934
1.845202127659468,1.4522292798162064,0.0,39.72215277179248,1.2613870673132847e-05,1.2203218874604702,0.005000027631054741,0.27404662975228067,0.8452113070977548
1.8457021276594678,1.452874360885476,0.0,39.7067446852715,1.2599007662104806e-05,1.2206143754741106,0.005000027588989348,0.27407372315719,0.844800055274771
1.8462021276594678,1.4535194419547457,0.0,39.691315961212894,1.2584227201044532e-05,1.2209068652686477,0.005000027547267618,0.27410081656209934,0.8443882553481491
1.8467021276594677,1.4541645230240152,0.0,39.67586659801612,1.2569528957094149e-05,1.2211993568452406,0.005000027505887821,0.27412790996700864,0.843975907306288
1.8472021276594677,1.454809604093285,0.0,39.66039659410978,1.2554912597395778e-05,1.2214918502050487,0.0050000274648482335,0.27415500337191795,0.8435630111375774
1.8477021276594676,1.4554546851625545,0.0,39.644905947963494,1.2540377789091547e-05,1.2217843453492314,0.005000027424147139,0.27418209677682726,0.8431495668303981
1.8482021276594676,1.4560997662318242,0.0,39.62939465807615,1.2525924199323575e-05,1.2220768422789479,0.005000027383782826,0.2742091901817366,0.8427355743731229
1.8487021276594675,1.456744847301094,0.0,39.613862722971895,1.2511551495233986e-05,1.2223693409953573,0.005000027343753588,0.2742362835866459,0.8423210337541152
1.8492021276594675,1.4573899283703635,0.0,39.59831014122402,1.2497259343964904e-05,1.2226618414996189,0.005000027304057728,0.2742633769915553,0.8419059449617303
1.8497021276594674,1.4580350094396333,0.0,39.58273691141535,1.2483047412658452e-05,1.2229543437928923,0.0050000272646935524,0.2742904703964646,0.8414903079843138
1.8502021276594673,1.4586800905089028,0.0,39.56714303218191,1.2468915368456753e-05,1.2232468478763365,0.005000027225659372,0.2743175638013739,0.8410741228102037
1.8507021276594673,1.4593251715781725,0.0,39.55152850220099,1.245486287850193e-05,1.2235393537511108,0.005000027186953506,0.27434465720628326,0.8406573894277288
1.8512021276594672,1.4599702526474423,0.0,39.53589332014778,1.2440889609936107e-05,1.2238318614183747,0.005000027148574279,0.27437175061119257,0.8402401078252089
1.8517021276594672,1.4606153337167118,0.0,39.52023748477049,1.2426995229901406e-05,1.224124370879287,0.005000027110520021,0.2743988440161019,0.839822277990956
1.8522021276594671,1.4612604147859816,0.0,39.504560994827166,1.241317940553995e-05,1.2244168821350077,0.005000027072789065,0.27442593742101123,0.839403899913272
1.852702127659467,1.461905495855251,0.0,39.48886384911735,1.2399441803993864e-05,1.2247093951866952,0.005000027035379754,0.27445303082592054,0.8389849735804518
1.853202127659467,1.4625505769245208,0.0,39.47314604647028,1.2385782092405269e-05,1.2250019100355094,0.005000026998290432,0.27448012423082985,0.8385654989807798
1.853702127659467,1.4631956579937904,0.0,39.45740758575677,1.237219993791629e-05,1.2252944266826096,0.005000026961519454,0.2745072176357392,0.8381454761025328
1.854202127659467,1.4638407390630601,0.0,39.44164846586952,1.2358695007669049e-05,1.2255869451291546,0.005000026925065175,0.2745343110406485,0.837724904933979
1.8547021276594668,1.4644858201323299,0.0,39.4258686857508,1.2345266968805669e-05,1.225879465376304,0.0050000268889259574,0.2745614044455579,0.837303785463377
1.8552021276594668,1.4651309012015994,0.0,39.410068244353035,1.2331915488468272e-05,1.226171987425217,0.00500002685310017,0.2745884978504672,0.8368821176789779
1.8557021276594667,1.4657759822708691,0.0,39.39424714068618,1.2318640233798985e-05,1.2264645112770531,0.005000026817586186,0.2746155912553765,0.8364599015690226
1.8562021276594667,1.4664210633401387,0.0,39.3784053737823,1.230544087193993e-05,1.2267570369329712,0.005000026782382382,0.2746426846602858,0.8360371371217447
1.8567021276594666,1.4670661444094084,0.0,39.362542942715265,1.2292317070033227e-05,1.2270495643941308,0.0050000267474871445,0.27466977806519516,0.8356138243253681
1.8572021276594666,1.467711225478678,0.0,39.34665984658116,1.2279268495221001e-05,1.2273420936616912,0.00500002671289886,0.27469687147010446,0.8351899631681085
1.8577021276594665,1.4683563065479477,0.0,39.33075608452591,1.2266294814645375e-05,1.2276346247368115,0.005000026678615922,0.2747239648750138,0.8347655536381728
1.8582021276594665,1.4690013876172174,0.0,39.31483165570189,1.2253395695448475e-05,1.2279271576206512,0.0050000266446367314,0.27475105827992313,0.8343405957237591
1.8587021276594664,1.469646468686487,0.0,39.298886559327215,1.224057080477242e-05,1.2282196923143696,0.00500002661095969,0.27477815168483244,0.8339150894130565
1.8592021276594664,1.4702915497557567,0.0,39.282920794646294,1.2227819809759334e-05,1.2285122288191255,0.005000026577583206,0.2748052450897418,0.8334890346942463
1.8597021276594663,1.4709366308250262,0.0,39.26693436091807,1.2215142377551342e-05,1.2288047671360787,0.005000026544505694,0.2748323384946511,0.8330624315555001
1.8602021276594662,1.471581711894296,0.0,39.25092725745547,1.2202538175290566e-05,1.2290973072663882,0.005000026511725573,0.2748594318995604,0.8326352799849812
1.8607021276594662,1.4722267929635657,0.0,39.23489948361365,1.219000687011913e-05,1.2293898492112134,0.005000026479241264,0.2748865253044698,0.8322075799708444
1.8612021276594661,1.4728718740328353,0.0,39.21885103874277,1.2177548129179156e-05,1.2296823929717138,0.005000026447051196,0.2749136187093791,0.8317793315012348
1.861702127659466,1.473516955102105,0.0,39.20278192227464,1.2165161619612766e-05,1.2299749385490482,0.0050000264151538005,0.2749407121142884,0.8313505345642906
1.862202127659466,1.4741620361713745,0.0,39.18669213365194,1.2152847008562087e-05,1.230267485944376,0.005000026383547515,0.27496780551919775,0.8309211891481396
1.862702127659466,1.4748071172406443,0.0,39.17058167234401,1.214060396316924e-05,1.2305600351588568,0.005000026352230781,0.27499489892410706,0.8304912952409015
1.863202127659466,1.4754521983099138,0.0,39.154450537870495,1.2128432150576347e-05,1.2308525861936495,0.005000026321202045,0.27502199232901636,0.8300608528306876
1.8637021276594659,1.4760972793791836,0.0,39.138298729789575,1.2116331237925533e-05,1.2311451390499135,0.005000026290459757,0.2750490857339257,0.8296298619056
1.8642021276594658,1.4767423604484533,0.0,39.12212624767051,1.2104300892358919e-05,1.2314376937288083,0.005000026260002372,0.27507617913883503,0.8291983224537319
1.8647021276594657,1.4773874415177228,0.0,39.10593309113299,1.2092340781018632e-05,1.2317302502314929,0.00500002622982835,0.27510327254374434,0.8287662344631688
1.8652021276594657,1.4780325225869926,0.0,39.08971925984719,1.2080450571046791e-05,1.2320228085591265,0.005000026199936154,0.2751303659486537,0.8283335979219864
1.8657021276594656,1.478677603656262,0.0,39.073484753474865,1.2068629929585521e-05,1.2323153687128687,0.0050000261703242515,0.275157459353563,0.8279004128182521
1.8662021276594656,1.4793226847255319,0.0,39.05722957175974,1.2056878523776946e-05,1.2326079306938784,0.005000026140991116,0.2751845527584723,0.827466679140025
1.8667021276594655,1.4799677657948016,0.0,39.04095371445297,1.2045196020763187e-05,1.2329004945033153,0.005000026111935222,0.2752116461633817,0.8270323968753546
1.8672021276594655,1.4806128468640711,0.0,39.02465718134064,1.2033582087686369e-05,1.2331930601423384,0.005000026083155051,0.275238739568291,0.8265975660122824
1.8677021276594654,1.4812579279333409,0.0,39.008339972255605,1.2022036391688614e-05,1.2334856276121071,0.005000026054649087,0.2752658329732003,0.8261621865388407
1.8682021276594654,1.4819030090026104,0.0,38.99200208706577,1.2010558599912045e-05,1.2337781969137807,0.005000026026415819,0.27529292637810965,0.8257262584430536
1.8687021276594653,1.4825480900718802,0.0,38.97564352565841,1.1999148379498788e-05,1.2340707680485181,0.005000025998453739,0.27532001978301895,0.8252897817129363
1.8692021276594653,1.4831931711411497,0.0,38.95926428797164,1.1987805397590963e-05,1.234363341017479,0.005000025970761343,0.27534711318792826,0.824852756336495
1.8697021276594652,1.4838382522104194,0.0,38.94286437397874,1.1976529321330694e-05,1.2346559158218227,0.005000025943337132,0.2753742065928376,0.8244151823017273
1.8702021276594651,1.4844833332796892,0.0,38.92644378366862,1.1965319817860105e-05,1.234948492462708,0.00500002591617961,0.27540129999774693,0.8239770595966225
1.870702127659465,1.4851284143489587,0.0,38.91000251708507,1.1954176554321318e-05,1.2352410709412949,0.005000025889287284,0.27542839340265624,0.8235383882091603
1.871202127659465,1.4857734954182285,0.0,38.89354057432286,1.1943099197856456e-05,1.235533651258742,0.005000025862658667,0.2754554868075656,0.8230991681273128
1.871702127659465,1.486418576487498,0.0,38.87705795545729,1.1932087415607644e-05,1.235826233416209,0.005000025836292272,0.2754825802124749,0.8226593993390426
1.872202127659465,1.4870636575567677,0.0,38.860554660649996,1.1921140874717002e-05,1.236118817414855,0.005000025810186621,0.2755096736173842,0.8222190818323035
1.8727021276594649,1.4877087386260373,0.0,38.844030690090236,1.1910259242326658e-05,1.236411403255839,0.005000025784340233,0.27553676702229357,0.8217782155950416
1.8732021276594648,1.488353819695307,0.0,38.827486043971454,1.189944218557873e-05,1.236703990940321,0.005000025758751637,0.2755638604272029,0.8213368006151927
1.8737021276594648,1.4889989007645767,0.0,38.81092072256964,1.1888689371615345e-05,1.2369965804694598,0.00500002573341936,0.27559095383211224,0.8208948368806852
1.8742021276594647,1.4896439818338463,0.0,38.79433472614549,1.1878000467578623e-05,1.2372891718444146,0.005000025708341936,0.27561804723702155,0.8204523243794385
1.8747021276594646,1.490289062903116,0.0,38.777728055034515,1.1867375140610689e-05,1.2375817650663448,0.005000025683517902,0.27564514064193085,0.8200092630993627
1.8752021276594646,1.4909341439723856,0.0,38.761100709600065,1.1856813057853667e-05,1.2378743601364097,0.005000025658945796,0.27567223404684016,0.8195656530283599
1.8757021276594645,1.4915792250416553,0.0,38.74445269023343,1.1846313886449677e-05,1.2381669570557685,0.005000025634624162,0.2756993274517495,0.8191214941543231
1.8762021276594645,1.492224306110925,0.0,38.72778399736169,1.1835877293540847e-05,1.2384595558255806,0.005000025610551546,0.2757264208566589,0.8186767864651364
1.8767021276594644,1.4928693871801946,0.0,38.711094631439956,1.1825502946269295e-05,1.2387521564470054,0.005000025586726496,0.2757535142615682,0.8182315299486755
1.8772021276594644,1.4935144682494643,0.0,38.69438459298268,1.1815190511777148e-05,1.2390447589212017,0.005000025563147567,0.2757806076664775,0.817785724592808
1.8777021276594643,1.4941595493187338,0.0,38.67765388252071,1.1804939657206527e-05,1.2393373632493292,0.005000025539813313,0.2758077010713868,0.8173393703853911
1.8782021276594643,1.4948046303880036,0.0,38.66090250064041,1.1794750049699556e-05,1.239629969432547,0.0050000255167222925,0.27583479447629616,0.8168924673142749
1.8787021276594642,1.4954497114572731,0.0,38.64413044792902,1.1784621356398359e-05,1.2399225774720146,0.005000025493873067,0.27586188788120547,0.8164450153672995
1.8792021276594641,1.4960947925265429,0.0,38.62733772504893,1.1774553244445057e-05,1.240215187368891,0.005000025471264202,0.2758889812861148,0.8159970145322979
1.879702127659464,1.4967398735958126,0.0,38.61052433267911,1.1764545380981774e-05,1.2405077991243354,0.005000025448894265,0.27591607469102414,0.815548464797093
1.880202127659464,1.4973849546650821,0.0,38.593690271526924,1.1754597433150634e-05,1.2408004127395074,0.005000025426761825,0.27594316809593344,0.8150993661494991
1.880702127659464,1.498030035734352,0.0,38.57683554236326,1.174470906809376e-05,1.241093028215566,0.005000025404865456,0.2759702615008428,0.8146497185773223
1.881202127659464,1.4986751168036214,0.0,38.55996014596407,1.1734879952953273e-05,1.241385645553671,0.005000025383203734,0.2759973549057521,0.8141995220683595
1.8817021276594639,1.4993201978728912,0.0,38.54306408315723,1.17251097548713e-05,1.2416782647549809,0.005000025361775239,0.2760244483106614,0.8137487766103998
1.8822021276594638,1.4999652789421607,0.0,38.52614735480699,1.1715398140989963e-05,1.2419708858206553,0.00500002534057855,0.2760515417155707,0.8132974821912227
1.8827021276594638,1.5006103600114304,0.0,38.5092099618257,1.1705744778451382e-05,1.2422635087518537,0.0050000253196122516,0.2760786351204801,0.8128456387985986
1.8832021276594637,1.5012554410807002,0.0,38.49225190512708,1.1696149334397683e-05,1.2425561335497353,0.005000025298874931,0.2761057285253894,0.8123932464202902
1.8837021276594637,1.5019005221499697,0.0,38.47527318570035,1.1686611475970989e-05,1.2428487602154592,0.005000025278365176,0.27613282193029876,0.811940305044051
1.8842021276594636,1.5025456032192395,0.0,38.458273804547936,1.1677130870313423e-05,1.2431413887501845,0.00500002525808158,0.27615991533520806,0.8114868146576264
1.8847021276594635,1.503190684288509,0.0,38.441253762712705,1.1667707184567106e-05,1.243434019155071,0.005000025238022737,0.27618700874011737,0.8110327752487516
1.8852021276594635,1.5038357653577787,0.0,38.424213061282025,1.1658340085874166e-05,1.2437266514312777,0.005000025218187242,0.27621410214502673,0.8105781868051545
1.8857021276594634,1.5044808464270485,0.0,38.40715170136824,1.1649029241376722e-05,1.2440192855799639,0.005000025198573693,0.27624119554993604,0.8101230493145537
1.8862021276594634,1.505125927496318,0.0,38.39006968412827,1.1639774318216897e-05,1.2443119216022889,0.005000025179180694,0.27626828895484534,0.809667362764659
1.8867021276594633,1.5057710085655878,0.0,38.37296701076361,1.1630574983536817e-05,1.244604559499412,0.005000025160006845,0.2762953823597547,0.8092111271431717
1.8872021276594633,1.5064160896348573,0.0,38.35584368249312,1.1621430904478604e-05,1.2448971992724922,0.005000025141050755,0.276322475764664,0.8087543424377845
1.8877021276594632,1.507061170704127,0.0,38.33869970058037,1.161234174818438e-05,1.2451898409226891,0.005000025122311029,0.2763495691695733,0.8082970086361811
1.8882021276594632,1.5077062517733966,0.0,38.32153506634919,1.160330718179627e-05,1.2454824844511618,0.005000025103786278,0.2763766625744827,0.8078391257260367
1.888702127659463,1.5083513328426663,0.0,38.30434978110985,1.1594326872456393e-05,1.2457751298590698,0.005000025085475113,0.276403755979392,0.8073806936950172
1.889202127659463,1.508996413911936,0.0,38.287143846256335,1.1585400487306878e-05,1.246067777147572,0.005000025067376149,0.2764308493843013,0.8069217125307806
1.889702127659463,1.5096414949812056,0.0,38.269917263208036,1.1576527693489846e-05,1.246360426317828,0.005000025049488002,0.27645794278921065,0.8064621822209759
1.890202127659463,1.5102865760504753,0.0,38.252670033402055,1.1567708158147419e-05,1.2466530773709972,0.005000025031809289,0.27648503619411996,0.8060021027532427
1.8907021276594629,1.5109316571197449,0.0,38.23540215833211,1.1558941548421722e-05,1.2469457303082385,0.00500002501433863,0.27651212959902927,0.8055414741152128
1.8912021276594628,1.5115767381890146,0.0,38.21811363953693,1.1550227531454875e-05,1.2472383851307112,0.005000024997074646,0.27653922300393863,0.8050802962945094
1.8917021276594628,1.5122218192582844,0.0,38.20080447855366,1.1541565774389004e-05,1.2475310418395749,0.005000024980015963,0.27656631640884793,0.8046185692787456
1.8922021276594627,1.5128669003275539,0.0,38.18347467699952,1.1532955944366231e-05,1.2478237004359884,0.005000024963161203,0.27659340981375724,0.8041562930555276
1.8927021276594627,1.5135119813968236,0.0,38.16612423651359,1.1524397708528679e-05,1.2481163609211117,0.005000024946508996,0.2766205032186666,0.8036934676124511
1.8932021276594626,1.5141570624660932,0.0,38.14875315876456,1.1515890734018473e-05,1.2484090232961034,0.005000024930057967,0.2766475966235759,0.8032300929371046
1.8937021276594626,1.514802143535363,0.0,38.13136144546641,1.1507434687977733e-05,1.2487016875621229,0.0050000249138067495,0.2766746900284852,0.8027661690170671
1.8942021276594625,1.5154472246046324,0.0,38.11394909837451,1.1499029237548585e-05,1.2489943537203296,0.005000024897753973,0.2767017834333946,0.8023016958399087
1.8947021276594624,1.5160923056739022,0.0,38.0965161192624,1.149067404987315e-05,1.249287021771883,0.005000024881898273,0.2767288768383039,0.8018366733931912
1.8952021276594624,1.516737386743172,0.0,38.079062509968395,1.1482368792093553e-05,1.249579691717942,0.005000024866238283,0.2767559702432132,0.8013711016644676
1.8957021276594623,1.5173824678124415,0.0,38.06158827235685,1.1474113131351916e-05,1.249872363559666,0.005000024850772639,0.27678306364812255,0.8009049806412822
1.8962021276594623,1.5180275488817112,0.0,38.04409340831822,1.1465906734790363e-05,1.2501650372982143,0.00500002483549998,0.27681015705303186,0.8004383103111705
1.8967021276594622,1.5186726299509807,0.0,38.026577919796196,1.1457749269551016e-05,1.250457712934746,0.005000024820418944,0.27683725045794116,0.7999710906616593
1.8972021276594622,1.5193177110202505,0.0,38.00904180877234,1.1449640402776002e-05,1.250750390470421,0.005000024805528172,0.2768643438628505,0.799503321680266
1.8977021276594621,1.51996279208952,0.0,37.991485077250545,1.1441579801607438e-05,1.2510430699063977,0.005000024790826306,0.27689143726775983,0.7990350033545011
1.898202127659462,1.5206078731587898,0.0,37.973907727288115,1.143356713318745e-05,1.251335751243836,0.005000024776311989,0.27691853067266914,0.7985661356718643
1.898702127659462,1.5212529542280595,0.0,37.95630976097645,1.1425602064658162e-05,1.2516284344838948,0.0050000247619838645,0.2769456240775785,0.7980967186198478
1.899202127659462,1.521898035297329,0.0,37.93869118044111,1.1417684263161697e-05,1.2519211196277338,0.005000024747840579,0.2769727174824878,0.7976267521859345
1.899702127659462,1.5225431163665988,0.0,37.92105198784182,1.1409813395840176e-05,1.2522138066765118,0.005000024733880778,0.2769998108873971,0.7971562363575992
1.9002021276594618,1.5231881974358683,0.0,37.903392185399646,1.1401989129835726e-05,1.2525064956313885,0.00500002472010311,0.2770269042923065,0.7966851711223073
1.9007021276594618,1.523833278505138,0.0,37.885711775342855,1.1394211132290466e-05,1.2527991864935228,0.005000024706506221,0.2770539976972158,0.7962135564675161
1.9012021276594617,1.5244783595744078,0.0,37.868010759961145,1.1386479070346523e-05,1.2530918792640744,0.005000024693088765,0.27708109110212514,0.7957413923806734
1.9017021276594617,1.5251234406436773,0.0,37.85028914155924,1.1378792611146016e-05,1.2533845739442022,0.005000024679849389,0.27710818450703445,0.7952686788492191
1.9022021276594616,1.525768521712947,0.0,37.83254692250728,1.1371151421831073e-05,1.2536772705350656,0.005000024666786746,0.27713527791194376,0.794795415860584
1.9027021276594616,1.5264136027822166,0.0,37.814784105194384,1.1363555169543813e-05,1.2539699690378239,0.005000024653899488,0.27716237131685306,0.79432160340219
1.9032021276594615,1.5270586838514864,0.0,37.79700069206744,1.1356003521426361e-05,1.2542626694536363,0.005000024641186269,0.2771894647217624,0.7938472414614506
1.9037021276594615,1.5277037649207559,0.0,37.779196685576984,1.134849614462084e-05,1.2545553717836622,0.005000024628645741,0.27721655812667173,0.7933723300257702
1.9042021276594614,1.5283488459900256,0.0,37.761372088254575,1.1341032706269374e-05,1.2548480760290608,0.005000024616276561,0.2772436515315811,0.7928968690825449
1.9047021276594613,1.5289939270592954,0.0,37.74352690262781,1.1333612873514084e-05,1.2551407821909915,0.005000024604077383,0.2772707449364904,0.7924208586191616
1.9052021276594613,1.529639008128565,0.0,37.725661131305394,1.1326236313497096e-05,1.2554334902706132,0.005000024592046863,0.2772978383413997,0.7919442986229992
1.9057021276594612,1.5302840891978347,0.0,37.707774776907655,1.131890269336053e-05,1.2557262002690857,0.005000024580183659,0.27732493174630907,0.791467189081427
1.9062021276594612,1.5309291702671042,0.0,37.689867842089726,1.131161168024651e-05,1.256018912187568,0.0050000245684864286,0.2773520251512184,0.7909895299818059
1.9067021276594611,1.531574251336374,0.0,37.67194032957254,1.1304362941297163e-05,1.2563116260272194,0.005000024556953828,0.27737911855612774,0.7905113213114887
1.907202127659461,1.5322193324056435,0.0,37.65399224208495,1.1297156143654606e-05,1.256604341789199,0.005000024545584516,0.27740621196103704,0.7900325630578187
1.907702127659461,1.5328644134749132,0.0,37.636023582410104,1.1289990954460965e-05,1.2568970594746665,0.005000024534377152,0.27743330536594635,0.7895532552081304
1.908202127659461,1.533509494544183,0.0,37.618034353385426,1.1282867040858365e-05,1.2571897790847806,0.005000024523330397,0.2774603987708557,0.7890733977497505
1.908702127659461,1.5341545756134525,0.0,37.60002455784494,1.1275784069988927e-05,1.257482500620701,0.005000024512442907,0.277487492175765,0.7885929906699958
1.9092021276594608,1.5347996566827222,0.0,37.58199419870015,1.1268741708994774e-05,1.257775224083587,0.005000024501713346,0.2775145855806743,0.7881120339561749
1.9097021276594608,1.5354447377519918,0.0,37.56394327889782,1.1261739625018032e-05,1.2580679494745979,0.005000024491140371,0.2775416789855837,0.787630527595588
1.9102021276594607,1.5360898188212615,0.0,37.54587180139677,1.125477748520082e-05,1.2583606767948927,0.005000024480722645,0.277568772390493,0.7871484715755261
1.9107021276594607,1.5367348998905312,0.0,37.52777976922583,1.1247854956685264e-05,1.2586534060456307,0.005000024470458829,0.2775958657954023,0.786665865883272
1.9112021276594606,1.5373799809598008,0.0,37.5096671854376,1.1240971706613486e-05,1.2589461372279713,0.005000024460347582,0.27762295920031166,0.786182710506099
1.9117021276594606,1.5380250620290705,0.0,37.49153405311623,1.1234127402127608e-05,1.259238870343074,0.005000024450387567,0.27765005260522096,0.785699005431272
1.9122021276594605,1.53867014309834,0.0,37.47338037540827,1.1227321710369756e-05,1.2595316053920975,0.0050000244405774465,0.27767714601013027,0.7852147506460478
1.9127021276594605,1.5393152241676098,0.0,37.455206155484184,1.1220554298482052e-05,1.2598243423762017,0.00500002443091588,0.27770423941503963,0.7847299461376733
1.9132021276594604,1.5399603052368793,0.0,37.43701139654618,1.1213824833606618e-05,1.2601170812965454,0.0050000244214015305,0.27773133281994894,0.7842445918933877
1.9137021276594604,1.540605386306149,0.0,37.41879610186281,1.1207132982885577e-05,1.260409822154288,0.005000024412033058,0.27775842622485825,0.783758687900421
1.9142021276594603,1.5412504673754188,0.0,37.40056027471136,1.1200478413461056e-05,1.2607025649505892,0.005000024402809127,0.2777855196297676,0.7832722341459943
1.9147021276594602,1.5418955484446883,0.0,37.38230391842787,1.1193860792475174e-05,1.2609953096866078,0.005000024393728397,0.2778126130346769,0.7827852306173205
1.9152021276594602,1.542540629513958,0.0,37.36402703638032,1.1187279787070056e-05,1.261288056363503,0.005000024384789529,0.2778397064395862,0.7822976773016037
1.9157021276594601,1.5431857105832276,0.0,37.34572963199167,1.1180735064387825e-05,1.2615808049824344,0.005000024375991187,0.2778667998444956,0.7818095741860384
1.91620212765946,1.5438307916524974,0.0,37.327411708689986,1.1174226291570604e-05,1.261873555544561,0.005000024367332029,0.2778938932494049,0.7813209212578116
1.91670212765946,1.5444758727217671,0.0,37.309073269977695,1.1167753135760516e-05,1.2621663080510424,0.005000024358810719,0.2779209866543142,0.7808317185041007
1.91720212765946,1.5451209537910366,0.0,37.290714319389295,1.1161315264099683e-05,1.2624590625030376,0.005000024350425916,0.27794808005922356,0.7803419659120746
1.91770212765946,1.5457660348603064,0.0,37.2723348604761,1.1154912343730229e-05,1.2627518189017062,0.005000024342176282,0.27797517346413286,0.7798516634688935
1.9182021276594599,1.546411115929576,0.0,37.25393489686003,1.114854404179428e-05,1.263044577248207,0.005000024334060476,0.27800226686904217,0.7793608111617093
1.9187021276594598,1.5470561969988457,0.0,37.23551443219528,1.1142210025433954e-05,1.2633373375436996,0.005000024326077159,0.27802936027395153,0.7788694089776647
1.9192021276594597,1.5477012780681152,0.0,37.21707347015682,1.1135909961791377e-05,1.2636300997893433,0.005000024318224989,0.27805645367886084,0.7783774569038933
1.9197021276594597,1.548346359137385,0.0,37.198612014478876,1.1129643518008674e-05,1.2639228639862972,0.005000024310502628,0.27808354708377014,0.7778849549275207
1.9202021276594596,1.5489914402066547,0.0,37.1801300689396,1.1123410361227964e-05,1.2642156301357208,0.005000024302908732,0.2781106404886795,0.7773919030356633
1.9207021276594596,1.5496365212759242,0.0,37.161627637334256,1.1117210158591375e-05,1.264508398238773,0.005000024295441962,0.2781377338935888,0.7768983012154294
1.9212021276594595,1.550281602345194,0.0,37.1431047235175,1.1111042577241025e-05,1.2648011682966134,0.005000024288100973,0.2781648272984981,0.7764041494539179
1.9217021276594595,1.5509266834144635,0.0,37.12456133138038,1.1104907284319042e-05,1.2650939403104013,0.005000024280884425,0.2781919207034075,0.7759094477382187
1.9222021276594594,1.5515717644837332,0.0,37.105997464854234,1.1098803946967544e-05,1.2653867142812958,0.005000024273790973,0.2782190141083168,0.7754141960554142
1.9227021276594594,1.5522168455530028,0.0,37.087413127903105,1.1092732232328658e-05,1.2656794902104562,0.005000024266819274,0.2782461075132261,0.7749183943925768
1.9232021276594593,1.5528619266222725,0.0,37.06880832455055,1.1086691807544506e-05,1.265972268099042,0.0050000242599679825,0.27827320091813545,0.774422042736771
1.9237021276594592,1.5535070076915423,0.0,37.05018305883379,1.1080682339757212e-05,1.266265047948212,0.005000024253235755,0.27830029432304476,0.7739251410750522
1.9242021276594592,1.5541520887608118,0.0,37.03153733484584,1.1074703496108897e-05,1.266557829759126,0.005000024246621245,0.27832738772795407,0.7734276893944668
1.9247021276594591,1.5547971698300815,0.0,37.01287115673557,1.1068754943741686e-05,1.266850613532943,0.005000024240123106,0.27835448113286343,0.7729296876820534
1.925202127659459,1.555442250899351,0.0,36.9941845286542,1.1062836349797702e-05,1.267143399270822,0.0050000242337399905,0.27838157453777274,0.772431135924841
1.925702127659459,1.5560873319686208,0.0,36.975477454820364,1.105694738141907e-05,1.267436186973923,0.0050000242274705516,0.27840866794268204,0.7719320341098498
1.926202127659459,1.5567324130378906,0.0,36.95674993950103,1.1051087705747907e-05,1.2677289766434048,0.0050000242213134385,0.2784357613475914,0.7714323822240918
1.926702127659459,1.55737749410716,0.0,36.93800198697334,1.1045256989926344e-05,1.268021768280427,0.005000024215267304,0.2784628547525007,0.77093218025457
1.9272021276594589,1.5580225751764298,0.0,36.91923360158581,1.1039454901096498e-05,1.2683145618861482,0.005000024209330795,0.27848994815741,0.7704314281882791
1.9277021276594588,1.5586676562456994,0.0,36.90044478771633,1.1033681106400495e-05,1.2686073574617283,0.005000024203502563,0.2785170415623194,0.7699301260122046
1.9282021276594588,1.559312737314969,0.0,36.88163554976843,1.1027935272980458e-05,1.2689001550083263,0.005000024197781254,0.2785441349672287,0.769428273713323
1.9287021276594587,1.5599578183842386,0.0,36.86280589220949,1.1022217067978508e-05,1.2691929545271017,0.005000024192165514,0.278571228372138,0.7689258712786026
1.9292021276594586,1.5606028994535084,0.0,36.843955819544064,1.1016526158536771e-05,1.2694857560192134,0.0050000241866539905,0.27859832177704735,0.7684229186950031
1.9297021276594586,1.5612479805227781,0.0,36.82508533629869,1.1010862211797372e-05,1.269778559485821,0.0050000241812453265,0.27862541518195666,0.7679194159494748
1.9302021276594585,1.5618930615920477,0.0,36.8061944470639,1.1005224894902428e-05,1.270071364928084,0.005000024175938167,0.27865250858686597,0.7674153630289595
1.9307021276594585,1.5625381426613174,0.0,36.787283156471375,1.0999613874994068e-05,1.270364172347161,0.0050000241707311545,0.2786796019917753,0.766910759920391
1.9312021276594584,1.563183223730587,0.0,36.76835146916347,1.099402881921441e-05,1.2706569817442117,0.00500002416562293,0.27870669539668463,0.7664056066106935
1.9317021276594584,1.5638283047998567,0.0,36.74939938986959,1.098846939470558e-05,1.2709497931203955,0.005000024160612134,0.278733788801594,0.7658999030867822
1.9322021276594583,1.5644733858691262,0.0,36.730426923307036,1.0982935268609703e-05,1.2712426064768714,0.005000024155697406,0.2787608822065033,0.7653936493355648
1.9327021276594583,1.565118466938396,0.0,36.71143407428786,1.0977426108068897e-05,1.2715354218147987,0.005000024150877384,0.2787879756114126,0.7648868453439392
1.9332021276594582,1.5657635480076657,0.0,36.69241393492205,1.0971990491917066e-05,1.2718282396772727,0.005000024146365174,0.27881506901632197,0.764379490159296
1.9337021276594581,1.5664086290769352,0.0,36.67337159748773,1.0966594087968838e-05,1.2721210596669326,0.005000024142010481,0.2788421624212313,0.7638715844570974
1.934202127659458,1.567053710146205,0.0,36.65430872205993,1.0961225222571252e-05,1.2724138816552246,0.005000024137762245,0.27886925582614064,0.7633631284487669
1.934702127659458,1.5676987912154745,0.0,36.6352253032823,1.095588380038597e-05,1.2727067056441268,0.005000024133620156,0.27889634923104994,0.762854122119667
1.935202127659458,1.5683438722847443,0.0,36.616121335874205,1.0950569726074657e-05,1.2729995316356177,0.0050000241295839075,0.27892344263595925,0.7623445654551446
1.935702127659458,1.568988953354014,0.0,36.59699681460798,1.0945282904298979e-05,1.2732923596316756,0.005000024125653191,0.2789505360408686,0.7618344584405321
1.9362021276594579,1.5696340344232835,0.0,36.577851734289965,1.09400232397206e-05,1.2735851896342787,0.005000024121827699,0.2789776294457779,0.7613238010611472
1.9367021276594578,1.5702791154925533,0.0,36.55868608979866,1.0934790637001186e-05,1.2738780216454053,0.0050000241181071235,0.2790047228506872,0.7608125933022925
1.9372021276594578,1.5709241965618228,0.0,36.53949987607341,1.09295850008024e-05,1.2741708556670335,0.005000024114491159,0.2790318162555966,0.7603008351492561
1.9377021276594577,1.5715692776310926,0.0,36.5202930880726,1.0924406235785905e-05,1.2744636917011416,0.005000024110979497,0.2790589096605059,0.7597885265873109
1.9382021276594577,1.572214358700362,0.0,36.50106572083848,1.091925424661337e-05,1.2747565297497079,0.00500002410757183,0.2790860030654152,0.7592756676017152
1.9387021276594576,1.5728594397696318,0.0,36.481817769466744,1.0914128937946456e-05,1.2750493698147107,0.0050000241042678535,0.27911309647032456,0.758762258177712
1.9392021276594575,1.5735045208389016,0.0,36.46254922907629,1.090903021444683e-05,1.2753422118981281,0.005000024101067258,0.27914018987523387,0.7582482983005303
1.9397021276594575,1.574149601908171,0.0,36.44326009487386,1.0903957980776156e-05,1.2756350560019387,0.005000024097969739,0.2791672832801432,0.757733787955383
1.9402021276594574,1.5747946829774409,0.0,36.42395036210853,1.08989121415961e-05,1.2759279021281205,0.005000024094974989,0.27919437668505254,0.7572187271274693
1.9407021276594574,1.5754397640467104,0.0,36.404620026075655,1.0893892601568324e-05,1.2762207502786516,0.005000024092082701,0.27922147008996184,0.7567031158019732
1.9412021276594573,1.5760848451159801,0.0,36.38526908212832,1.0888899265354495e-05,1.2765136004555107,0.005000024089292571,0.27924856349487115,0.7561869539640632
1.9417021276594573,1.5767299261852499,0.0,36.36589752568496,1.0883932037616276e-05,1.2768064526606757,0.005000024086604291,0.2792756568997805,0.7556702415988938
1.9422021276594572,1.5773750072545194,0.0,36.34650535219541,1.0878990823015333e-05,1.2770993068961252,0.005000024084017555,0.2793027503046898,0.755152978691604
1.9427021276594572,1.5780200883237891,0.0,36.32709255718643,1.087407552621333e-05,1.277392163163837,0.005000024081532058,0.2793298437095991,0.7546351652273191
1.943202127659457,1.5786651693930587,0.0,36.30765913623149,1.0869186051871931e-05,1.2776850214657898,0.005000024079147493,0.2793569371145085,0.7541168011911477
1.943702127659457,1.5793102504623284,0.0,36.28820508494706,1.0864322304652803e-05,1.2779778818039615,0.005000024076863555,0.2793840305194178,0.7535978865681849
1.944202127659457,1.579955331531598,0.0,36.26873039901921,1.0859484189217609e-05,1.2782707441803305,0.005000024074679939,0.2794111239243271,0.7530784213435111
1.944702127659457,1.5806004126008677,0.0,36.24923507418482,1.0854671610228014e-05,1.2785636085968752,0.005000024072596337,0.27943821732923646,0.7525584055021903
1.9452021276594569,1.5812454936701374,0.0,36.22971910622778,1.0849884472345682e-05,1.2788564750555738,0.005000024070612446,0.27946531073414577,0.7520378390292735
1.9457021276594568,1.581890574739407,0.0,36.21018249099435,1.0845122680232279e-05,1.2791493435584045,0.00500002406872796,0.2794924041390551,0.7515167219097956
1.9462021276594568,1.5825356558086767,0.0,36.1906252243931,1.084038613854947e-05,1.2794422141073454,0.005000024066942571,0.27951949754396443,0.7509950541287773
1.9467021276594567,1.5831807368779462,0.0,36.17104730235733,1.0835674751958919e-05,1.279735086704375,0.005000024065255976,0.27954659094887374,0.7504728356712238
1.9472021276594567,1.583825817947216,0.0,36.15144872090932,1.083098842512229e-05,1.2800279613514718,0.005000024063667869,0.27957368435378305,0.7499500665221257
1.9477021276594566,1.5844708990164855,0.0,36.13182947611889,1.0826327062701247e-05,1.2803208380506135,0.005000024062177944,0.2796007777586924,0.7494267466664597
1.9482021276594566,1.5851159800857553,0.0,36.11218956409593,1.0821690569357457e-05,1.2806137168037786,0.005000024060785897,0.2796278711636017,0.7489028760891862
1.9487021276594565,1.585761061155025,0.0,36.09252898101693,1.0817078849752584e-05,1.2809065976129452,0.005000024059491421,0.279654964568511,0.7483784547752514
1.9492021276594564,1.5864061422242945,0.0,36.07284772311375,1.0812491808548292e-05,1.2811994804800921,0.005000024058294211,0.2796820579734204,0.7478534827095864
1.9497021276594564,1.5870512232935643,0.0,36.053145786669916,1.0807929350406246e-05,1.281492365407197,0.005000024057193963,0.2797091513783297,0.7473279598771081
1.9502021276594563,1.5876963043628338,0.0,36.03342316802449,1.0803391379988112e-05,1.2817852523962383,0.00500002405619037,0.279736244783239,0.7468018862627177
1.9507021276594563,1.5883413854321036,0.0,36.0136798635835,1.0798877801955553e-05,1.2820781414491944,0.005000024055283127,0.27976333818814836,0.7462752618513019
1.9512021276594562,1.5889864665013733,0.0,35.99391586978604,1.0794388520970233e-05,1.2823710325680435,0.005000024054471929,0.27979043159305766,0.7457480866277325
1.9517021276594562,1.5896315475706428,0.0,35.97413118314591,1.0789923441693819e-05,1.2826639257547638,0.00500002405375647,0.27981752499796697,0.7452203605768666
1.952202127659456,1.5902766286399126,0.0,35.95432580023277,1.0785482468787973e-05,1.2829568210113336,0.005000024053136445,0.27984461840287633,0.7446920836835464
1.952702127659456,1.5909217097091821,0.0,35.93449971765346,1.0781065506914364e-05,1.2832497183397311,0.005000024052611549,0.27987171180778564,0.7441632559325988
1.953202127659456,1.5915667907784519,0.0,35.914652932093496,1.0776672460734652e-05,1.283542617741935,0.005000024052181476,0.27989880521269495,0.743633877308836
1.953702127659456,1.5922118718477214,0.0,35.89478544029081,1.0772303234910505e-05,1.2838355192199227,0.0050000240518459195,0.2799258986176043,0.7431039477970565
1.954202127659456,1.5928569529169911,0.0,35.874897239017,1.0767957734103586e-05,1.284128422775673,0.005000024051604574,0.2799529920225136,0.7425734673820421
1.9547021276594558,1.593502033986261,0.0,35.85498832513015,1.076363586297556e-05,1.2844213284111643,0.005000024051457136,0.2799800854274229,0.7420424360485607
1.9552021276594558,1.5941471150555304,0.0,35.83505869552972,1.0759337526188092e-05,1.2847142361283745,0.005000024051403297,0.2800071788323323,0.7415108537813654
1.9557021276594557,1.5947921961248002,0.0,35.815108347167964,1.0755062628402846e-05,1.2850071459292822,0.005000024051442753,0.2800342722372416,0.740978720565194
1.9562021276594557,1.5954372771940697,0.0,35.79513727706505,1.0750811074281488e-05,1.2853000578158653,0.005000024051575197,0.2800613656421509,0.7404460363847701
1.9567021276594556,1.5960823582633394,0.0,35.77514548229786,1.0746582768485682e-05,1.2855929717901022,0.005000024051800323,0.28008845904706026,0.739912801224802
1.9572021276594556,1.596727439332609,0.0,35.755132959973764,1.0742377615677093e-05,1.2858858878539714,0.005000024052117825,0.28011555245196956,0.7393790150699825
1.9577021276594555,1.5973725204018787,0.0,35.735099707294665,1.0738195520517385e-05,1.2861788060094508,0.005000024052527398,0.28014264585687887,0.7388446779049909
1.9582021276594554,1.5980176014711485,0.0,35.715045721500644,1.0734036387668223e-05,1.286471726258519,0.005000024053028735,0.28016973926178823,0.7383097897144902
1.9587021276594554,1.598662682540418,0.0,35.69497099988887,1.0729900121791271e-05,1.2867646486031539,0.005000024053621528,0.28019683266669754,0.7377743504831304
1.9592021276594553,1.5993077636096877,0.0,35.67487553981744,1.0725786627548196e-05,1.287057573045334,0.005000024054305471,0.2802239260716069,0.7372383601955446
1.9597021276594553,1.5999528446789573,0.0,35.65475933869426,1.072169580960066e-05,1.2873504995870375,0.005000024055080259,0.2802510194765162,0.7367018188363519
1.9602021276594552,1.600597925748227,0.0,35.6346223939883,1.071762757261033e-05,1.2876434282302427,0.005000024055945585,0.2802781128814255,0.736164726390157
1.9607021276594552,1.6012430068174968,0.0,35.61446470324105,1.071358182123887e-05,1.287936358976928,0.00500002405690114,0.2803052062863349,0.7356270828415488
1.9612021276594551,1.6018880878867663,0.0,35.59428626402524,1.0709558460147942e-05,1.2882292918290712,0.0050000240579466185,0.2803322996912442,0.7350888881751024
1.961702127659455,1.602533168956036,0.0,35.57408707399378,1.0705557393999214e-05,1.288522226788651,0.005000024059081713,0.28035939309615354,0.7345501423753773
1.962202127659455,1.6031782500253056,0.0,35.553867130838555,1.0701578527454351e-05,1.2888151638576453,0.005000024060306116,0.28038648650106285,0.7340108454269181
1.962702127659455,1.6038233310945753,0.0,35.53362643232426,1.0697621765175016e-05,1.2891081030380327,0.005000024061619519,0.28041357990597215,0.7334709973142547
1.963202127659455,1.6044684121638448,0.0,35.51336497626229,1.0693687011822872e-05,1.2894010443317914,0.005000024063021616,0.28044067331088146,0.7329305980219023
1.9637021276594548,1.6051134932331146,0.0,35.4930827605445,1.068977417205959e-05,1.2896939877408995,0.005000024064512098,0.2804677667157908,0.732389647534361
1.9642021276594548,1.6057585743023843,0.0,35.472779783083425,1.0685883150546827e-05,1.2899869332673355,0.005000024066090658,0.28049486012070013,0.7318481458361159
1.9647021276594547,1.6064036553716539,0.0,35.45245604188723,1.0682013851946253e-05,1.2902798809130773,0.005000024067756986,0.2805219535256095,0.731306092911638
1.9652021276594547,1.6070487364409236,0.0,35.43211153498494,1.067816618091953e-05,1.2905728306801034,0.005000024069510774,0.2805490469305188,0.7307634887453824
1.9657021276594546,1.6076938175101931,0.0,35.411746260501374,1.0674340042128324e-05,1.2908657825703922,0.005000024071351715,0.2805761403354281,0.73022033332179
1.9662021276594546,1.6083388985794629,0.0,35.39136021660488,1.06705353402343e-05,1.2911587365859216,0.005000024073279498,0.28060323374033747,0.7296766266252868
1.9667021276594545,1.6089839796487326,0.0,35.37095340150366,1.0666751979899122e-05,1.29145169272867,0.005000024075293815,0.28063032714524677,0.7291323686402833
1.9672021276594545,1.6096290607180022,0.0,35.35052581349451,1.0662989865784454e-05,1.2917446510006159,0.005000024077394357,0.2806574205501561,0.7285875593511761
1.9677021276594544,1.610274141787272,0.0,35.33007745091801,1.0659248902551961e-05,1.2920376114037373,0.005000024079580814,0.28068451395506544,0.7280421987423461
1.9682021276594543,1.6109192228565414,0.0,35.30960831217361,1.0655528994863308e-05,1.2923305739400126,0.005000024081852876,0.28071160735997475,0.7274962867981596
1.9687021276594543,1.6115643039258112,0.0,35.289118395715946,1.0651830047380162e-05,1.29262353861142,0.005000024084210232,0.28073870076488405,0.7269498235029681
1.9692021276594542,1.6122093849950807,0.0,35.26860770008111,1.0648151964764184e-05,1.2929165054199376,0.005000024086652574,0.2807657941697934,0.7264028088411085
1.9697021276594542,1.6128544660643505,0.0,35.248076223827006,1.0644494651677042e-05,1.293209474367544,0.00500002408917959,0.2807928875747027,0.7258552427969024
1.9702021276594541,1.6134995471336202,0.0,35.22752396560805,1.0640858012780397e-05,1.293502445456217,0.00500002409179097,0.280819980979612,0.7253071253546568
1.970702127659454,1.6141446282028897,0.0,35.2069509241156,1.0637241952735918e-05,1.2937954186879352,0.005000024094486403,0.2808470743845214,0.7247584564986633
1.971202127659454,1.6147897092721595,0.0,35.186357098096735,1.0633646376205266e-05,1.294088394064677,0.005000024097265576,0.2808741677894307,0.7242092362131991
1.971702127659454,1.615434790341429,0.0,35.165742486376644,1.0630071187850108e-05,1.2943813715884203,0.00500002410012818,0.28090126119434,0.7236594644825269
1.972202127659454,1.6160798714106988,0.0,35.145107087832656,1.0626516292332106e-05,1.2946743512611436,0.0050000241030739015,0.28092835459924936,0.7231091412908934
1.9727021276594539,1.6167249524799683,0.0,35.12445090139437,1.0622981594312928e-05,1.294967333084825,0.0050000241061024285,0.28095544800415867,0.7225582666225315
1.9732021276594538,1.617370033549238,0.0,35.10377392605489,1.0619466998454236e-05,1.295260317061443,0.0050000241092134495,0.280982541409068,0.7220068404616587
1.9737021276594537,1.6180151146185078,0.0,35.08307616088208,1.0615972409417698e-05,1.2955533031929753,0.005000024112406651,0.28100963481397734,0.7214548627924783
1.9742021276594537,1.6186601956877773,0.0,35.062357604974025,1.0612497731864975e-05,1.2958462914814008,0.00500002411568172,0.28103672821888664,0.7209023335991773
1.9747021276594536,1.619305276757047,0.0,35.04161825751121,1.0609042870457734e-05,1.2961392819286977,0.005000024119038343,0.28106382162379595,0.720349252865929
1.9752021276594536,1.6199503578263166,0.0,35.020858117734264,1.060560772985764e-05,1.296432274536844,0.005000024122476207,0.2810909150287053,0.7197956205768916
1.9757021276594535,1.6205954388955863,0.0,35.00007718493295,1.0602192214726355e-05,1.2967252693078177,0.005000024125994998,0.2811180084336146,0.7192414367162088
1.9762021276594535,1.621240519964856,0.0,34.979275458461075,1.0598796229725547e-05,1.2970182662435978,0.005000024129594401,0.2811451018385239,0.7186867012680078
1.9767021276594534,1.6218856010341256,0.0,34.95845293774779,1.0595419679516878e-05,1.297311265346162,0.0050000241332741014,0.2811721952434333,0.7181314142164033
1.9772021276594534,1.6225306821033953,0.0,34.937609622253056,1.0592062468762015e-05,1.2976042666174887,0.005000024137033784,0.2811992886483426,0.7175755755454933
1.9777021276594533,1.6231757631726649,0.0,34.91674551151977,1.0588724502122622e-05,1.2978972700595561,0.005000024140873135,0.2812263820532519,0.7170191852393619
1.9782021276594532,1.6238208442419346,0.0,34.895860605155264,1.0585405684260361e-05,1.2981902756743426,0.005000024144791837,0.28125347545816126,0.7164622432820776
1.9787021276594532,1.6244659253112042,0.0,34.874954902801726,1.0582105919836901e-05,1.2984832834638265,0.005000024148789575,0.28128056886307057,0.7159047496576946
1.9792021276594531,1.625111006380474,0.0,34.85402840418454,1.0578825113513904e-05,1.298776293429986,0.005000024152866032,0.2813076622679799,0.7153467043502516
1.979702127659453,1.6257560874497436,0.0,34.83308110910125,1.0575563169953035e-05,1.299069305574799,0.005000024157020891,0.28133475567288924,0.7147881073437738
1.980202127659453,1.6264011685190132,0.0,34.8121130173697,1.057231999381596e-05,1.2993623199002444,0.005000024161253835,0.28136184907779854,0.7142289586222695
1.980702127659453,1.627046249588283,0.0,34.791124128902325,1.0569095489764343e-05,1.2996553364083,0.005000024165564547,0.28138894248270785,0.7136692581697337
1.981202127659453,1.6276913306575524,0.0,34.77011444367289,1.0565889562459848e-05,1.2999483551009443,0.005000024169952709,0.2814160358876172,0.7131090059701461
1.9817021276594529,1.6283364117268222,0.0,34.749083961694296,1.0562702116564141e-05,1.3002413759801554,0.005000024174418001,0.2814431292925265,0.7125482020074712
1.9822021276594528,1.6289814927960917,0.0,34.728032683055794,1.0559533056738885e-05,1.3005343990479117,0.005000024178960107,0.2814702226974358,0.7119868462656588
1.9827021276594528,1.6296265738653615,0.0,34.706960607915626,1.0556382287645747e-05,1.3008274243061912,0.005000024183578706,0.2814973161023452,0.7114249387286441
1.9832021276594527,1.6302716549346312,0.0,34.68586773647151,1.0553249713946388e-05,1.3011204517569726,0.005000024188273478,0.2815244095072545,0.7108624793803469
1.9837021276594526,1.6309167360039007,0.0,34.66475406900517,1.0550135240302476e-05,1.3014134814022336,0.005000024193044104,0.2815515029121638,0.7102994682046728
1.9842021276594526,1.6315618170731705,0.0,34.643619605852805,1.0547038771375676e-05,1.301706513243953,0.005000024197890264,0.28157859631707316,0.7097359051855117
1.9847021276594525,1.63220689814244,0.0,34.6224643473978,1.0543960211827651e-05,1.3019995472841086,0.005000024202811635,0.28160568972198247,0.7091717903067394
1.9852021276594525,1.6328519792117098,0.0,34.601288294107825,1.0540899466320066e-05,1.302292583524679,0.005000024207807898,0.2816327831268918,0.7086071235522161
1.9857021276594524,1.6334970602809795,0.0,34.58009144650901,1.0537856439514586e-05,1.3025856219676424,0.005000024212878731,0.28165987653180113,0.7080419049057878
1.9862021276594524,1.634142141350249,0.0,34.55887380516758,1.0534831036072874e-05,1.302878662614977,0.00500002421802381,0.28168696993671044,0.7074761343512848
1.9867021276594523,1.6347872224195188,0.0,34.53763537074907,1.05318231606566e-05,1.3031717054686611,0.005000024223242815,0.2817140633416198,0.7069098118725237
1.9872021276594523,1.6354323034887883,0.0,34.51637614394089,1.0528832717927422e-05,1.303464750530673,0.00500002422853542,0.2817411567465291,0.706342937453305
1.9877021276594522,1.636077384558058,0.0,34.495096125522494,1.0525859612547009e-05,1.3037577978029906,0.005000024233901304,0.2817682501514384,0.7057755110774154
1.9882021276594521,1.6367224656273276,0.0,34.473795316328655,1.0522903749177024e-05,1.3040508472875927,0.005000024239340141,0.2817953435563477,0.7052075327286256
1.988702127659452,1.6373675466965973,0.0,34.45247371726425,1.0519965032479131e-05,1.304343898986457,0.005000024244851607,0.2818224369612571,0.7046390023906927
1.989202127659452,1.638012627765867,0.0,34.4311313292712,1.0517043367114996e-05,1.3046369529015625,0.005000024250435378,0.28184953036616645,0.7040699200473572
1.989702127659452,1.6386577088351366,0.0,34.40976815336914,1.0514138657746285e-05,1.3049300090348868,0.005000024256091127,0.28187662377107575,0.7035002856823466
1.990202127659452,1.6393027899044064,0.0,34.3883841906518,1.0511250809034662e-05,1.3052230673884082,0.005000024261818529,0.28190371717598506,0.7029300992793726
1.9907021276594519,1.639947870973676,0.0,34.366979442268686,1.050837972564179e-05,1.3055161279641054,0.005000024267617257,0.28193081058089436,0.7023593608221312
1.9912021276594518,1.6405929520429456,0.0,34.34555390942884,1.0505525312229332e-05,1.3058091907639564,0.0050000242734869835,0.2819579039858037,0.7017880702943052
1.9917021276594518,1.6412380331122154,0.0,34.32410759340098,1.0502687473458959e-05,1.3061022557899393,0.005000024279427382,0.28198499739071303,0.7012162276795617
1.9922021276594517,1.641883114181485,0.0,34.302640495531996,1.049986611399233e-05,1.3063953230440328,0.005000024285438123,0.2820120907956224,0.7006438329615522
1.9927021276594516,1.6425281952507547,0.0,34.2811526172102,1.0497061138491113e-05,1.3066883925282147,0.00500002429151888,0.2820391842005317,0.7000708861239149
1.9932021276594516,1.6431732763200242,0.0,34.25964395990598,1.0494272451616972e-05,1.3069814642444635,0.005000024297669322,0.282066277605441,0.6994973871502717
1.9937021276594515,1.643818357389294,0.0,34.238114525157094,1.049149995803157e-05,1.3072745381947575,0.00500002430388912,0.28209337101035037,0.69892333602423
1.9942021276594515,1.6444634384585635,0.0,34.21656431454306,1.0488743562396573e-05,1.3075676143810746,0.005000024310177944,0.2821204644152597,0.6983487327293834
1.9947021276594514,1.6451085195278332,0.0,34.19499332972206,1.0486003169373646e-05,1.3078606928053935,0.0050000243165354615,0.282147557820169,0.6977735772493084
1.9952021276594514,1.645753600597103,0.0,34.17340157243096,1.0483278683624452e-05,1.3081537734696924,0.005000024322961344,0.28217465122507834,0.6971978695675686
1.9957021276594513,1.6463986816663725,0.0,34.1517890444267,1.0480570009810658e-05,1.3084468563759493,0.005000024329455258,0.28220174462998765,0.6966216096677121
1.9962021276594513,1.6470437627356422,0.0,34.130155747574484,1.0477877052593928e-05,1.3087399415261427,0.00500002433601687,0.28222883803489696,0.6960447975332716
1.9967021276594512,1.6476888438049118,0.0,34.10850168379652,1.0475199716635926e-05,1.3090330289222507,0.005000024342645849,0.2822559314398063,0.6954674331477658
1.9972021276594512,1.6483339248741815,0.0,34.086826855046354,1.0472537906598318e-05,1.3093261185662517,0.005000024349341861,0.2822830248447156,0.6948895164946978
1.997702127659451,1.648979005943451,0.0,34.065131263378795,1.0469891527142767e-05,1.3096192104601239,0.00500002435610457,0.28231011824962493,0.6943110475575559
1.998202127659451,1.6496240870127208,0.0,34.04341491090591,1.0467260482930938e-05,1.3099123046058456,0.005000024362933644,0.2823372116545343,0.6937320263198137
1.998702127659451,1.6502691680819905,0.0,34.02167779978978,1.0464644678624496e-05,1.310205401005395,0.0050000243698287445,0.2823643050594436,0.6931524527649302
1.999202127659451,1.65091424915126,0.0,33.999919932264675,1.0462044018885107e-05,1.3104984996607503,0.0050000243767895376,0.2823913984643529,0.6925723268763491
1.9997021276594509,1.6515593302205298,0.0,33.97814131064441,1.0459458408374435e-05,1.3107916005738898,0.005000024383815686,0.28241849186926227,0.6919916486374993
2.000202127659451,1.6522044112897993,0.0,33.95634193727851,1.0456887751754144e-05,1.3110847037467919,0.005000024390906853,0.2824455852741716,0.6914104180317945
2.0007021276594505,1.6528494923590689,0.0,33.9345218146109,1.04543319536859e-05,1.3113778091814345,0.0050000243980627005,0.2824726786790809,0.6908286350426345
2.0012021276594507,1.6534945734283388,0.0,33.91268094513975,1.0451790918831364e-05,1.3116709168797964,0.00500002440528289,0.28249977208399024,0.6902462996534025
2.001702127659451,1.6541396544976086,0.0,33.89081933140654,1.0449264551852204e-05,1.3119640268438557,0.005000024412567082,0.28252686548889955,0.6896634118474684
2.0022021276594506,1.654784735566878,0.0,33.86893697605479,1.0446752757410087e-05,1.3122571390755904,0.005000024419914937,0.28255395889380885,0.6890799716081869
2.0027021276594503,1.6554298166361474,0.0,33.84703388178618,1.0444255440166674e-05,1.3125502535769786,0.005000024427326114,0.2825810522987182,0.6884959789188978
2.0032021276594505,1.6560748977054174,0.0,33.82511005133143,1.0441772504783629e-05,1.3128433703499993,0.0050000244348002735,0.2826081457036275,0.6879114337629246
2.0037021276594507,1.6567199787746874,0.0,33.80316548754182,1.0439303855922619e-05,1.3131364893966302,0.005000024442337072,0.2826352391085369,0.6873263361235782
2.0042021276594504,1.6573650598439567,0.0,33.7812001932869,1.0436849398245309e-05,1.3134296107188494,0.005000024449936169,0.2826623325134462,0.6867406859841534
2.00470212765945,1.658010140913226,0.0,33.75921417153138,1.0434409036413363e-05,1.3137227343186357,0.00500002445759722,0.2826894259183555,0.6861544833279296
2.0052021276594503,1.658655221982496,0.0,33.737207425291345,1.0431982675088442e-05,1.314015860197967,0.005000024465319882,0.2827165193232648,0.6855677281381723
2.0057021276594504,1.659300303051766,0.0,33.71517995766725,1.0429570218932215e-05,1.314308988358822,0.005000024473103811,0.28274361272817417,0.6849804203981311
2.00620212765945,1.6599453841210352,0.0,33.69313177180018,1.0427171572606349e-05,1.3146021188031782,0.005000024480948661,0.28277070613308347,0.6843925600910425
2.00670212765945,1.6605904651903047,0.0,33.67106287091217,1.0424786640772505e-05,1.3148952515330143,0.005000024488854086,0.2827977995379928,0.6838041472001264
2.00720212765945,1.6612355462595745,0.0,33.64897325829891,1.0422415328092345e-05,1.3151883865503087,0.005000024496819741,0.28282489294290214,0.6832151817085881
2.00770212765945,1.6618806273288445,0.0,33.626862937293446,1.0420057539227538e-05,1.3154815238570396,0.005000024504845279,0.28285198634781145,0.6826256635996177
2.00820212765945,1.662525708398114,0.0,33.60473191133187,1.041771317883975e-05,1.315774663455185,0.005000024512930351,0.28287907975272075,0.6820355928563924
2.0087021276594497,1.6631707894673833,0.0,33.582580183909705,1.0415382151590643e-05,1.3160678053467232,0.005000024521074608,0.2829061731576301,0.6814449694620723
2.00920212765945,1.6638158705366533,0.0,33.56040775855283,1.0413064362141881e-05,1.3163609495336328,0.005000024529277702,0.2829332665625394,0.6808537933998031
2.00970212765945,1.6644609516059232,0.0,33.538214638905046,1.0410759715155128e-05,1.316654096017892,0.005000024537539283,0.2829603599674488,0.6802620646527155
2.0102021276594497,1.6651060326751925,0.0,33.51600082864073,1.0408468115292053e-05,1.3169472448014785,0.005000024545859,0.2829874533723581,0.6796697832039276
2.0107021276594494,1.6657511137444618,0.0,33.493766331515936,1.040618946721432e-05,1.3172403958863712,0.005000024554236501,0.2830145467772674,0.6790769490365385
2.0112021276594496,1.6663961948137318,0.0,33.47151115135393,1.0403923675583587e-05,1.3175335492745481,0.005000024562671435,0.2830416401821767,0.6784835621336356
2.01170212765945,1.6670412758830018,0.0,33.44923529204529,1.0401670645061524e-05,1.3178267049679877,0.005000024571163449,0.28306873358708606,0.6778896224782899
2.0122021276594495,1.667686356952271,0.0,33.42693875754071,1.0399430280309799e-05,1.3181198629686677,0.005000024579712188,0.28309582699199537,0.677295130053559
2.0127021276594492,1.6683314380215406,0.0,33.40462155186934,1.0397202485990071e-05,1.3184130232785667,0.005000024588317298,0.2831229203969047,0.676700084842484
2.0132021276594494,1.6689765190908104,0.0,33.382283679124285,1.0394987166764007e-05,1.3187061858996632,0.0050000245969784255,0.28315001380181404,0.6761044868280911
2.0137021276594496,1.6696216001600803,0.0,33.3599251434591,1.039278422729327e-05,1.3189993508339353,0.005000024605695213,0.2831771072067234,0.6755083359933924
2.0142021276594493,1.6702666812293498,0.0,33.33754594909879,1.0390593572239527e-05,1.3192925180833608,0.005000024614467305,0.2832042006116327,0.6749116323213862
2.014702127659449,1.6709117622986192,0.0,33.31514610033993,1.0388415106264444e-05,1.3195856876499183,0.005000024623294343,0.283231294016542,0.6743143757950536
2.015202127659449,1.6715568433678891,0.0,33.292725601554345,1.038624873402968e-05,1.3198788595355866,0.005000024632175968,0.2832583874214514,0.6737165663973612
2.0157021276594493,1.672201924437159,0.0,33.270284457152975,1.0384094360196905e-05,1.3201720337423435,0.005000024641111824,0.2832854808263607,0.6731182041112618
2.016202127659449,1.6728470055064284,0.0,33.24782267165124,1.0381951889427782e-05,1.3204652102721668,0.005000024650101549,0.28331257423127,0.6725192889196937
2.016702127659449,1.6734920865756977,0.0,33.22534024961477,1.0379821226383978e-05,1.3207583891270351,0.005000024659144782,0.2833396676361793,0.6719198208055788
2.017202127659449,1.6741371676449677,0.0,33.202837195677596,1.037770227572715e-05,1.3210515703089272,0.0050000246682411625,0.28336676104108866,0.671319799751824
2.017702127659449,1.6747822487142376,0.0,33.18031351453507,1.0375594942118972e-05,1.3213447538198209,0.005000024677390328,0.28339385444599796,0.6707192257413225
2.018202127659449,1.675427329783507,0.0,33.157769210976504,1.0373499130221104e-05,1.3216379396616942,0.005000024686591917,0.28342094785090727,0.6701180987569528
2.0187021276594486,1.6760724108527765,0.0,33.13520428983098,1.0371414744695211e-05,1.3219311278365256,0.005000024695845564,0.2834480412558166,0.6695164187815774
2.0192021276594487,1.6767174919220462,0.0,33.11261875602175,1.0369341690202959e-05,1.3222243183462936,0.005000024705150904,0.28347513466072594,0.6689141857980435
2.019702127659449,1.6773625729913162,0.0,33.090012614515686,1.036727987140601e-05,1.3225175111929763,0.005000024714507573,0.2835022280656353,0.668311399789185
2.0202021276594486,1.6780076540605857,0.0,33.067385870363154,1.0365229192966031e-05,1.3228107063785517,0.005000024723915205,0.2835293214705446,0.6677080607378205
2.0207021276594483,1.678652735129855,0.0,33.04473852868369,1.0363189559544689e-05,1.3231039039049983,0.005000024733373432,0.2835564148754539,0.6671041686267526
2.0212021276594485,1.679297816199125,0.0,33.022070594669664,1.0361160875803643e-05,1.3233971037742944,0.005000024742881885,0.2835835082803633,0.66649972343877
2.0217021276594487,1.679942897268395,0.0,32.99938207356474,1.0359143046404561e-05,1.3236903059884184,0.0050000247524401974,0.2836106016852726,0.6658947251566456
2.0222021276594484,1.6805879783376643,0.0,32.9766729707037,1.035713597600911e-05,1.323983510549348,0.005000024762047998,0.2836376950901819,0.6652891737631393
2.022702127659448,1.6812330594069336,0.0,32.95394329148367,1.035513956927895e-05,1.324276717459062,0.0050000247717049175,0.2836647884950912,0.664683069240994
2.0232021276594483,1.6818781404762035,0.0,32.93119304137141,1.0353153730875747e-05,1.3245699267195383,0.005000024781410584,0.28369188190000055,0.6640764115729385
2.0237021276594485,1.6825232215454735,0.0,32.90842222588541,1.0351178365461167e-05,1.3248631383327558,0.005000024791164625,0.28371897530490986,0.6634692007416861
2.024202127659448,1.6831683026147428,0.0,32.88563085065732,1.0349213377696875e-05,1.3251563523006917,0.005000024800966668,0.2837460687098192,0.6628614367299377
2.024702127659448,1.6838133836840123,0.0,32.86281892133106,1.0347258672244536e-05,1.3254495686253251,0.005000024810816338,0.2837731621147285,0.6622531195203756
2.025202127659448,1.684458464753282,0.0,32.83998644366747,1.0345314153765812e-05,1.3257427873086343,0.005000024820713263,0.28380025551963783,0.6616442490956692
2.0257021276594482,1.685103545822552,0.0,32.81713342348675,1.0343379726922368e-05,1.326036008352597,0.005000024830657064,0.2838273489245472,0.6610348254384735
2.026202127659448,1.6857486268918216,0.0,32.79425986666137,1.0341455296375872e-05,1.3263292317591917,0.005000024840647366,0.2838544423294565,0.6604248485314278
2.0267021276594477,1.686393707961091,0.0,32.77136577915221,1.0339540766787988e-05,1.3266224575303966,0.00500002485068379,0.2838815357343658,0.6598143183571564
2.027202127659448,1.6870387890303609,0.0,32.74844808608997,1.0337638982801376e-05,1.3269156859238542,0.005000024860780062,0.28390862913927517,0.6592032343652292
2.027702127659448,1.6876838700996308,0.0,32.725508186646685,1.0335748820254219e-05,1.327208916826168,0.005000024870930888,0.2839357225441845,0.6585915967775697
2.0282021276594477,1.6883289511689001,0.0,32.70254751795443,1.0333868913734595e-05,1.327502150120634,0.005000024881129802,0.2839628159490938,0.6579794058238573
2.0287021276594475,1.6889740322381694,0.0,32.679566075536385,1.03319992198912e-05,1.3277953858101454,0.00500002489137668,0.28398990935400314,0.6573666614846234
2.0292021276594476,1.6896191133074394,0.0,32.65656385496335,1.0330139695372736e-05,1.3280886238975955,0.005000024901671395,0.28401700275891245,0.6567533637403766
2.029702127659448,1.6902641943767094,0.0,32.6335408519257,1.0328290296827899e-05,1.3283818643858771,0.005000024912013822,0.28404409616382176,0.6561395125716053
2.0302021276594475,1.6909092754459787,0.0,32.61049706220837,1.0326450980905393e-05,1.3286751072778826,0.005000024922403832,0.2840711895687311,0.6555251079587767
2.0307021276594472,1.691554356515248,0.0,32.58743248164437,1.0324621704253914e-05,1.3289683525765057,0.005000024932841299,0.2840982829736404,0.6549101498823338
2.0312021276594474,1.692199437584518,0.0,32.56434710618674,1.032280242352216e-05,1.3292616002846394,0.005000024943326095,0.28412537637854973,0.654294638322699
2.0317021276594476,1.692844518653788,0.0,32.54124093187995,1.0320993095358833e-05,1.3295548504051764,0.005000024953858092,0.2841524697834591,0.6536785732602737
2.0322021276594473,1.6934895997230572,0.0,32.518113954820635,1.0319193676412633e-05,1.3298481029410096,0.005000024964437163,0.2841795631883684,0.6530619546754373
2.032702127659447,1.6941346807923268,0.0,32.494966171229485,1.0317404123332257e-05,1.3301413578950323,0.005000024975063179,0.2842066565932777,0.6524447825485467
2.033202127659447,1.6947797618615967,0.0,32.47179757740831,1.0315624392766405e-05,1.3304346152701376,0.0050000249857360115,0.28423374999818707,0.6518270568599367
2.0337021276594474,1.6954248429308667,0.0,32.448608169733106,1.0313854441363775e-05,1.3307278750692182,0.005000024996455531,0.28426084340309643,0.6512087775899222
2.034202127659447,1.696069924000136,0.0,32.4253979446685,1.0312094225773069e-05,1.3310211372951672,0.0050000250072216096,0.2842879368080057,0.6505899447187948
2.034702127659447,1.6967150050694053,0.0,32.40216689880371,1.0310343702642986e-05,1.3313144019508774,0.005000025018034116,0.28431503021291504,0.6499705582268255
2.035202127659447,1.6973600861386753,0.0,32.378915028759685,1.030860282862222e-05,1.3316076690392424,0.00500002502889292,0.28434212361782435,0.649350618094261
2.035702127659447,1.6980051672079453,0.0,32.35564233130366,1.0306871560359478e-05,1.3319009385631548,0.0050000250397978915,0.2843692170227337,0.6487301243013295
2.036202127659447,1.6986502482772146,0.0,32.33234880324927,1.0305149854503454e-05,1.3321942105255073,0.0050000250507489016,0.284396310427643,0.6481090768282363
2.0367021276594466,1.6992953293464839,0.0,32.309034441517426,1.0303437667702852e-05,1.3324874849291932,0.005000025061745818,0.2844234038325523,0.6474874756551643
2.0372021276594467,1.6999404104157538,0.0,32.28569924311148,1.0301734956606364e-05,1.332780761777106,0.005000025072788508,0.28445049723746163,0.6468653207622739
2.037702127659447,1.7005854914850238,0.0,32.26234320515308,1.0300041677862694e-05,1.3330740410721378,0.005000025083876842,0.284477590642371,0.6462426121297062
2.0382021276594466,1.701230572554293,0.0,32.23896632480379,1.0298357788120542e-05,1.333367322817182,0.0050000250950106885,0.2845046840472803,0.6456193497375788
2.0387021276594464,1.7018756536235626,0.0,32.21556859935449,1.0296683244028607e-05,1.3336606070151318,0.005000025106189913,0.2845317774521896,0.6449955335659878
2.0392021276594465,1.7025207346928326,0.0,32.19215002617554,1.0295018002235586e-05,1.33395389366888,0.005000025117414385,0.28455887085709897,0.6443711635950078
2.0397021276594467,1.7031658157621024,0.0,32.16871060272054,1.029336201939018e-05,1.3342471827813198,0.005000025128683969,0.28458596426200833,0.6437462398046907
2.0402021276594464,1.7038108968313719,0.0,32.14525032653719,1.0291715252141088e-05,1.3345404743553437,0.0050000251399985336,0.28461305766691763,0.643120762175069
2.040702127659446,1.7044559779006412,0.0,32.12176919527098,1.0290077657137009e-05,1.334833768393845,0.005000025151357945,0.28464015107182694,0.6424947306861513
2.0412021276594463,1.7051010589699112,0.0,32.09826720664756,1.0288449191026642e-05,1.335127064899717,0.005000025162762069,0.28466724447673625,0.6418681453179236
2.0417021276594465,1.7057461400391811,0.0,32.07474435849426,1.0286829810458685e-05,1.3354203638758526,0.005000025174210771,0.2846943378816456,0.6412410060503528
2.042202127659446,1.7063912211084504,0.0,32.051200648722414,1.0285219472081843e-05,1.3357136653251442,0.005000025185703917,0.2847214312865549,0.6406133128633835
2.042702127659446,1.7070363021777197,0.0,32.02763607533471,1.0283618132544808e-05,1.3360069692504852,0.00500002519724137,0.2847485246914642,0.639985065736937
2.043202127659446,1.7076813832469897,0.0,32.0040506364324,1.0282025748496284e-05,1.336300275654769,0.005000025208822997,0.2847756180963736,0.6393562646509131
2.0437021276594463,1.7083264643162597,0.0,31.980444330190583,1.0280442276584967e-05,1.3365935845408883,0.005000025220448661,0.2848027115012829,0.6387269095851911
2.044202127659446,1.708971545385529,0.0,31.95681715490104,1.027886767345956e-05,1.3368868959117357,0.005000025232118226,0.2848298049061922,0.638097000519628
2.0447021276594457,1.7096166264547985,0.0,31.93316910893327,1.027730189576876e-05,1.3371802097702044,0.005000025243831555,0.2848568983111015,0.6374665374340593
2.045202127659446,1.7102617075240685,0.0,31.90950019074534,1.0275744900161265e-05,1.337473526119188,0.005000025255588512,0.28488399171601086,0.6368355203082965
2.045702127659446,1.7109067885933382,0.0,31.88581039889824,1.0274196643285777e-05,1.337766844961579,0.005000025267388959,0.2849110851209202,0.6362039491221323
2.0462021276594458,1.7115518696626077,0.0,31.86209973203472,1.0272657081790995e-05,1.33806016630027,0.005000025279232759,0.28493817852582953,0.6355718238553374
2.0467021276594455,1.712196950731877,0.0,31.83836818889724,1.0271126172325618e-05,1.3383534901381546,0.005000025291119775,0.28496527193073884,0.6349391444876584
2.0472021276594456,1.712842031801147,0.0,31.814615768324522,1.0269603871538341e-05,1.338646816478126,0.005000025303049867,0.2849923653356482,0.6343059109988216
2.047702127659446,1.713487112870417,0.0,31.790842469230498,1.026809013607787e-05,1.3389401453230767,0.0050000253150228975,0.2850194587405575,0.6336721233685321
2.0482021276594455,1.7141321939396863,0.0,31.76704829064342,1.0266584922592901e-05,1.3392334766758998,0.005000025327038726,0.2850465521454668,0.6330377815764725
2.0487021276594453,1.7147772750089556,0.0,31.74323323167768,1.0265088187732134e-05,1.3395268105394882,0.005000025339097215,0.2850736455503761,0.6324028856023038
2.0492021276594454,1.7154223560782256,0.0,31.71939729153752,1.0263599888144266e-05,1.3398201469167352,0.005000025351198223,0.2851007389552855,0.6317674354256648
2.0497021276594456,1.7160674371474955,0.0,31.69554046951366,1.0262119980477997e-05,1.340113485810534,0.005000025363341611,0.2851278323601948,0.6311314310261726
2.0502021276594453,1.7167125182167648,0.0,31.671662765022365,1.0260648421382031e-05,1.3404068272237766,0.005000025375527238,0.28515492576510415,0.6304948723834245
2.050702127659445,1.7173575992860344,0.0,31.647764177520713,1.0259185167505062e-05,1.340700171159357,0.005000025387754963,0.28518201917001346,0.6298577594769927
2.051202127659445,1.7180026803553043,0.0,31.623844706605826,1.025773017549579e-05,1.340993517620168,0.0050000254000246444,0.28520911257492276,0.6292200922864293
2.0517021276594454,1.718647761424574,0.0,31.599904351954834,1.0256283402002915e-05,1.3412868666091022,0.005000025412336141,0.2852362059798321,0.6285818707912656
2.052202127659445,1.7192928424938436,0.0,31.57594311333218,1.0254844803675137e-05,1.3415802181290528,0.0050000254246893115,0.28526329938474143,0.6279430949710099
2.052702127659445,1.719937923563113,0.0,31.551960990607434,1.0253414337161157e-05,1.341873572182913,0.005000025437084011,0.28529039278965074,0.6273037648051487
2.053202127659445,1.720583004632383,0.0,31.527957983734236,1.0251991959109668e-05,1.3421669287735758,0.005000025449520099,0.2853174861945601,0.6266638802731465
2.053702127659445,1.7212280857016529,0.0,31.503934092761096,1.0250577626169376e-05,1.342460287903934,0.005000025461997432,0.2853445795994694,0.6260234413544472
2.054202127659445,1.7218731667709222,0.0,31.47988931784916,1.0249171294988977e-05,1.3427536495768806,0.005000025474515865,0.2853716730043787,0.6253824480284724
2.0547021276594446,1.7225182478401915,0.0,31.45582365923712,1.0247772922217171e-05,1.3430470137953086,0.005000025487075255,0.285398766409288,0.6247409002746218
2.0552021276594448,1.7231633289094614,0.0,31.43173711726956,1.0246382464502656e-05,1.3433403805621111,0.005000025499675457,0.2854258598141974,0.6240987980722726
2.055702127659445,1.7238084099787314,0.0,31.407629692365443,1.0244999878494133e-05,1.3436337498801814,0.0050000255123163265,0.2854529532191067,0.6234561414007811
2.0562021276594447,1.7244534910480007,0.0,31.383501385074613,1.02436251208403e-05,1.3439271217524118,0.005000025524997718,0.28548004662401605,0.6228129302394825
2.0567021276594444,1.7250985721172702,0.0,31.35935219601105,1.024225814818986e-05,1.3442204961816955,0.005000025537719486,0.28550714002892535,0.6221691645676893
2.0572021276594445,1.72574365318654,0.0,31.33518212589527,1.0240898917191506e-05,1.344513873170926,0.005000025550481485,0.28553423343383466,0.6215248443646909
2.0577021276594447,1.72638873425581,0.0,31.310991175554523,1.023954738449394e-05,1.3448072527229962,0.005000025563283568,0.285561326838744,0.6208799696097572
2.0582021276594444,1.7270338153250795,0.0,31.286779345898307,1.0238203506745863e-05,1.3451006348407983,0.005000025576125588,0.28558842024365333,0.6202345402821364
2.058702127659444,1.7276788963943488,0.0,31.26254663793609,1.0236867240595973e-05,1.3453940195272263,0.005000025589007398,0.28561551364856264,0.6195885563610525
2.0592021276594443,1.7283239774636188,0.0,31.23829305278807,1.0235538542692969e-05,1.3456874067851727,0.0050000256019288505,0.285642607053472,0.6189420178257096
2.0597021276594445,1.7289690585328887,0.0,31.214018591636126,1.023421736968555e-05,1.3459807966175308,0.005000025614889797,0.2856697004583813,0.6182949246552896
2.060202127659444,1.729614139602158,0.0,31.18972325580125,1.0232903678222418e-05,1.346274189027193,0.005000025627890089,0.2856967938632906,0.6176472768289536
2.060702127659444,1.7302592206714273,0.0,31.16540704668402,1.0231597424952268e-05,1.3465675840170526,0.005000025640929578,0.28572388726819997,0.6169990743258393
2.061202127659444,1.7309043017406973,0.0,31.14106996576127,1.0230298566523801e-05,1.346860981590003,0.005000025654008113,0.2857509806731093,0.6163503171250625
2.0617021276594443,1.7315493828099673,0.0,31.1167120146459,1.0229007059585717e-05,1.3471543817489369,0.005000025667125547,0.28577807407801864,0.6157010052057188
2.062202127659444,1.7321944638792366,0.0,31.092333195013392,1.0227722860786716e-05,1.3474477844967472,0.005000025680281728,0.28580516748292795,0.6150511385468812
2.0627021276594437,1.7328395449485061,0.0,31.067933508665053,1.0226445926775498e-05,1.3477411898363267,0.005000025693476505,0.28583226088783725,0.6144007171276014
2.063202127659444,1.7334846260177759,0.0,31.043512957475652,1.0225176214200757e-05,1.3480345977705692,0.005000025706709729,0.28585935429274656,0.6137497409269073
2.063702127659444,1.7341297070870458,0.0,31.019071543449616,1.0223913679711197e-05,1.348328008302367,0.005000025719981247,0.2858864476976559,0.6130982099238079
2.0642021276594438,1.7347747881563154,0.0,30.994609268651157,1.0222658279955515e-05,1.3486214214346133,0.005000025733290907,0.2859135411025652,0.6124461240972888
2.0647021276594435,1.7354198692255847,0.0,30.97012613527096,1.0221409971582413e-05,1.3489148371702009,0.005000025746638557,0.28594063450747453,0.6117934834263145
2.0652021276594437,1.7360649502948546,0.0,30.945622145591344,1.0220168711240588e-05,1.3492082555120233,0.0050000257600240445,0.2859677279123839,0.6111402878898262
2.065702127659444,1.7367100313641246,0.0,30.921097301989953,1.0218934455578738e-05,1.349501676462973,0.005000025773447216,0.28599482131729326,0.6104865374667453
2.0662021276594436,1.737355112433394,0.0,30.896551606932906,1.0217707161245567e-05,1.3497951000259432,0.005000025786907918,0.2860219147222025,0.6098322321359708
2.0667021276594433,1.7380001935026632,0.0,30.87198506302041,1.0216486784889772e-05,1.350088526203827,0.005000025800405997,0.28604900812711187,0.6091773718763789
2.0672021276594434,1.7386452745719332,0.0,30.84739767290656,1.0215273283160048e-05,1.3503819549995173,0.005000025813941296,0.2860761015320212,0.6085219566668247
2.0677021276594436,1.7392903556412032,0.0,30.82278943938685,1.02140666127051e-05,1.3506753864159071,0.0050000258275136635,0.28610319493693054,0.6078659864861424
2.0682021276594433,1.7399354367104725,0.0,30.798160365321483,1.0212866730173626e-05,1.3509688204558894,0.005000025841122942,0.28613028834183984,0.6072094613131431
2.068702127659443,1.740580517779742,0.0,30.773510453698403,1.0211673592214324e-05,1.351262257122357,0.005000025854768976,0.28615738174674915,0.6065523811266174
2.0692021276594432,1.7412255988490117,0.0,30.748839707581133,1.0210487155475892e-05,1.3515556964182034,0.005000025868451609,0.28618447515165846,0.6058947459053317
2.0697021276594434,1.7418706799182817,0.0,30.72414813015772,1.0209307376607032e-05,1.3518491383463214,0.005000025882170685,0.2862115685565678,0.6052365556280332
2.070202127659443,1.7425157609875512,0.0,30.699435724706085,1.0208134212256442e-05,1.3521425829096034,0.005000025895926047,0.2862386619614772,0.6045778102734474
2.070702127659443,1.7431608420568205,0.0,30.674702494580252,1.0206967619072824e-05,1.3524360301109433,0.005000025909717536,0.28626575536638643,0.6039185098202752
2.071202127659443,1.7438059231260905,0.0,30.649948443283666,1.0205807553704872e-05,1.3527294799532337,0.005000025923544995,0.2862928487712958,0.6032586542471982
2.071702127659443,1.7444510041953605,0.0,30.62517357438228,1.0204653972801289e-05,1.3530229324393677,0.005000025937408265,0.28631994217620516,0.6025982435328752
2.072202127659443,1.7450960852646298,0.0,30.6003778915535,1.0203506833010774e-05,1.353316387572238,0.005000025951307187,0.28634703558111446,0.6019372776559442
2.0727021276594426,1.745741166333899,0.0,30.57556139857937,1.0202366090982026e-05,1.3536098453547378,0.005000025965241601,0.28637412898602377,0.6012757565950204
2.073202127659443,1.746386247403169,0.0,30.55072409934673,1.0201231703363743e-05,1.3539033057897603,0.005000025979211348,0.28640122239093313,0.6006136803286972
2.073702127659443,1.747031328472439,0.0,30.525865997830046,1.0200103626804624e-05,1.3541967688801984,0.005000025993216268,0.28642831579584244,0.5999510488355464
2.0742021276594427,1.7476764095417083,0.0,30.50098709811934,1.0198981817953373e-05,1.3544902346289447,0.0050000260072561985,0.28645540920075174,0.5992878620941191
2.0747021276594424,1.7483214906109779,0.0,30.476087404403007,1.0197866233458684e-05,1.3547837030388925,0.005000026021330979,0.28648250260566105,0.5986241200829432
2.0752021276594426,1.7489665716802476,0.0,30.45116692096798,1.0196756829969257e-05,1.3550771741129353,0.005000026035440449,0.2865095960105704,0.5979598227805238
2.0757021276594427,1.7496116527495176,0.0,30.426225652199918,1.0195653564133792e-05,1.3553706478539653,0.005000026049584444,0.2865366894154797,0.5972949701653476
2.0762021276594425,1.750256733818787,0.0,30.401263602600714,1.0194556392600991e-05,1.355664124264876,0.005000026063762802,0.2865637828203891,0.5966295622158766
2.076702127659442,1.7509018148880564,0.0,30.3762807767609,1.019346527201955e-05,1.3559576033485599,0.005000026077975361,0.2865908762252984,0.5959635989105527
2.0772021276594423,1.7515468959573264,0.0,30.351277179373735,1.0192380159038167e-05,1.3562510851079106,0.005000026092221955,0.2866179696302077,0.5952970802277942
2.0777021276594425,1.7521919770265963,0.0,30.326623511790167,1.0191301340810528e-05,1.3565445375793126,0.005000026106501953,0.28664506303511705,0.5946300788340375
2.0782021276594422,1.7528370580958657,0.0,30.3018912132898,1.0190228557234673e-05,1.3568379976982254,0.005000026120816576,0.28667215644002636,0.5939625108377591
2.078702127659442,1.753482139165135,0.0,30.277030949642963,1.0189161738220747e-05,1.3571314697317525,0.005000026135165809,0.28669924984493567,0.5932943664771633
2.079202127659442,1.754127220234405,0.0,30.2520510316844,1.0188100854833682e-05,1.3574249529770177,0.005000026149549517,0.28672634324984503,0.5926256472875532
2.0797021276594423,1.754772301303675,0.0,30.22695975766573,1.0187045878138403e-05,1.3577184467311445,0.0050000261639675594,0.28675343665475433,0.5919563548094942
2.080202127659442,1.7554173823729442,0.0,30.201765413131152,1.0185996779199843e-05,1.3580119502912558,0.005000026178419798,0.28678053005966364,0.5912864905888119
2.0807021276594417,1.7560624634422135,0.0,30.176476270703848,1.0184953529082928e-05,1.3583054629544755,0.005000026192906094,0.28680762346457295,0.5906160561765912
2.081202127659442,1.7567075445114835,0.0,30.151100589969754,1.0183916098852583e-05,1.3585989840179273,0.005000026207426309,0.2868347168694823,0.5899450531291782
2.081702127659442,1.7573526255807534,0.0,30.1256466173308,1.0182884459573741e-05,1.3588925127787344,0.005000026221980302,0.2868618102743916,0.5892734830081825
2.082202127659442,1.757997706650023,0.0,30.10012258589675,1.0181858582311328e-05,1.3591860485340201,0.005000026236567932,0.286888903679301,0.5886013473804736
2.0827021276594415,1.7586427877192923,0.0,30.074536715336205,1.0180838438130272e-05,1.359479590580908,0.00500002625118906,0.2869159970842103,0.5879286478181847
2.0832021276594417,1.7592878687885622,0.0,30.048897211800696,1.0179823998095502e-05,1.3597731382165221,0.005000026265843545,0.2869430904891196,0.5872553858987095
2.083702127659442,1.7599329498578322,0.0,30.02321226784244,1.0178815233271945e-05,1.3600666907379853,0.005000026280531246,0.28697018389402895,0.5865815632047069
2.0842021276594416,1.7605780309271015,0.0,29.99749006229135,1.017781211472453e-05,1.360360247442421,0.00500002629525202,0.28699727729893826,0.5859071813240979
2.0847021276594413,1.7612231119963708,0.0,29.97173876021887,1.0176814613518185e-05,1.360653807626953,0.005000026310005726,0.28702437070384756,0.5852322418500664
2.0852021276594415,1.7618681930656408,0.0,29.94596651287476,1.0175822700717838e-05,1.360947370588705,0.005000026324792223,0.2870514641087569,0.584556746381059
2.0857021276594416,1.7625132741349108,0.0,29.9201814576143,1.0174836347388418e-05,1.3612409356248,0.005000026339611365,0.28707855751366623,0.5838806965207879
2.0862021276594414,1.76315835520418,0.0,29.894391717894866,1.0173855524594854e-05,1.3615345020323615,0.005000026354463012,0.28710565091857554,0.5832040938782284
2.086702127659441,1.7638034362734494,0.0,29.868605403231864,1.0172880203402073e-05,1.3618280691085132,0.005000026369347019,0.2871327443234849,0.5825269400676181
2.0872021276594412,1.7644485173427193,0.0,29.842830609158824,1.0171910354875003e-05,1.3621216361503787,0.005000026384263244,0.2871598377283942,0.5818492367084589
2.0877021276594414,1.7650935984119893,0.0,29.817075417277398,1.0170945950078572e-05,1.3624152024550815,0.00500002639921154,0.28718693113330357,0.5811709854255176
2.088202127659441,1.7657386794812586,0.0,29.79134789521185,1.0169986960077708e-05,1.3627087673197444,0.005000026414191764,0.2872140245382129,0.580492187848825
2.088702127659441,1.7663837605505281,0.0,29.76565609665008,1.0169033355937341e-05,1.3630023300414917,0.005000026429203771,0.2872411179431222,0.5798128456136732
2.089202127659441,1.7670288416197981,0.0,29.740008061378386,1.0168085108722399e-05,1.3632958899174465,0.005000026444247416,0.2872682113480315,0.5791329603606203
2.089702127659441,1.7676739226890679,0.0,29.7144118153066,1.0167142189497807e-05,1.3635894462447324,0.0050000264593225525,0.28729530475294085,0.5784525337354873
2.090202127659441,1.7683190037583374,0.0,29.688875370507652,1.0166204569328496e-05,1.3638829983204728,0.0050000264744290345,0.28732239815785016,0.5777715673893585
2.0907021276594406,1.7689640848276067,0.0,29.66340672530919,1.0165272219279396e-05,1.364176545441791,0.0050000264895667165,0.28734949156275946,0.5770900629785818
2.091202127659441,1.7696091658968767,0.0,29.638013864341325,1.016434511041543e-05,1.364470086905811,0.005000026504735451,0.2873765849676688,0.5764080221647658
2.091702127659441,1.7702542469661466,0.0,29.61270475862616,1.0163423213801529e-05,1.364763622009656,0.00500002651993509,0.2874036783725782,0.5757254466147859
2.0922021276594407,1.770899328035416,0.0,29.587487365654344,1.0162506500502623e-05,1.3650571500504491,0.005000026535165487,0.28743077177748744,0.5750423380007776
2.0927021276594404,1.7715444091046852,0.0,29.562369629554627,1.0161594941583638e-05,1.3653506703253142,0.005000026550426493,0.2874578651823968,0.574358698000139
2.0932021276594406,1.7721894901739552,0.0,29.53735948110684,1.0160688508109503e-05,1.365644182131375,0.005000026565717961,0.2874849585873061,0.5736745282955291
2.0937021276594407,1.7728345712432252,0.0,29.512464837960685,1.0159787171145145e-05,1.3659376847657545,0.00500002658103974,0.28751205199221547,0.5729898305748702
2.0942021276594405,1.7734796523124945,0.0,29.487693604711673,1.0158890901755495e-05,1.3662311775255762,0.005000026596391683,0.2875391453971248,0.5723046065313453
2.09470212765944,1.774124733381764,0.0,29.463053673083717,1.0157999671005478e-05,1.3665246597079639,0.005000026611773639,0.2875662388020341,0.571618857863397
2.0952021276594404,1.774769814451034,0.0,29.438552922088448,1.0157113449960024e-05,1.366818130610041,0.005000026627185458,0.28759333220694344,0.5709325862747285
2.0957021276594405,1.7754148955203037,0.0,29.41419921816484,1.015623220968406e-05,1.3671115895289312,0.005000026642626991,0.28762042561185275,0.5702457934743034
2.0962021276594403,1.7760599765895733,0.0,29.390000415394596,1.0155355921242516e-05,1.3674050357617573,0.005000026658098086,0.28764751901676205,0.5695584811763452
2.09670212765944,1.7767050576588426,0.0,29.365964355677306,1.0154484555700319e-05,1.3676984686056433,0.005000026673598592,0.28767461242167136,0.5688706511003342
2.09720212765944,1.7773501387281125,0.0,29.342098868940425,1.0153618084122398e-05,1.3679918873577126,0.005000026689128357,0.2877017058265807,0.5681823049710095
2.0977021276594403,1.7779952197973825,0.0,29.31841177334322,1.015275647757368e-05,1.368285291315089,0.00500002670468723,0.2877287992314901,0.5674934445183677
2.09820212765944,1.7786403008666518,0.0,29.294910875508624,1.0151899707119094e-05,1.3685786797748951,0.005000026720275057,0.2877558926363994,0.5668040714776637
2.0987021276594398,1.7792853819359211,0.0,29.271603970766108,1.0151047743823567e-05,1.368872052034255,0.005000026735891686,0.2877829860413087,0.5661141875894066
2.09920212765944,1.779930463005191,0.0,29.248498843385036,1.015020055875203e-05,1.3691654073902924,0.005000026751536964,0.287810079446218,0.5654237945993605
2.09970212765944,1.780575544074461,0.0,29.225603266856417,1.0149358122969407e-05,1.3694587451401303,0.005000026767210738,0.28783717285112737,0.5647328942585467
2.10020212765944,1.7812206251437304,0.0,29.202925004110817,1.014852040754063e-05,1.3697520645808923,0.005000026782912852,0.28786426625603667,0.5640414883232387
2.1007021276594395,1.781865706213,0.0,29.180471807866173,1.0147687383530627e-05,1.3700453650097018,0.005000026798643153,0.287891359660946,0.5633495785549636
2.1012021276594397,1.7825107872822699,0.0,29.158251420867632,1.0146859022004322e-05,1.3703386457236828,0.005000026814401486,0.28791845306585534,0.5626571667204993
2.10170212765944,1.7831558683515396,0.0,29.13627157620629,1.0146035294026649e-05,1.3706319060199583,0.005000026830187695,0.28794554647076465,0.5619642545918775
2.1022021276594396,1.7837979600496232,0.0,29.099202427338444,1.0145216170662534e-05,1.370925145195652,0.005000026846001624,0.28797251432208415,0.5612708439463794
2.1027021276594393,1.784428146219839,0.0,29.004241612111983,1.014440162544532e-05,1.3712181119439768,0.005000026861825918,0.2879989821412332,0.5605775298620826
2.1032021276594395,1.7850458323900555,0.0,28.87485080791416,1.0143591646502269e-05,1.3715084890687346,0.00500002687750131,0.28802492496038234,0.5598898040493174
2.1037021276594396,1.785651018560272,0.0,28.723865113392463,1.0142786210902209e-05,1.3717951597424032,0.005000026892950748,0.28805034277953145,0.559210329056508
2.1042021276594394,1.786243704730488,0.0,28.557035453201156,1.0141985293231852e-05,1.372077628195369,0.0050000269081397625,0.2880752355986805,0.5585403016470303
2.104702127659439,1.786823890900704,0.0,28.376800591150275,1.0141188870651205e-05,1.3723556896816165,0.005000026923053869,0.2880996034178296,0.5578802307453052
2.1052021276594393,1.7873915770709203,0.0,28.192610861110985,1.0140396913300803e-05,1.3726285107341845,0.005000026937635266,0.28812344623697866,0.5572321204975248
2.1057021276594394,1.7879467632411368,0.0,28.00486025258721,1.0139609396916886e-05,1.3728960599706912,0.005000026951881322,0.2881467640561277,0.5565960728900978
2.106202127659439,1.7884894494113528,0.0,27.813939055054618,1.0138826297235694e-05,1.3731583060087558,0.005000026965789416,0.2881695568752768,0.5559721895939918
2.106702127659439,1.7890196355815686,0.0,27.62023360907349,1.0138047589993463e-05,1.3734152174659968,0.005000026979356925,0.2881918246944259,0.5553605719541528
2.107202127659439,1.7895373217517851,0.0,27.42412607928409,1.0137273250926431e-05,1.3736667629600334,0.005000026992581239,0.28821356751357496,0.5547613209788591
2.107702127659439,1.7900425079220015,0.0,27.225994249240692,1.0136503255770838e-05,1.3739129111084842,0.0050000270054597505,0.28823478533272406,0.554174537329014
2.108202127659439,1.7905351940922176,0.0,27.02621133804179,1.0135737580262922e-05,1.3741536305289679,0.005000027017989859,0.28825547815187313,0.5536003213073744
2.1087021276594387,1.7910153802624336,0.0,26.825145838832235,1.0134976200138921e-05,1.3743888898391032,0.005000027030168974,0.2882756459710222,0.5530387728477163
2.109202127659439,1.79148306643265,0.0,26.62316137913439,1.0134219091135074e-05,1.3746186576565094,0.005000027041994507,0.2882952887901713,0.5524899915039383
2.109702127659439,1.7919382526028664,0.0,26.420616602982456,1.0133466228987618e-05,1.3748429025988047,0.005000027053463878,0.2883144066093204,0.551954076439104
2.1102021276594387,1.7923809387730825,0.0,26.217865074934934,1.0132717589432793e-05,1.3750615932836083,0.005000027064574518,0.28833299942846946,0.551431126414417
2.1107021276594384,1.7928111249432985,0.0,26.01589839071373,1.0131973150238659e-05,1.375274638445144,0.005000027075319738,0.28835106724761855,0.550921383099064
2.1112021276594386,1.7932288111135148,0.0,25.81294059120108,1.0131232885512168e-05,1.375482204073853,0.0050000270857106,0.2883686100667676,0.5504244720148004
2.1117021276594388,1.7936339972837312,0.0,25.608894198514818,1.0130496772220214e-05,1.3756843012744728,0.005000027095747505,0.2883856278859167,0.5499403883160432
2.1122021276594385,1.7940266834539473,0.0,25.40379987109405,1.0129764787586861e-05,1.3758809283327715,0.005000027105429978,0.28840212070506577,0.549469157256677
2.112702127659438,1.7944068696241633,0.0,25.197698179286803,1.0129036908836172e-05,1.376072083534517,0.005000027114757554,0.28841808852421486,0.5490108035268088
2.1132021276594384,1.7947745557943797,0.0,24.99062959869583,1.0128313113192208e-05,1.3762577651654782,0.00500002712372978,0.2884335313433639,0.5485653512521681
2.1137021276594385,1.7951297419645962,0.0,24.78263450367489,1.0127593377879032e-05,1.3764379715114226,0.005000027132346208,0.28844844916251305,0.5481328239935123
2.1142021276594383,1.7954724281348122,0.0,24.573753160773638,1.0126877680120707e-05,1.3766127008581186,0.005000027140606405,0.2884628419816621,0.5477132447460245
2.114702127659438,1.7958026143050283,0.0,24.364025722398267,1.0126165997141298e-05,1.376781951491334,0.005000027148509943,0.2884767098008112,0.5473066359387183
2.115202127659438,1.7961203004752448,0.0,24.15349222036833,1.0125458306164863e-05,1.3769457216968375,0.005000027156056405,0.2884900526199603,0.5469130194338341
2.1157021276594383,1.7964254866454612,0.0,23.942098747850384,1.0124754585216967e-05,1.37710401886505,0.005000027163246021,0.2885028704391094,0.5465323946295535
2.116202127659438,1.7967181728156774,0.0,23.729380213170007,1.012405481249978e-05,1.377256890620636,0.00500002717008181,0.28851516325825843,0.5461646635180151
2.1167021276594378,1.7969983589858933,0.0,23.515270070757772,1.0123358963293542e-05,1.377404346441999,0.005000027176564153,0.2885269310774075,0.5458098191539784
2.117202127659438,1.7972660451561098,0.0,23.29951869861946,1.0122667016252843e-05,1.377546414025324,0.005000027182694716,0.2885381738965566,0.5454678101295238
2.117702127659438,1.7975212313263262,0.0,23.081882085612957,1.0121978950032273e-05,1.3776831210667955,0.005000027188475176,0.2885488917157057,0.545138584378968
2.118202127659438,1.7977639174965423,0.0,22.8621219977258,1.012129474328642e-05,1.3778144952625981,0.005000027193907222,0.2885590845348548,0.5448220891883553
2.1187021276594376,1.7979941036667584,0.0,22.640006161338892,1.0120614374669872e-05,1.377940564308917,0.005000027198992551,0.28856875235400387,0.5445182712049021
2.1192021276594377,1.798211789836975,0.0,22.41530846353069,1.011993782283722e-05,1.3780613559019368,0.005000027203732873,0.28857789517315297,0.5442270764463939
2.119702127659438,1.7984169760071913,0.0,22.187809169352633,1.011926506644305e-05,1.3781768977378421,0.005000027208129904,0.28858651299230204,0.5439484503105284
2.1202021276594376,1.7986096621774075,0.0,21.95729515615068,1.0118596084141955e-05,1.3782872175128176,0.005000027212185372,0.28859460581145113,0.5436823375842164
2.1207021276594373,1.7987898483476237,0.0,21.723560164849538,1.011793085458852e-05,1.3783923429230482,0.005000027215901016,0.2886021736306002,0.543428682452826
2.1212021276594375,1.79895753451784,0.0,21.486405068282835,1.0117269356437337e-05,1.3784923016647186,0.0050000272192785794,0.28860921644974924,0.5431874285093867
2.1217021276594377,1.7991127206880564,0.0,21.245637538862294,1.0116611568394569e-05,1.37858712149765,0.005000027222319825,0.28861573426889836,0.5429585186100881
2.1222021276594374,1.7992554068582725,0.0,21.00121018346611,1.0115957469818798e-05,1.3786768159641984,0.005000027225025538,0.28862172708804745,0.5427419293725019
2.122702127659437,1.7993855930284888,0.0,20.752792825242718,1.0115307039979239e-05,1.378761428585315,0.005000027227398594,0.2886271949071965,0.542537564464322
2.1232021276594373,1.7995032791987051,0.0,20.499843436949376,1.0114660258524427e-05,1.3788410263573738,0.005000027229443501,0.2886321377263456,0.5423452702439145
2.1237021276594374,1.7996084653689215,0.0,20.2418381717598,1.0114017105102904e-05,1.37891567627675,0.005000027231164778,0.2886365555454947,0.5421648924481288
2.124202127659437,1.7997011515391377,0.0,19.97827234931269,1.0113377559363209e-05,1.3789854453398178,0.005000027232566951,0.28864044836464375,0.5419962762135841
2.124702127659437,1.799781337709354,0.0,19.708648367798748,1.0112741600992942e-05,1.3790504019521093,0.005000027233654653,0.28864381618379287,0.5418392626911492
2.125202127659437,1.7998490238795704,0.0,19.43273861486395,1.0112109209876842e-05,1.379110587783432,0.005000027234430672,0.28864665900294195,0.5416937571125661
2.1257021276594372,1.7999042100497866,0.0,19.150244407676485,1.0111480365738562e-05,1.3791660539384787,0.005000027234898456,0.288648976822091,0.5415596413926107
2.126202127659437,1.799946896220003,0.0,18.860400501807742,1.0110855048903924e-05,1.3792169046536933,0.005000027235065148,0.28865076964124015,0.5414366684466572
2.1267021276594367,1.7999770823902193,0.0,18.562477440815687,1.0110233239698739e-05,1.3792632441655197,0.005000027234937889,0.2886520374603892,0.5413245906410886
2.127202127659437,1.7999947685604356,0.0,18.255784056500705,1.0109614918448823e-05,1.3793051767104025,0.005000027234523832,0.2886527802795383,0.5412231598236299
2.127659574468089,1.8000000000000043,0.0,17.96695564136608,1.010905225885508e-05,1.379339768909496,0.005000027233899881,0.28865300000000016,0.5411394761597265
